╔═══════════════╤═══════════════╗
║Name		│Aaron Brooks	║
╟───────────────┼───────────────╢
║Number		│0		║
╟───────────────┼───────────────╢
║Position	│G		║
╟───────────────┼───────────────╢
║Height		│6-0		║
╟───────────────┼───────────────╢
║Weight		│161		║
╟───────────────┼───────────────╢
║Birth		│JAN 14, 1985	║
╟───────────────┼───────────────╢
║Age		│29		║
╟───────────────┼───────────────╢
║Exp		│5		║
╟───────────────┼───────────────╢
║School		│Oregon		║
╚═══════════════╧═══════════════╝
Aaron Brooks;;19:32;1;8;1;5;2;2;1;1;2;1;0;0;2;4;5;
Aaron Brooks;;15:03;3;6;3;5;0;0;1;2;3;1;0;0;2;1;9;
Aaron Brooks;;27:07;5;9;3;5;0;2;1;2;3;1;0;0;2;5;13;
Aaron Brooks;;14:51;1;5;1;4;0;0;0;1;1;1;0;0;1;0;3;
Aaron Brooks;;15:07;0;2;0;1;2;2;0;0;0;3;0;0;0;1;2;
Aaron Brooks;;23:52;3;8;3;7;2;2;2;0;2;3;1;0;2;3;11;
Aaron Brooks;;25:15;3;6;2;4;2;2;0;0;0;4;1;0;1;2;10;
Aaron Brooks;;0:31;0;0;0;0;0;0;0;0;0;0;0;0;0;0;0;
Aaron Brooks;;4:43;0;1;0;1;0;0;0;2;2;0;0;0;0;0;0;
Aaron Brooks;;9:51;2;4;2;3;0;0;0;0;0;2;0;0;1;0;6;
Aaron Brooks;;22:19;3;9;2;5;0;0;1;1;2;1;0;1;2;2;8;
Aaron Brooks;;22:28;3;7;2;5;3;4;0;2;2;4;2;0;1;2;11;
Aaron Brooks;;10:40;0;2;0;0;0;0;0;0;0;0;0;1;1;2;0;
Aaron Brooks;;5:04;0;1;0;1;0;0;0;0;0;0;0;0;1;2;0;
Aaron Brooks;;27:49;7;11;1;2;2;2;0;1;1;1;0;1;1;2;17;
Aaron Brooks;G;31:55;3;12;2;5;1;2;2;0;2;8;2;0;5;4;9;
Aaron Brooks;G;29:54;7;15;0;2;0;0;2;3;5;6;0;0;2;2;14;
Aaron Brooks;G;35:58;4;8;3;5;2;2;0;2;2;3;1;1;4;5;13;
Aaron Brooks;G;25:23;3;11;0;3;0;0;0;3;3;2;0;0;0;3;6;
Aaron Brooks;;17:37;3;9;2;5;0;0;0;1;1;2;0;0;2;2;8;
Aaron Brooks;;17:02;2;6;0;2;0;0;0;2;2;4;4;0;0;1;4;
Aaron Brooks;;19:17;3;8;1;3;0;0;0;2;2;2;0;0;2;1;7;
Aaron Brooks;;22:26;4;9;2;4;5;5;2;1;3;4;1;0;0;1;15;
Aaron Brooks;;24:08;5;11;1;4;5;5;1;3;4;0;0;0;2;3;16;
Aaron Brooks;;20:29;3;8;2;3;1;2;0;3;3;7;1;0;3;2;9;
Aaron Brooks;;15:06;3;5;3;4;0;0;0;0;0;5;0;0;1;2;9;
Aaron Brooks;;25:34;3;9;1;4;0;0;0;3;3;7;2;2;1;1;7;
Aaron Brooks;;17:16;1;5;0;1;1;1;0;2;2;5;2;0;3;4;3;
Aaron Brooks;G;46:36;10;19;1;5;6;7;3;3;6;17;0;0;3;4;27;
Aaron Brooks;;21:09;3;7;0;3;0;0;1;0;1;2;0;0;1;1;6;
Aaron Brooks;;24:43;4;13;1;4;4;4;1;1;2;7;1;0;1;2;13;
Aaron Brooks;;27:39;1;8;0;3;3;4;0;1;1;3;0;0;5;2;5;
Aaron Brooks;;30:59;9;18;4;6;3;3;2;3;5;8;0;0;0;4;25;
Aaron Brooks;;29:35;2;5;1;2;3;4;0;0;0;3;1;0;1;2;8;
Aaron Brooks;;29:26;4;8;2;4;0;0;0;0;0;6;1;0;2;1;10;
Aaron Brooks;;29:45;9;12;6;8;0;0;0;3;3;1;2;2;1;3;24;
Aaron Brooks;G;40:21;5;13;1;4;0;0;1;3;4;2;0;0;4;2;11;
Aaron Brooks;G;47:03;11;24;2;7;0;0;2;6;8;15;3;0;7;5;24;
Aaron Brooks;G;36:50;5;15;1;6;2;2;0;5;5;7;2;1;3;4;13;
Aaron Brooks;G;39:28;3;14;0;3;2;2;1;1;2;7;1;0;2;0;8;
Aaron Brooks;G;40:38;3;13;0;3;2;2;1;2;3;5;1;0;1;1;8;
Aaron Brooks;G;41:30;6;12;3;6;4;4;1;3;4;5;2;0;9;2;19;
Aaron Brooks;G;25:29;3;10;2;5;0;0;0;1;1;6;0;0;0;4;8;
Aaron Brooks;;11:05;0;0;0;0;0;0;0;0;0;1;1;0;2;3;0;
Aaron Brooks;;22:57;3;8;2;5;5;5;1;1;2;2;0;0;1;0;13;
Aaron Brooks;;20:34;1;4;0;1;0;0;1;1;2;0;0;0;2;1;2;
Aaron Brooks;;17:31;3;5;0;0;3;4;0;4;4;0;1;1;0;2;9;
Aaron Brooks;;1:01;0;1;0;1;0;0;0;0;0;0;0;0;0;0;0;
Aaron Brooks;;4:23;0;1;0;1;0;0;0;0;0;0;0;0;0;1;0;
Aaron Brooks;;0:02;0;0;0;0;0;0;0;0;0;0;0;0;0;0;0;
Aaron Brooks;;0:60;0;0;0;0;0;0;0;0;0;0;0;0;0;0;0;
Aaron Brooks;;9:11;2;4;0;0;0;0;0;0;0;0;0;0;1;3;4;
Aaron Brooks;;24:36;10;14;6;7;0;0;1;3;4;5;2;0;4;0;26;
Aaron Brooks;;16:11;1;6;1;4;0;0;2;1;3;1;1;0;1;3;3;
Aaron Brooks;;27:29;7;12;4;6;3;3;0;2;2;4;2;0;3;4;21;
Aaron Brooks;;28:15;5;8;3;5;1;1;1;0;1;7;3;1;1;3;14;
Aaron Brooks;;15:52;1;8;0;3;1;2;0;2;2;4;3;0;4;3;3;
Aaron Brooks;;24:01;5;12;1;3;2;2;0;2;2;2;0;0;1;1;13;
Aaron Brooks;;33:27;7;18;3;5;0;0;2;2;4;6;3;0;2;3;17;
Aaron Brooks;;17:03;3;7;2;5;0;0;1;0;1;2;1;0;1;1;8;
Aaron Brooks;;13:17;1;4;0;2;0;0;0;1;1;1;0;0;3;1;2;
Aaron Brooks;;27:19;4;8;2;4;3;4;0;1;1;2;1;0;3;1;13;
Aaron Brooks;;17:38;1;6;0;1;0;0;1;2;3;4;1;0;0;3;2;
Aaron Brooks;;17:59;0;7;0;1;1;2;1;1;2;1;1;0;2;2;1;
Aaron Brooks;;34:26;4;10;1;4;1;1;0;2;2;7;0;0;1;4;10;
Aaron Brooks;;27:13;7;13;4;7;0;0;1;2;3;5;0;1;2;4;18;
Aaron Brooks;;14:08;2;5;2;3;0;0;1;0;1;0;0;0;0;2;6;
Aaron Brooks;;14:52;3;7;0;3;0;0;1;0;1;2;0;0;0;1;6;
Aaron Brooks;;20:09;3;8;1;5;2;2;1;0;1;1;0;0;1;2;9;
Aaron Brooks;;23:26;6;14;3;7;2;2;0;1;1;2;1;1;0;1;17;
Aaron Brooks;;14:38;1;5;0;3;2;2;2;0;2;3;0;0;0;3;4;
