╔═══════════════╤═══════════════╗
║Name		│Aaron Gray	║
╟───────────────┼───────────────╢
║Number		│33		║
╟───────────────┼───────────────╢
║Position	│C		║
╟───────────────┼───────────────╢
║Height		│7-0		║
╟───────────────┼───────────────╢
║Weight		│270		║
╟───────────────┼───────────────╢
║Birth		│DEC 07, 1984	║
╟───────────────┼───────────────╢
║Age		│29		║
╟───────────────┼───────────────╢
║Exp		│6		║
╟───────────────┼───────────────╢
║School		│Pittsburgh	║
╚═══════════════╧═══════════════╝
Aaron Gray;;2:58;0;0;0;0;0;0;1;0;1;0;0;0;1;2;0;
Aaron Gray;;1:15;0;0;0;0;0;0;0;0;0;0;0;0;0;1;0;
Aaron Gray;;5:05;0;1;0;0;0;0;0;1;1;1;0;0;0;0;0;
Aaron Gray;;5:17;0;0;0;0;0;0;0;2;2;0;0;0;1;3;0;
Aaron Gray;;10:24;1;2;0;0;1;4;0;3;3;0;1;0;1;3;3;
Aaron Gray;;2:12;2;2;0;0;0;0;0;1;1;0;0;0;0;2;4;
Aaron Gray;;12:02;0;0;0;0;0;0;0;2;2;0;0;0;2;2;0;
Aaron Gray;;11:16;1;1;0;0;0;0;0;1;1;0;0;0;1;1;2;
Aaron Gray;;2:18;0;1;0;0;2;2;1;2;3;0;0;0;0;0;2;
Aaron Gray;;11:47;0;3;0;0;0;2;0;2;2;1;1;0;0;1;0;
Aaron Gray;C;36:18;1;3;0;0;1;2;3;4;7;1;0;0;4;5;3;
Aaron Gray;C;25:08;3;4;0;0;0;0;3;5;8;5;2;0;3;2;6;
Aaron Gray;;6:23;0;3;0;0;0;0;2;1;3;0;0;0;1;3;0;
Aaron Gray;C;22:39;2;5;0;0;0;0;3;3;6;3;2;1;0;1;4;
Aaron Gray;C;22:34;2;2;0;0;0;0;1;2;3;2;0;3;1;1;4;
Aaron Gray;C;14:20;0;1;0;0;1;2;4;5;9;1;0;0;1;4;1;
Aaron Gray;;8:16;0;0;0;0;0;0;1;2;3;0;0;1;1;1;0;
Aaron Gray;;5:17;0;3;0;0;2;2;2;1;3;0;0;0;0;0;2;
Aaron Gray;;8:03;0;0;0;0;0;0;0;2;2;0;0;0;0;2;0;
Aaron Gray;;4:27;0;0;0;0;0;0;0;0;0;0;0;1;0;2;0;
Aaron Gray;;12:52;1;1;0;0;0;0;1;3;4;0;0;0;0;3;2;
Aaron Gray;C;19:21;2;3;0;0;0;0;0;4;4;1;1;1;1;2;4;
Aaron Gray;;1:11;0;0;0;0;0;0;0;0;0;0;0;0;0;0;0;
Aaron Gray;;4:22;1;2;0;0;2;2;2;1;3;0;1;0;0;0;4;
Aaron Gray;;1:54;1;1;0;0;0;0;0;1;1;0;0;0;0;2;2;
Aaron Gray;;4:28;0;0;0;0;0;0;1;1;2;0;0;0;0;0;0;
Aaron Gray;;7:49;1;2;0;0;0;0;0;2;2;1;0;0;0;0;2;
Aaron Gray;;26:02;3;8;0;0;0;0;6;7;13;2;2;0;4;5;6;
Aaron Gray;;6:03;2;2;0;0;0;0;1;1;2;1;0;0;0;1;4;
Aaron Gray;;6:16;0;1;0;0;0;0;1;1;2;2;0;0;3;3;0;
Aaron Gray;;0:01;0;0;0;0;0;0;0;0;0;0;0;0;0;0;0;
Aaron Gray;;7:28;0;0;0;0;1;2;1;3;4;0;0;0;1;3;1;
Aaron Gray;;13:11;3;6;0;0;1;2;6;3;9;0;0;0;1;1;7;
Aaron Gray;;5:54;0;0;0;0;0;0;0;0;0;0;0;0;1;4;0;
Aaron Gray;;5:16;1;3;0;1;0;0;0;1;1;0;0;1;1;1;2;
Aaron Gray;;5:57;0;1;0;0;0;0;2;0;2;1;0;0;1;1;0;
Aaron Gray;;8:17;0;0;0;0;0;0;0;2;2;0;0;0;1;2;0;
