╔═══════════════╤═══════════════════════╗
║Name		│Al Harrington		║
╟───────────────┼───────────────────────╢
║Number		│7			║
╟───────────────┼───────────────────────╢
║Position	│F			║
╟───────────────┼───────────────────────╢
║Height		│6-9			║
╟───────────────┼───────────────────────╢
║Weight		│245			║
╟───────────────┼───────────────────────╢
║Birth		│FEB 17, 1980		║
╟───────────────┼───────────────────────╢
║Age		│34			║
╟───────────────┼───────────────────────╢
║Exp		│15			║
╟───────────────┼───────────────────────╢
║School		│St. Patrick's HS (NJ)	║
╚═══════════════╧═══════════════════════╝
Al Harrington;;0:33;0;0;0;0;0;0;0;0;0;0;0;0;0;0;0;
Al Harrington;;7:18;2;7;1;3;0;0;1;1;2;1;0;0;0;1;5;
Al Harrington;;13:36;3;7;1;3;0;0;0;2;2;2;1;0;1;2;7;
Al Harrington;;15:39;4;9;0;4;0;0;0;1;1;1;1;0;1;4;8;
Al Harrington;;6:56;1;3;0;1;1;2;0;2;2;0;0;0;3;3;3;
Al Harrington;;11:36;2;5;0;2;2;2;0;3;3;0;0;0;1;3;6;
Al Harrington;;21:13;4;8;0;1;0;0;0;4;4;3;0;0;1;2;8;
Al Harrington;;18:02;2;7;1;4;0;0;0;4;4;1;1;0;2;3;5;
Al Harrington;;19:24;1;5;1;3;0;0;2;0;2;3;0;0;1;1;3;
Al Harrington;;14:53;3;6;2;4;0;0;0;2;2;1;1;0;0;3;8;
Al Harrington;;8:10;1;2;0;1;0;0;0;1;1;0;0;0;1;1;2;
Al Harrington;;20:32;3;7;0;2;0;0;2;2;4;2;1;0;0;3;6;
Al Harrington;;14:12;1;3;1;2;3;4;1;0;1;0;0;0;1;2;6;
Al Harrington;;6:23;0;5;0;2;0;0;2;2;4;0;0;0;1;2;0;
Al Harrington;;25:56;5;12;2;6;3;4;2;1;3;0;0;0;1;1;15;
Al Harrington;;18:20;1;4;0;2;4;4;1;5;6;0;0;0;2;2;6;
Al Harrington;;8:47;0;2;0;2;0;0;0;2;2;3;0;0;1;2;0;
Al Harrington;;22:05;5;10;1;3;1;1;1;0;1;1;0;0;0;1;12;
Al Harrington;;14:60;2;7;1;3;0;0;0;1;1;0;0;0;0;3;5;
Al Harrington;;20:38;4;5;2;3;1;3;0;5;5;0;1;0;1;3;11;
Al Harrington;;15:40;4;6;2;4;2;2;0;2;2;1;1;0;3;5;12;
Al Harrington;;6:38;0;2;0;0;0;0;0;0;0;0;0;0;1;0;0;
Al Harrington;;4:54;0;2;0;1;0;0;0;1;1;1;1;0;0;2;0;
Al Harrington;;16:59;3;7;0;2;3;4;2;7;9;0;1;0;1;0;9;
Al Harrington;;18:54;4;11;2;6;2;2;0;3;3;0;0;0;0;2;12;
Al Harrington;;17:29;6;8;4;6;0;0;0;4;4;1;1;0;1;3;16;
Al Harrington;;11:46;2;5;1;2;0;0;1;0;1;0;0;0;1;2;5;
Al Harrington;;18:24;1;4;0;1;2;2;0;0;0;1;0;0;2;4;4;
Al Harrington;;15:53;2;4;1;3;2;2;0;3;3;1;3;0;1;1;7;
Al Harrington;;12:18;0;6;0;3;0;0;0;0;0;1;0;0;0;2;0;
Al Harrington;;16:53;4;9;2;4;0;1;0;2;2;1;0;0;2;2;10;
Al Harrington;;24:54;5;11;4;6;1;2;0;2;2;1;0;0;2;2;15;
Al Harrington;;22:21;4;10;3;6;0;0;0;1;1;2;0;0;2;2;11;
Al Harrington;;19:05;3;8;2;5;0;0;0;2;2;0;1;0;0;3;8;
