╔═══════════════╤═══════════════╗
║Name		│Al Horford	║
╟───────────────┼───────────────╢
║Number		│15		║
╟───────────────┼───────────────╢
║Position	│C-F		║
╟───────────────┼───────────────╢
║Height		│6-10		║
╟───────────────┼───────────────╢
║Weight		│250		║
╟───────────────┼───────────────╢
║Birth		│JUN 03, 1986	║
╟───────────────┼───────────────╢
║Age		│28		║
╟───────────────┼───────────────╢
║Exp		│6		║
╟───────────────┼───────────────╢
║School		│Florida	║
╚═══════════════╧═══════════════╝
Al Horford;C;31:59;5;12;0;0;1;2;1;4;5;3;5;4;3;1;11;
Al Horford;C;35:13;9;14;0;0;4;8;3;13;16;1;0;1;2;2;22;
Al Horford;C;33:37;5;12;0;0;2;4;3;13;16;2;2;1;4;4;12;
Al Horford;C;35:16;11;19;1;1;4;6;5;5;10;1;3;2;2;3;27;
Al Horford;C;35:07;10;21;0;1;1;1;3;6;9;5;1;4;4;2;21;
Al Horford;C;29:45;7;14;0;0;1;2;1;6;7;7;1;4;0;3;15;
Al Horford;C;31:04;9;15;0;1;6;7;0;5;5;5;1;0;4;3;24;
Al Horford;C;35:04;11;14;0;0;1;2;1;4;5;0;0;0;1;0;23;
Al Horford;F;34:41;8;15;0;0;4;4;1;7;8;3;1;3;2;0;20;
Al Horford;C;29:30;6;10;0;0;0;0;1;1;2;2;0;1;1;1;12;
Al Horford;F;25:33;5;9;0;0;2;4;3;4;7;2;0;0;7;1;12;
Al Horford;C;31:43;5;7;0;0;0;0;2;6;8;2;1;5;2;1;10;
Al Horford;C;32:36;7;14;0;0;3;6;3;8;11;3;1;0;3;0;17;
Al Horford;C;34:08;9;19;0;0;0;0;1;6;7;0;0;1;0;4;18;
Al Horford;C;27:53;7;10;0;1;1;2;0;5;5;3;0;2;1;2;15;
Al Horford;C;32:33;7;14;0;1;0;0;1;7;8;2;2;2;2;2;14;
Al Horford;C;37:28;7;13;0;0;3;4;4;8;12;2;1;1;6;4;17;
Al Horford;C;33:47;7;13;0;0;2;2;0;3;3;0;0;2;0;1;16;
Al Horford;C;35:14;9;16;0;0;0;0;2;5;7;3;2;0;0;0;18;
Al Horford;C;33:45;8;17;0;1;5;8;3;6;9;2;0;0;1;2;21;
Al Horford;C;31:14;10;19;0;1;2;2;3;6;9;4;2;2;2;1;22;
Al Horford;C;33:00;3;10;0;0;1;2;3;7;10;2;0;1;2;5;7;
Al Horford;C;41:00;15;23;0;0;4;5;6;9;15;2;2;0;2;0;34;
Al Horford;C;33:55;7;9;1;1;2;2;1;5;6;2;0;0;3;2;17;
Al Horford;C;32:40;9;17;0;1;1;1;5;6;11;5;0;1;2;2;19;
Al Horford;C;30:52;12;19;0;0;1;2;3;7;10;5;1;4;4;3;25;
Al Horford;C;22:38;11;15;0;0;1;3;1;3;4;1;0;0;1;2;23;
Al Horford;C;40:16;8;13;1;1;4;4;3;8;11;3;1;1;2;3;21;
Al Horford;C;36:13;11;17;1;1;2;2;3;5;8;4;0;2;1;2;25;
