╔═══════════════╤═══════════════════════╗
║Name		│Al Jefferson		║
╟───────────────┼───────────────────────╢
║Number		│25			║
╟───────────────┼───────────────────────╢
║Position	│C			║
╟───────────────┼───────────────────────╢
║Height		│6-10			║
╟───────────────┼───────────────────────╢
║Weight		│289			║
╟───────────────┼───────────────────────╢
║Birth		│JAN 04, 1985		║
╟───────────────┼───────────────────────╢
║Age		│29			║
╟───────────────┼───────────────────────╢
║Exp		│9			║
╟───────────────┼───────────────────────╢
║School		│Prentiss HS (MS)	║
╚═══════════════╧═══════════════════════╝
Al Jefferson;C;30:00;7;15;0;0;0;0;1;11;12;4;1;0;3;0;14;
Al Jefferson;C;28:48;9;17;0;0;1;2;2;3;5;1;0;1;1;2;19;
Al Jefferson;C;38:31;11;21;0;0;5;7;1;8;9;2;2;1;2;4;27;
Al Jefferson;C;34:32;3;9;0;0;0;0;1;9;10;4;0;0;1;2;6;
Al Jefferson;C;27:53;3;9;0;0;2;2;1;6;7;2;0;1;2;3;8;
Al Jefferson;C;38:55;10;22;0;0;0;0;1;10;11;1;0;1;1;2;20;
Al Jefferson;C;38:36;14;20;0;0;7;8;2;6;8;2;1;1;1;3;35;
Al Jefferson;C;38:20;11;20;0;0;2;3;1;7;8;4;2;1;1;2;24;
Al Jefferson;C;36:19;13;17;0;0;4;4;1;15;16;2;3;1;1;3;30;
Al Jefferson;C;43:16;10;23;0;0;2;6;0;14;14;3;1;1;1;4;22;
Al Jefferson;C;37:32;9;18;0;0;4;4;1;18;19;7;0;2;2;1;22;
Al Jefferson;C;35:44;12;23;0;0;0;2;3;7;10;1;1;1;4;1;24;
Al Jefferson;C;30:45;11;19;0;1;3;4;1;8;9;2;0;0;1;0;25;
Al Jefferson;C;37:39;15;26;1;1;1;2;3;10;13;1;0;3;3;2;32;
Al Jefferson;C;32:15;13;24;0;0;9;12;0;11;11;2;0;2;4;4;35;
Al Jefferson;C;38:44;18;32;0;0;4;6;2;16;18;4;3;0;2;3;40;
Al Jefferson;C;27:07;4;15;0;0;2;4;2;4;6;1;1;1;2;2;10;
Al Jefferson;C;39:23;12;22;0;0;6;10;2;11;13;3;2;0;2;3;30;
Al Jefferson;C;38:11;12;21;0;0;2;2;3;6;9;3;4;3;3;3;26;
Al Jefferson;C;33:57;14;23;0;1;2;3;0;8;8;2;0;2;1;0;30;
Al Jefferson;C;28:01;5;13;0;0;2;3;0;10;10;1;0;0;2;3;12;
Al Jefferson;C;37:56;15;28;0;0;2;3;0;12;12;7;1;0;1;2;32;
Al Jefferson;C;31:44;12;20;0;0;5;8;1;7;8;1;0;1;2;2;29;
Al Jefferson;C;34:04;14;30;0;0;5;6;3;7;10;1;0;2;4;3;33;
Al Jefferson;C;30:57;2;13;0;0;2;2;0;9;9;1;0;0;2;3;6;
Al Jefferson;C;34:56;10;21;0;0;0;0;3;4;7;1;2;0;3;3;20;
Al Jefferson;C;35:55;10;16;0;0;5;8;0;7;7;3;2;1;1;3;25;
Al Jefferson;C;37:28;18;24;0;0;2;4;4;15;19;1;1;0;1;4;38;
Al Jefferson;C;35:50;16;25;1;1;1;2;2;6;8;3;1;1;1;3;34;
Al Jefferson;C;38:57;12;18;0;0;4;4;1;6;7;2;1;3;4;1;28;
Al Jefferson;C;26:38;7;17;0;0;3;4;1;6;7;1;0;0;0;2;17;
Al Jefferson;C;39:14;12;23;0;0;2;6;2;11;13;4;3;1;3;3;26;
Al Jefferson;C;36:22;13;20;0;0;0;0;0;10;10;1;0;1;2;2;26;
Al Jefferson;C;38:11;12;26;0;1;1;1;4;12;16;1;0;1;3;2;25;
Al Jefferson;C;36:52;10;17;0;0;0;0;0;7;7;2;2;2;6;1;20;
Al Jefferson;C;38:35;6;15;0;1;4;4;3;9;12;3;1;0;0;0;16;
Al Jefferson;C;37:02;8;19;0;0;2;3;2;10;12;3;0;0;5;2;18;
Al Jefferson;C;28:41;13;22;0;1;2;2;1;6;7;6;0;2;1;2;28;
Al Jefferson;C;42:04;8;17;0;1;4;6;2;9;11;2;1;1;2;4;20;
Al Jefferson;C;41:10;15;27;0;0;5;7;3;12;15;1;0;0;1;2;35;
Al Jefferson;C;41:36;10;16;0;1;0;0;2;6;8;2;4;0;1;4;20;
Al Jefferson;C;40:03;8;19;0;0;3;3;3;8;11;0;0;2;0;3;19;
Al Jefferson;C;30:35;9;17;0;0;7;10;1;9;10;0;0;0;1;0;25;
Al Jefferson;C;36:45;13;24;0;1;3;3;4;12;16;0;0;1;2;1;29;
Al Jefferson;C;40:56;9;21;0;0;6;8;3;12;15;4;1;2;2;2;24;
Al Jefferson;C;42:48;9;20;0;0;2;2;5;13;18;2;1;0;3;2;20;
Al Jefferson;C;39:20;16;26;0;0;0;0;2;8;10;4;1;0;3;2;32;
Al Jefferson;C;36:02;13;19;0;0;3;5;2;10;12;3;0;2;3;3;29;
Al Jefferson;C;34:46;11;17;0;1;5;7;4;11;15;1;1;0;2;4;27;
Al Jefferson;C;41:42;4;14;0;1;2;4;6;12;18;3;1;2;2;1;10;
Al Jefferson;C;30:23;6;19;0;0;1;2;4;4;8;1;0;2;0;2;13;
Al Jefferson;C;27:39;5;11;0;0;0;0;1;6;7;3;1;0;0;3;10;
Al Jefferson;C;32:59;8;17;0;0;6;6;2;9;11;3;0;2;1;3;22;
Al Jefferson;C;24:56;3;6;0;0;3;5;2;4;6;3;2;3;3;4;9;
Al Jefferson;C;25:19;8;15;0;0;3;5;3;4;7;2;2;1;2;2;19;
Al Jefferson;C;32:52;6;14;0;0;2;2;1;2;3;1;0;2;2;1;14;
Al Jefferson;C;32:28;7;15;0;0;2;4;3;6;9;2;0;3;3;2;16;
Al Jefferson;C;25:35;11;18;0;0;1;3;6;6;12;3;1;0;0;5;23;
Al Jefferson;C;38:06;7;14;0;0;2;3;3;10;13;0;3;0;0;4;16;
Al Jefferson;C;38:20;6;10;0;0;7;10;2;10;12;2;0;3;2;2;19;
Al Jefferson;C;32:26;6;21;0;0;2;3;6;6;12;2;1;2;1;3;14;
Al Jefferson;C;34:47;5;16;0;0;1;2;1;8;9;1;1;1;0;4;11;
Al Jefferson;C;34:10;4;10;0;0;2;2;3;8;11;1;1;1;1;1;10;
Al Jefferson;C;27:40;9;18;0;0;3;4;3;6;9;2;0;2;0;2;21;
Al Jefferson;C;33:56;7;18;0;0;0;0;3;6;9;4;1;2;0;1;14;
Al Jefferson;C;28:08;5;13;0;0;0;1;1;8;9;1;3;0;1;6;10;
Al Jefferson;C;39:31;9;18;0;0;6;10;0;11;11;2;0;0;1;4;24;
Al Jefferson;C;33:25;11;24;0;0;2;3;4;10;14;2;2;1;1;3;24;
Al Jefferson;C;30:58;9;19;0;1;1;3;6;5;11;1;0;3;0;1;19;
Al Jefferson;C;39:14;12;23;0;0;2;3;2;7;9;1;0;1;0;3;26;
Al Jefferson;C;34:32;7;16;0;0;2;2;2;9;11;0;0;1;0;2;16;
Al Jefferson;C;38:34;10;18;0;0;4;6;4;19;23;1;1;0;3;4;24;
Al Jefferson;C;35:40;8;23;1;2;1;2;2;8;10;2;3;2;2;1;18;
