╔═══════════════╤═══════════════╗
║Name		│Al-Farouq Aminu║
╟───────────────┼───────────────╢
║Number		│0		║
╟───────────────┼───────────────╢
║Position	│F		║
╟───────────────┼───────────────╢
║Height		│6-9		║
╟───────────────┼───────────────╢
║Weight		│215		║
╟───────────────┼───────────────╢
║Birth		│SEP 21, 1990	║
╟───────────────┼───────────────╢
║Age		│23		║
╟───────────────┼───────────────╢
║Exp		│3		║
╟───────────────┼───────────────╢
║School		│Wake Forest	║
╚═══════════════╧═══════════════╝
Al-Farouq Aminu;F;13:40;2;6;0;1;0;0;1;1;2;2;1;0;1;1;4;
Al-Farouq Aminu;F;23:04;2;8;0;1;0;0;0;7;7;1;0;0;0;1;4;
Al-Farouq Aminu;F;28:29;4;8;0;1;0;0;0;4;4;3;1;1;3;4;8;
Al-Farouq Aminu;F;31:12;3;5;0;0;0;2;0;5;5;2;3;2;1;2;6;
Al-Farouq Aminu;F;29:28;2;5;0;0;0;0;1;4;5;2;0;3;1;2;4;
Al-Farouq Aminu;F;24:59;1;8;0;0;2;2;2;3;5;2;1;2;3;1;4;
Al-Farouq Aminu;F;35:42;6;9;0;0;3;3;1;10;11;2;0;0;4;3;15;
Al-Farouq Aminu;F;37:01;3;10;0;0;2;2;2;11;13;1;0;0;2;2;8;
Al-Farouq Aminu;F;21:08;1;5;1;2;4;4;1;7;8;2;1;1;3;2;7;
Al-Farouq Aminu;F;33:07;5;12;0;0;2;4;4;5;9;1;0;1;0;1;12;
Al-Farouq Aminu;F;25:09;1;5;0;1;1;2;0;3;3;2;0;0;1;0;3;
Al-Farouq Aminu;F;25:17;3;5;1;1;2;3;1;3;4;0;1;0;1;4;9;
Al-Farouq Aminu;F;25:58;5;8;0;2;0;0;1;3;4;1;2;0;1;4;10;
Al-Farouq Aminu;F;29:33;2;4;0;0;3;4;4;5;9;1;1;0;1;2;7;
Al-Farouq Aminu;F;28:57;6;10;0;0;0;0;1;2;3;1;0;0;1;0;12;
Al-Farouq Aminu;F;36:29;8;13;0;2;2;2;4;8;12;1;1;1;2;3;18;
Al-Farouq Aminu;F;28:13;3;4;1;1;0;0;1;3;4;2;1;0;1;2;7;
Al-Farouq Aminu;F;34:24;3;7;0;2;0;0;1;5;6;0;0;0;1;1;6;
Al-Farouq Aminu;F;33:42;3;11;0;0;0;0;1;7;8;2;1;0;2;1;6;
Al-Farouq Aminu;F;23:14;1;5;0;0;0;0;0;5;5;2;2;0;1;6;2;
Al-Farouq Aminu;F;30:02;2;7;0;0;3;4;1;5;6;4;2;0;0;2;7;
Al-Farouq Aminu;F;19:15;1;3;0;1;1;2;2;3;5;0;0;0;1;1;3;
Al-Farouq Aminu;F;29:06;5;7;0;0;0;0;2;5;7;2;3;1;1;2;10;
Al-Farouq Aminu;F;31:41;1;4;0;0;1;2;1;6;7;3;2;0;1;3;3;
Al-Farouq Aminu;F;29:24;4;6;1;1;0;0;1;3;4;1;1;0;0;5;9;
Al-Farouq Aminu;F;20:24;2;5;1;1;0;0;0;0;0;1;1;0;1;1;5;
Al-Farouq Aminu;F;20:35;4;9;1;2;3;3;3;1;4;2;0;0;1;2;12;
Al-Farouq Aminu;F;17:36;2;4;0;1;0;2;0;2;2;2;0;0;2;2;4;
Al-Farouq Aminu;;12:32;2;4;0;0;3;4;3;1;4;0;0;0;0;1;7;
Al-Farouq Aminu;;11:02;0;0;0;0;2;2;0;2;2;0;1;0;1;3;2;
Al-Farouq Aminu;;15:07;2;3;0;1;0;0;1;1;2;1;2;0;0;2;4;
Al-Farouq Aminu;;17:09;3;7;1;3;0;0;1;4;5;2;1;1;2;2;7;
Al-Farouq Aminu;;17:26;3;8;0;1;3;5;3;5;8;0;0;2;1;1;9;
Al-Farouq Aminu;F;25:23;4;8;0;0;0;0;1;7;8;0;3;0;3;3;8;
Al-Farouq Aminu;F;32:21;4;4;0;0;0;0;1;7;8;2;1;1;0;3;8;
Al-Farouq Aminu;;22:05;3;5;0;0;0;0;0;2;2;0;0;0;1;2;6;
Al-Farouq Aminu;;32:53;7;8;1;1;4;6;2;8;10;0;0;1;2;4;19;
Al-Farouq Aminu;;22:09;1;3;0;1;2;2;1;4;5;1;2;0;0;2;4;
Al-Farouq Aminu;F;45:03;5;8;0;2;2;2;1;7;8;2;1;0;1;3;12;
Al-Farouq Aminu;F;29:09;0;5;0;0;3;4;1;4;5;3;1;0;1;2;3;
Al-Farouq Aminu;F;30:05;4;7;0;0;0;0;3;7;10;6;1;2;1;0;8;
Al-Farouq Aminu;F;33:09;5;10;0;0;3;4;3;5;8;1;0;0;1;2;13;
Al-Farouq Aminu;F;33:46;3;5;0;1;2;3;1;9;10;1;3;0;0;0;8;
Al-Farouq Aminu;F;19:09;1;1;0;0;2;2;0;2;2;0;3;0;0;2;4;
Al-Farouq Aminu;F;21:05;0;3;0;0;5;10;2;5;7;1;0;0;1;2;5;
Al-Farouq Aminu;;25:39;3;6;0;0;0;0;1;4;5;0;0;1;0;1;6;
Al-Farouq Aminu;;20:50;2;4;0;0;0;0;2;7;9;3;0;0;1;2;4;
Al-Farouq Aminu;F;21:37;2;8;1;1;0;0;2;3;5;1;1;0;4;1;5;
Al-Farouq Aminu;;14:49;1;2;0;1;0;0;0;0;0;1;0;0;2;1;2;
Al-Farouq Aminu;;28:07;1;6;0;1;6;6;1;1;2;1;0;1;0;1;8;
Al-Farouq Aminu;;20:42;1;4;0;1;0;0;5;3;8;1;0;0;2;2;2;
Al-Farouq Aminu;;17:25;3;5;0;0;0;0;2;4;6;0;0;0;0;0;6;
Al-Farouq Aminu;F;23:13;0;2;0;1;1;2;0;4;4;2;2;0;1;5;1;
Al-Farouq Aminu;F;17:22;2;4;0;0;0;0;1;2;3;3;0;0;2;1;4;
Al-Farouq Aminu;F;22:14;2;4;0;0;3;4;2;5;7;2;1;0;0;1;7;
Al-Farouq Aminu;F;27:17;4;6;0;0;0;0;2;4;6;2;2;1;0;1;8;
Al-Farouq Aminu;F;23:49;4;7;0;1;1;2;3;4;7;1;1;0;1;0;9;
Al-Farouq Aminu;F;18:30;1;4;0;0;0;0;1;1;2;1;0;0;0;3;2;
Al-Farouq Aminu;F;25:30;3;6;0;1;2;2;2;6;8;0;0;0;2;3;8;
Al-Farouq Aminu;F;17:33;3;5;0;0;0;0;1;4;5;1;0;0;1;0;6;
Al-Farouq Aminu;F;21:28;0;5;0;0;0;0;0;2;2;1;2;1;0;1;0;
Al-Farouq Aminu;F;18:18;4;5;0;0;2;4;3;3;6;1;0;1;2;0;10;
Al-Farouq Aminu;F;27:59;2;5;0;0;0;2;2;6;8;4;2;1;0;2;4;
Al-Farouq Aminu;F;15:54;1;4;0;0;2;4;3;3;6;0;1;0;0;1;4;
Al-Farouq Aminu;F;11:26;1;1;0;0;0;2;0;1;1;2;4;0;1;0;2;
Al-Farouq Aminu;F;24:47;2;3;0;0;0;0;2;7;9;1;0;1;1;0;4;
Al-Farouq Aminu;;15:15;2;3;0;0;1;1;2;3;5;1;2;1;1;1;5;
Al-Farouq Aminu;F;30:36;3;6;0;0;1;4;5;3;8;1;2;0;0;5;7;
Al-Farouq Aminu;F;33:34;8;17;0;1;0;0;4;16;20;1;3;0;3;1;16;
Al-Farouq Aminu;F;35:26;3;14;0;1;1;2;5;5;10;3;0;0;2;3;7;
Al-Farouq Aminu;F;42:43;4;10;0;1;3;4;6;8;14;4;1;2;1;2;11;
Al-Farouq Aminu;F;32:09;4;8;0;1;2;2;0;5;5;1;0;3;0;0;10;
Al-Farouq Aminu;F;26:00;4;5;0;0;1;4;1;4;5;1;2;2;1;3;9;
Al-Farouq Aminu;F;26:39;4;7;0;0;2;2;2;6;8;2;2;1;1;0;10;
Al-Farouq Aminu;F;15:12;3;6;0;0;0;0;2;3;5;0;0;0;2;4;6;
Al-Farouq Aminu;F;20:43;2;2;0;0;1;1;0;8;8;0;1;0;0;0;5;
Al-Farouq Aminu;F;26:06;6;8;1;2;0;1;3;5;8;1;3;1;2;1;13;
Al-Farouq Aminu;F;30:45;5;8;0;0;1;2;2;6;8;4;1;0;1;2;11;
Al-Farouq Aminu;F;29:57;5;10;2;3;0;0;0;1;1;2;2;1;1;2;12;
Al-Farouq Aminu;F;39:31;4;8;0;1;1;1;2;13;15;0;2;1;0;3;9;
