╔═══════════════╤═══════════════╗
║Name		│Alan Anderson	║
╟───────────────┼───────────────╢
║Number		│6		║
╟───────────────┼───────────────╢
║Position	│F-G		║
╟───────────────┼───────────────╢
║Height		│6-6		║
╟───────────────┼───────────────╢
║Weight		│220		║
╟───────────────┼───────────────╢
║Birth		│OCT 16, 1982	║
╟───────────────┼───────────────╢
║Age		│31		║
╟───────────────┼───────────────╢
║Exp		│4		║
╟───────────────┼───────────────╢
║School		│Michigan State	║
╚═══════════════╧═══════════════╝
Alan Anderson;;22:15;3;6;0;1;7;9;0;2;2;1;2;0;0;3;13;
Alan Anderson;;23:17;1;6;1;3;0;0;0;3;3;3;0;0;1;3;3;
Alan Anderson;F;32:12;4;12;2;5;4;6;2;3;5;1;1;0;1;3;14;
Alan Anderson;G;23:31;1;5;0;3;0;0;1;0;1;0;0;0;2;1;2;
Alan Anderson;G;29:55;1;5;0;3;0;0;0;1;1;2;0;0;0;3;2;
Alan Anderson;G;31:18;3;8;3;6;4;4;2;3;5;0;0;3;3;3;13;
Alan Anderson;G;27:02;5;9;4;6;1;1;0;1;1;4;1;1;3;5;15;
Alan Anderson;G;23:16;4;11;3;8;4;4;0;3;3;3;1;1;2;4;15;
Alan Anderson;G;22:07;3;6;1;4;0;0;0;1;1;1;1;0;1;2;7;
Alan Anderson;G;10:23;0;5;0;4;2;2;0;0;0;0;0;0;0;2;2;
Alan Anderson;G;22:05;4;10;3;7;0;0;0;1;1;0;0;0;0;2;11;
Alan Anderson;G;28:06;2;5;1;3;0;0;0;3;3;1;1;0;1;0;5;
Alan Anderson;G;22:21;2;5;1;4;0;0;1;0;1;1;1;0;0;3;5;
Alan Anderson;;18:40;3;5;1;3;0;0;0;0;0;0;0;0;2;2;7;
Alan Anderson;F;31:15;1;8;0;4;3;4;0;3;3;0;1;0;3;1;5;
Alan Anderson;;30:18;9;15;2;3;2;2;1;1;2;1;0;0;1;1;22;
Alan Anderson;;31:28;1;8;0;4;2;2;2;2;4;3;2;1;1;2;4;
Alan Anderson;;27:49;5;9;1;4;2;2;0;0;0;3;0;0;4;4;13;
Alan Anderson;;22:48;1;4;0;2;0;0;0;1;1;2;0;0;1;0;2;
Alan Anderson;;13:39;2;5;2;3;0;0;0;1;1;1;0;0;0;1;6;
Alan Anderson;;9:51;0;2;0;1;0;0;0;0;0;0;0;0;0;2;0;
Alan Anderson;;16:11;2;6;1;4;1;1;0;0;0;1;0;0;0;1;6;
Alan Anderson;;21:30;2;2;2;2;2;2;0;1;1;1;0;0;1;2;8;
Alan Anderson;;23:31;2;6;0;2;0;0;1;1;2;3;1;0;2;0;4;
Alan Anderson;;12:00;2;6;2;5;0;1;0;1;1;1;1;0;1;1;6;
Alan Anderson;;7:24;0;2;0;1;0;0;0;0;0;2;0;0;0;2;0;
Alan Anderson;;2:57;1;2;0;0;0;0;1;0;1;0;0;0;0;0;2;
Alan Anderson;;10:03;0;3;0;0;2;2;0;0;0;0;0;0;1;1;2;
Alan Anderson;;3:32;0;1;0;1;0;0;0;0;0;0;0;0;1;1;0;
Alan Anderson;;24:04;4;10;3;6;0;0;0;4;4;0;1;0;0;1;11;
Alan Anderson;;24:18;2;3;1;1;6;8;0;3;3;1;0;0;0;2;11;
Alan Anderson;;13:40;1;4;1;3;0;0;0;2;2;0;1;0;0;3;3;
Alan Anderson;;14:34;1;2;0;0;0;0;0;0;0;1;0;0;0;2;2;
Alan Anderson;;18:31;2;6;1;4;2;2;0;0;0;0;1;0;1;2;7;
Alan Anderson;;15:17;0;1;0;1;0;0;1;1;2;1;0;0;0;2;0;
Alan Anderson;;17:05;0;2;0;1;0;0;0;4;4;1;0;0;1;1;0;
Alan Anderson;;18:14;2;4;0;2;0;0;2;2;4;1;0;0;0;4;4;
Alan Anderson;;23:32;1;6;0;1;0;0;2;0;2;1;1;0;0;3;2;
Alan Anderson;;27:34;3;8;1;4;3;3;0;2;2;0;0;0;0;1;10;
Alan Anderson;;21:32;6;10;1;2;0;0;1;1;2;1;0;0;0;0;13;
Alan Anderson;;31:35;5;10;3;7;0;0;2;3;5;1;1;1;2;2;13;
Alan Anderson;;27:23;1;3;0;2;2;4;0;2;2;2;1;0;1;5;4;
Alan Anderson;;25:38;2;5;1;4;6;8;1;2;3;0;1;0;3;2;11;
Alan Anderson;;9:23;0;0;0;0;0;0;0;1;1;0;0;0;1;1;0;
Alan Anderson;;17:35;2;4;0;1;1;1;0;1;1;1;0;0;0;2;5;
Alan Anderson;;20:14;3;6;0;1;1;4;0;2;2;1;0;0;2;0;7;
Alan Anderson;G;33:12;3;4;1;2;2;4;1;6;7;1;0;0;2;1;9;
Alan Anderson;;23:26;4;11;1;6;0;0;0;3;3;0;1;0;1;3;9;
Alan Anderson;;25:29;2;5;2;2;2;3;2;2;4;0;0;1;0;4;8;
Alan Anderson;;19:14;2;5;1;3;2;2;1;2;3;1;1;0;0;1;7;
Alan Anderson;;12:00;1;4;0;1;0;0;0;0;0;1;2;0;0;1;2;
Alan Anderson;;15:10;3;6;0;3;0;0;0;0;0;2;2;0;1;3;6;
Alan Anderson;;16:39;1;1;1;1;1;3;0;1;1;0;0;1;0;2;4;
Alan Anderson;;16:24;1;4;1;4;0;0;0;3;3;0;0;0;2;3;3;
Alan Anderson;;11:22;1;4;1;3;0;0;0;1;1;1;0;0;0;0;3;
Alan Anderson;F;32:09;4;9;4;7;3;3;2;2;4;0;0;0;1;1;15;
Alan Anderson;;20:13;2;4;1;1;6;7;1;1;2;0;1;0;0;3;11;
Alan Anderson;;28:47;5;10;4;6;2;2;0;1;1;2;1;0;0;2;16;
Alan Anderson;;26:28;5;11;1;3;0;0;1;2;3;0;2;0;1;2;11;
Alan Anderson;;26:32;3;8;1;4;0;0;2;2;4;2;1;0;1;3;7;
Alan Anderson;;28:19;3;8;0;4;0;0;2;2;4;1;1;0;0;2;6;
Alan Anderson;;34:57;5;13;3;7;1;2;1;3;4;3;1;0;0;2;14;
Alan Anderson;;23:00;5;7;2;4;0;0;1;3;4;2;0;0;1;0;12;
Alan Anderson;G;28:21;0;6;0;2;0;0;0;7;7;3;0;0;1;2;0;
Alan Anderson;F;29:55;3;6;1;4;1;2;0;4;4;3;3;1;3;2;8;
Alan Anderson;F;31:08;3;9;2;6;0;0;0;2;2;1;1;0;2;4;8;
Alan Anderson;F;37:47;5;11;2;6;1;2;1;3;4;1;0;0;1;4;13;
Alan Anderson;F;34:51;6;7;1;2;2;2;1;3;4;1;1;0;0;1;15;
Alan Anderson;F;36:04;1;9;0;2;1;1;0;2;2;1;1;0;0;3;3;
Alan Anderson;F;27:25;2;4;1;1;0;0;0;1;1;1;1;0;0;2;5;
Alan Anderson;F;28:59;5;7;2;4;1;1;0;1;1;3;2;0;1;1;13;
Alan Anderson;F;19:10;0;4;0;2;0;0;0;1;1;0;0;0;1;0;0;
Alan Anderson;G;46:22;9;17;5;11;3;4;1;4;5;2;1;1;0;2;26;
Alan Anderson;F;26:47;1;3;1;3;2;2;0;2;2;0;1;0;0;1;5;
Alan Anderson;F;20:19;1;2;0;1;0;0;0;2;2;0;1;0;0;0;2;
Alan Anderson;;16:07;1;5;0;1;1;2;1;2;3;1;0;0;0;1;3;
Alan Anderson;;14:54;3;7;2;2;2;2;0;1;1;0;0;0;0;1;10;
Alan Anderson;;25:06;5;13;1;4;2;2;2;3;5;1;3;0;0;1;13;
