╔═══════════════╤═══════════════╗
║Name		│Alec Burks	║
╟───────────────┼───────────────╢
║Number		│10		║
╟───────────────┼───────────────╢
║Position	│G		║
╟───────────────┼───────────────╢
║Height		│6-6		║
╟───────────────┼───────────────╢
║Weight		│211		║
╟───────────────┼───────────────╢
║Birth		│JUL 20, 1991	║
╟───────────────┼───────────────╢
║Age		│22		║
╟───────────────┼───────────────╢
║Exp		│2		║
╟───────────────┼───────────────╢
║School		│Colorado	║
╚═══════════════╧═══════════════╝
Alec Burks;;30:41;4;12;1;2;4;4;1;3;4;3;0;0;1;3;13;
Alec Burks;;23:02;1;8;0;1;1;2;1;2;3;2;1;0;2;2;3;
Alec Burks;;26:18;3;4;0;0;3;4;0;4;4;1;0;1;3;0;9;
Alec Burks;G;33:25;5;12;2;5;4;7;0;5;5;2;0;0;3;2;16;
Alec Burks;G;37:39;13;19;0;1;8;8;0;3;3;5;1;0;1;2;34;
Alec Burks;G;38:05;8;17;0;1;4;6;2;3;5;4;0;0;0;6;20;
Alec Burks;G;28:04;1;2;0;1;4;4;0;2;2;5;2;0;3;3;6;
Alec Burks;G;23:53;4;10;1;2;9;12;0;2;2;4;1;0;1;4;18;
Alec Burks;;29:20;6;14;1;1;5;6;0;4;4;3;0;0;2;2;18;
Alec Burks;;31:22;6;9;0;2;3;5;0;3;3;2;0;0;0;1;15;
Alec Burks;;21:22;2;10;1;2;5;6;1;3;4;3;1;0;1;0;10;
Alec Burks;;33:34;9;14;1;1;7;8;0;5;5;3;0;0;2;2;26;
Alec Burks;;16:07;1;8;1;3;1;2;0;1;1;2;0;0;2;3;4;
Alec Burks;;29:16;8;14;0;1;4;5;0;3;3;0;1;0;1;2;20;
Alec Burks;;19:46;0;7;0;2;0;4;1;6;7;3;2;0;4;2;0;
Alec Burks;;26:02;5;12;1;3;1;2;0;2;2;2;2;0;3;4;12;
Alec Burks;;29:21;8;11;1;1;7;11;2;1;3;0;1;0;1;2;24;
Alec Burks;;22:48;6;10;1;2;13;14;0;4;4;1;3;0;3;4;26;
Alec Burks;;28:48;7;14;1;1;8;9;2;4;6;3;0;0;4;2;23;
Alec Burks;;24:49;5;15;0;1;2;4;0;4;4;0;0;0;3;0;12;
Alec Burks;;32:46;2;11;0;2;11;14;0;2;2;3;1;0;3;1;15;
Alec Burks;;30:10;8;12;1;2;4;5;0;1;1;4;1;0;0;0;21;
Alec Burks;;27:32;5;8;0;1;5;5;2;1;3;2;0;1;0;2;15;
Alec Burks;;24:52;3;11;1;2;4;6;1;2;3;3;1;1;1;2;11;
Alec Burks;;38:12;5;16;0;1;1;2;2;7;9;7;0;0;2;4;11;
Alec Burks;;29:19;5;12;0;1;2;4;3;1;4;2;0;0;2;3;12;
Alec Burks;;37:23;6;11;2;3;5;10;0;1;1;4;1;0;2;3;19;
Alec Burks;;26:07;6;8;1;1;5;5;0;2;2;2;1;0;2;2;18;
Alec Burks;;33:45;6;10;3;5;4;7;0;1;1;2;2;0;3;1;19;
Alec Burks;;26:23;5;11;0;3;2;3;3;4;7;4;1;0;3;3;12;
Alec Burks;;31:46;4;12;0;2;5;6;0;4;4;8;3;0;2;2;13;
Alec Burks;;22:41;4;12;1;4;1;2;2;1;3;2;2;0;5;3;10;
Alec Burks;;26:52;5;11;0;1;2;4;0;1;1;1;2;0;1;2;12;
Alec Burks;;17:49;6;9;0;1;3;4;0;1;1;2;1;1;4;5;15;
Alec Burks;;30:08;6;11;2;5;2;2;0;6;6;4;1;0;0;3;16;
Alec Burks;;21:20;5;10;0;2;2;6;2;1;3;1;1;0;2;2;12;
Alec Burks;;34:12;7;12;2;2;1;2;1;6;7;4;1;0;5;3;17;
Alec Burks;;27:23;4;9;0;1;13;13;1;2;3;1;1;0;1;3;21;
Alec Burks;;33:37;5;10;0;1;14;16;0;4;4;5;4;0;2;2;24;
Alec Burks;;29:26;5;10;0;2;0;1;1;0;1;2;2;0;1;3;10;
Alec Burks;G;41:56;7;11;1;2;1;2;0;6;6;2;0;0;4;5;16;
Alec Burks;G;24:27;1;3;1;2;2;2;0;0;0;2;0;1;1;4;5;
Alec Burks;G;34:23;8;10;2;2;4;5;0;3;3;2;0;0;2;3;22;
Alec Burks;G;37:41;5;13;1;4;0;0;1;3;4;4;0;0;2;6;11;
Alec Burks;;31:30;8;16;0;3;8;9;1;5;6;6;0;0;3;3;24;
Alec Burks;;26:46;6;9;0;1;3;7;0;2;2;1;0;0;3;2;15;
Alec Burks;;34:09;6;16;1;4;2;4;1;2;3;2;3;1;1;2;15;
Alec Burks;;27:42;4;13;0;0;5;9;3;2;5;4;3;0;1;3;13;
Alec Burks;;22:16;4;9;0;0;0;0;1;3;4;0;1;0;4;0;8;
Alec Burks;;28:58;3;13;1;3;3;4;1;0;1;1;4;0;3;2;10;
Alec Burks;;27:31;4;10;2;5;7;8;1;2;3;4;0;0;4;3;17;
Alec Burks;;30:58;2;9;0;2;3;3;2;3;5;1;0;0;0;3;7;
Alec Burks;;26:47;3;10;0;1;1;2;1;2;3;1;0;0;1;3;7;
Alec Burks;G;29:10;5;12;1;1;1;1;0;0;0;4;1;0;1;5;12;
Alec Burks;G;25:58;3;11;0;2;2;2;0;2;2;4;2;0;2;0;8;
Alec Burks;G;23:00;0;5;0;1;2;2;0;2;2;3;1;0;0;1;2;
Alec Burks;;15:37;3;6;0;1;2;2;0;1;1;1;1;2;4;2;8;
Alec Burks;;27:05;5;10;1;1;0;0;0;1;1;2;1;1;2;4;11;
Alec Burks;;28:18;3;8;0;1;2;5;0;1;1;4;0;0;0;1;8;
Alec Burks;;12:05;1;4;0;2;0;0;0;0;0;1;0;0;2;1;2;
Alec Burks;;24:06;5;12;0;0;6;7;2;3;5;0;0;0;1;2;16;
Alec Burks;;32:16;5;9;1;1;2;3;1;2;3;5;0;0;1;2;13;
Alec Burks;;31:51;7;11;3;4;4;5;1;2;3;4;0;1;0;3;21;
Alec Burks;;26:56;4;10;0;0;3;4;2;3;5;3;0;0;2;1;11;
Alec Burks;;28:07;6;16;1;3;3;3;2;1;3;3;2;0;1;4;16;
Alec Burks;;37:17;6;12;1;1;6;7;2;2;4;5;0;0;5;3;19;
Alec Burks;;24:42;8;11;0;0;4;4;0;3;3;0;0;0;2;2;20;
Alec Burks;;25:00;7;11;3;4;0;1;1;2;3;2;0;1;1;3;17;
Alec Burks;;22:27;3;9;0;1;1;1;2;1;3;2;0;0;1;1;7;
Alec Burks;;26:29;4;16;0;4;1;1;1;1;2;0;0;0;0;2;9;
Alec Burks;;34:03;12;17;2;4;5;8;1;2;3;7;4;0;2;4;31;
Alec Burks;;33:31;4;9;1;2;4;5;2;4;6;2;0;1;4;3;13;
Alec Burks;;28:17;6;12;0;1;1;2;1;2;3;4;1;0;1;3;13;
Alec Burks;;30:05;4;8;0;0;3;4;0;3;3;3;1;1;1;2;11;
Alec Burks;;15:39;2;5;0;1;0;0;0;2;2;2;0;0;2;2;4;
Alec Burks;;30:40;3;9;1;1;6;7;1;4;5;4;1;0;1;2;13;
Alec Burks;;22:32;3;6;0;0;2;3;0;3;3;5;0;0;2;2;8;
Alec Burks;;27:25;6;12;1;3;1;1;0;6;6;1;2;1;1;1;14;
