╔═══════════════╤═══════════════╗
║Name		│Alex Len	║
╟───────────────┼───────────────╢
║Number		│21		║
╟───────────────┼───────────────╢
║Position	│C		║
╟───────────────┼───────────────╢
║Height		│7-1		║
╟───────────────┼───────────────╢
║Weight		│255		║
╟───────────────┼───────────────╢
║Birth		│JUN 16, 1993	║
╟───────────────┼───────────────╢
║Age		│21		║
╟───────────────┼───────────────╢
║Exp		│R		║
╟───────────────┼───────────────╢
║School		│Maryland	║
╚═══════════════╧═══════════════╝
Alex Len;;6:05;1;1;0;0;1;2;1;1;2;0;0;0;1;1;3;
Alex Len;;11:55;1;3;0;0;0;0;4;1;5;0;0;0;0;1;2;
Alex Len;;5:12;1;3;0;0;0;0;1;2;3;0;0;1;0;1;2;
Alex Len;;7:04;0;1;0;0;0;0;3;1;4;0;0;0;0;5;0;
Alex Len;;None;0;0;0;0;0;0;0;0;0;0;0;0;0;0;0;
Alex Len;;4:27;1;3;0;0;0;0;1;2;3;0;0;1;0;1;2;
Alex Len;;1:16;0;1;0;0;0;0;0;0;0;0;0;0;0;1;0;
Alex Len;;16:14;3;4;0;0;3;4;4;2;6;0;0;0;1;0;9;
Alex Len;;5:27;0;1;0;0;0;0;0;1;1;0;0;0;1;1;0;
Alex Len;;6:17;1;1;0;0;2;2;0;1;1;0;0;0;1;0;4;
Alex Len;;6:26;0;0;0;0;0;0;0;1;1;0;0;0;0;2;0;
Alex Len;;13:48;2;2;0;0;2;2;0;2;2;0;0;1;2;1;6;
Alex Len;;21:59;3;4;0;0;1;1;3;7;10;0;0;1;1;4;7;
Alex Len;;14:22;0;4;0;0;0;0;1;4;5;0;1;0;0;4;0;
Alex Len;;18:55;1;3;0;0;0;0;1;2;3;0;0;1;0;4;2;
Alex Len;;14:30;1;3;0;0;0;0;0;1;1;0;0;0;1;3;2;
Alex Len;;6:03;0;0;0;0;0;0;0;2;2;0;0;1;0;1;0;
Alex Len;;9:27;0;3;0;0;0;0;2;1;3;0;0;2;1;3;0;
Alex Len;;6:47;1;2;0;0;0;0;0;1;1;0;0;0;0;0;2;
Alex Len;;6:55;1;2;0;0;0;0;0;0;0;0;0;0;0;1;2;
Alex Len;;1:16;0;0;0;0;0;0;0;0;0;0;0;0;0;1;0;
Alex Len;;10:44;0;0;0;0;1;4;1;0;1;0;0;1;2;3;1;
Alex Len;C;19:00;3;8;0;0;0;0;2;4;6;0;0;0;1;3;6;
Alex Len;C;11:11;2;3;0;0;2;3;3;0;3;0;0;0;0;5;6;
Alex Len;C;15:02;0;0;0;0;3;4;0;3;3;1;0;1;1;2;3;
Alex Len;;2:32;1;1;0;0;0;0;0;0;0;0;0;0;1;0;2;
Alex Len;;8:53;2;2;0;0;2;3;1;2;3;1;0;1;0;0;6;
Alex Len;;7:54;0;1;0;0;0;0;0;2;2;0;0;0;1;2;0;
Alex Len;;7:46;0;0;0;0;0;0;0;2;2;0;0;0;1;1;0;
Alex Len;;11:25;4;5;0;0;1;2;2;3;5;1;0;0;0;2;9;
Alex Len;;12:44;0;2;0;0;0;0;1;2;3;0;0;3;1;1;0;
Alex Len;;5:12;0;2;0;0;1;2;1;0;1;0;0;0;1;2;1;
Alex Len;;2:47;0;0;0;0;0;0;0;0;0;0;0;0;1;1;0;
Alex Len;;4:15;0;0;0;0;0;0;0;1;1;0;0;1;0;1;0;
Alex Len;;6:00;1;2;0;0;0;0;2;2;4;0;0;0;1;1;2;
Alex Len;;2:55;0;0;0;0;0;0;0;0;0;0;0;0;1;0;0;
Alex Len;;2:05;0;0;0;0;0;0;0;1;1;0;0;0;0;0;0;
Alex Len;;16:18;0;4;0;0;0;0;0;4;4;0;1;1;2;1;0;
Alex Len;;8:04;1;1;0;0;0;0;1;1;2;0;0;1;1;3;2;
Alex Len;;13:03;1;3;0;0;1;2;1;0;1;0;1;1;1;4;3;
Alex Len;;5:19;0;1;0;0;0;0;0;0;0;1;1;0;0;1;0;
Alex Len;;4:43;1;2;0;0;0;0;3;1;4;0;0;0;1;0;2;
