╔═══════════════╤═══════════════════════╗
║Name		│Alexis Ajinca		║
╟───────────────┼───────────────────────╢
║Number		│42			║
╟───────────────┼───────────────────────╢
║Position	│C			║
╟───────────────┼───────────────────────╢
║Height		│7-2			║
╟───────────────┼───────────────────────╢
║Weight		│248			║
╟───────────────┼───────────────────────╢
║Birth		│MAY 06, 1988		║
╟───────────────┼───────────────────────╢
║Age		│26			║
╟───────────────┼───────────────────────╢
║Exp		│3			║
╟───────────────┼───────────────────────╢
║School		│Saint Etienne, France	║
╚═══════════════╧═══════════════════════╝
Alexis Ajinca;;11:41;1;3;0;0;0;0;1;1;2;0;1;1;2;3;2;
Alexis Ajinca;C;12:04;0;2;0;0;0;0;1;0;1;1;0;0;0;4;0;
Alexis Ajinca;C;31:30;5;7;0;0;7;10;3;4;7;1;1;1;2;2;17;
Alexis Ajinca;C;14:10;1;2;0;0;2;2;1;1;2;0;0;0;0;2;4;
Alexis Ajinca;C;14:42;3;5;0;0;0;0;1;5;6;2;0;1;0;2;6;
Alexis Ajinca;C;5:01;0;0;0;0;0;0;1;1;2;0;0;0;2;0;0;
Alexis Ajinca;;11:50;1;1;0;0;0;0;2;3;5;2;0;0;0;4;2;
Alexis Ajinca;;19:58;3;6;0;0;1;2;0;4;4;0;0;2;0;0;7;
Alexis Ajinca;;12:19;1;1;0;0;0;0;1;3;4;0;0;2;0;5;2;
Alexis Ajinca;;11:36;0;1;0;0;2;2;2;2;4;0;0;1;0;2;2;
Alexis Ajinca;;22:00;5;8;0;0;0;0;1;5;6;0;1;0;0;2;10;
Alexis Ajinca;;15:58;2;3;0;0;0;0;1;3;4;1;1;1;2;4;4;
Alexis Ajinca;C;15:26;3;5;0;0;0;0;0;4;4;0;1;3;3;3;6;
Alexis Ajinca;C;7:52;0;1;0;0;0;0;1;0;1;0;0;0;2;4;0;
Alexis Ajinca;C;17:27;0;2;0;0;0;0;1;4;5;1;0;0;3;2;0;
Alexis Ajinca;C;16:17;2;5;0;0;0;0;2;3;5;0;0;0;3;2;4;
Alexis Ajinca;C;18:06;4;4;0;0;0;0;3;0;3;0;0;3;3;5;8;
Alexis Ajinca;C;27:09;4;6;0;0;0;0;3;7;10;1;1;2;2;2;8;
Alexis Ajinca;C;14:48;2;3;0;0;0;0;1;3;4;0;0;1;0;3;4;
Alexis Ajinca;C;13:03;2;2;0;0;0;0;1;5;6;0;0;1;2;4;4;
Alexis Ajinca;C;11:11;0;2;0;0;0;0;1;2;3;0;1;0;2;4;0;
Alexis Ajinca;C;9:17;1;3;0;0;0;0;1;0;1;0;0;0;1;1;2;
Alexis Ajinca;C;21:47;7;7;0;0;2;2;1;8;9;3;0;1;3;2;16;
Alexis Ajinca;C;12:25;1;3;0;0;0;1;1;0;1;1;0;0;2;2;2;
Alexis Ajinca;C;13:56;1;1;0;0;0;0;0;4;4;0;0;0;2;3;2;
Alexis Ajinca;;26:35;3;9;0;0;3;3;2;7;9;0;0;1;1;4;9;
Alexis Ajinca;;26:39;7;13;0;0;5;6;6;6;12;1;0;1;0;5;19;
Alexis Ajinca;;25:41;6;10;0;0;2;2;4;4;8;3;0;1;1;3;14;
Alexis Ajinca;C;14:22;2;2;0;0;0;0;1;1;2;0;0;2;1;4;4;
Alexis Ajinca;C;28:38;4;6;0;0;3;4;4;6;10;1;1;2;1;6;11;
Alexis Ajinca;C;20:16;2;4;0;0;0;0;3;2;5;1;1;0;0;5;4;
Alexis Ajinca;C;15:49;1;3;0;0;2;2;1;6;7;2;0;0;0;5;4;
Alexis Ajinca;C;12:33;0;1;0;0;0;0;0;2;2;0;0;1;1;4;0;
Alexis Ajinca;C;11:10;0;0;0;0;0;0;0;2;2;0;0;0;2;3;0;
Alexis Ajinca;C;18:08;1;5;0;0;0;0;2;2;4;0;2;2;0;3;2;
Alexis Ajinca;C;9:34;0;2;0;0;0;0;0;2;2;0;1;0;0;1;0;
Alexis Ajinca;;21:25;3;4;0;0;4;4;2;5;7;2;2;1;0;3;10;
Alexis Ajinca;;13:15;3;5;0;0;1;2;1;4;5;0;0;2;0;4;7;
Alexis Ajinca;;12:36;3;4;0;0;1;2;1;3;4;0;0;0;0;2;7;
Alexis Ajinca;;21:31;3;6;0;0;0;0;4;5;9;1;1;1;1;4;6;
Alexis Ajinca;;27:35;6;11;0;0;2;2;4;7;11;1;0;0;0;5;14;
Alexis Ajinca;;28:02;3;6;0;1;3;3;3;7;10;3;1;3;3;6;9;
Alexis Ajinca;F;27:09;1;6;0;0;0;0;2;5;7;1;0;0;0;5;2;
Alexis Ajinca;;8:20;0;3;0;0;0;0;1;0;1;0;0;0;1;4;0;
Alexis Ajinca;;19:43;3;5;0;0;3;4;0;4;4;2;2;0;1;3;9;
Alexis Ajinca;;10:48;2;2;0;0;2;2;2;0;2;0;0;0;0;4;6;
Alexis Ajinca;;14:00;6;11;0;0;1;1;4;3;7;0;2;0;0;2;13;
Alexis Ajinca;;22:16;4;11;0;0;4;4;2;4;6;0;0;1;2;5;12;
Alexis Ajinca;C;32:36;7;12;0;0;3;3;3;4;7;2;1;3;2;5;17;
Alexis Ajinca;C;19:10;4;5;0;0;2;2;2;2;4;0;0;0;1;5;10;
Alexis Ajinca;C;23:13;5;7;0;0;1;2;1;3;4;2;1;3;1;4;11;
Alexis Ajinca;;16:41;2;4;0;0;0;0;5;6;11;1;0;1;3;5;4;
Alexis Ajinca;;14:13;3;4;0;0;0;0;1;3;4;1;1;0;2;6;6;
Alexis Ajinca;;20:10;2;3;0;0;0;0;2;6;8;2;0;1;2;2;4;
Alexis Ajinca;;5:01;1;2;0;0;0;0;0;0;0;1;0;0;0;1;2;
Alexis Ajinca;;1:53;0;0;0;0;0;0;0;0;0;0;0;0;1;2;0;
