╔═══════════════╤═══════════════╗
║Name		│Alexey Shved	║
╟───────────────┼───────────────╢
║Number		│1		║
╟───────────────┼───────────────╢
║Position	│G		║
╟───────────────┼───────────────╢
║Height		│6-6		║
╟───────────────┼───────────────╢
║Weight		│187		║
╟───────────────┼───────────────╢
║Birth		│DEC 16, 1988	║
╟───────────────┼───────────────╢
║Age		│25		║
╟───────────────┼───────────────╢
║Exp		│1		║
╟───────────────┼───────────────╢
║School		│Russia		║
╚═══════════════╧═══════════════╝
Alexey Shved;;16:32;2;4;2;4;4;4;0;3;3;2;1;1;1;3;10;
Alexey Shved;;8:33;0;2;0;0;0;0;0;0;0;1;1;0;0;2;0;
Alexey Shved;;22:33;4;12;1;3;1;1;1;2;3;4;3;1;0;1;10;
Alexey Shved;;13:57;2;6;1;1;2;2;1;3;4;1;0;1;0;0;7;
Alexey Shved;;20:09;4;8;1;3;2;4;1;1;2;0;1;0;1;1;11;
Alexey Shved;;22:37;4;7;3;4;0;0;1;2;3;1;2;0;2;0;11;
Alexey Shved;;24:25;4;10;1;4;4;5;0;2;2;4;3;0;1;1;13;
Alexey Shved;;4:35;0;0;0;0;2;2;0;0;0;0;0;0;0;0;2;
Alexey Shved;;13:42;3;5;1;2;3;6;0;2;2;2;0;0;1;0;10;
Alexey Shved;;1:51;0;1;0;0;0;0;0;0;0;0;0;0;0;0;0;
Alexey Shved;;14:06;2;5;0;0;3;5;0;3;3;0;1;0;0;1;7;
Alexey Shved;;5:33;1;3;0;1;3;3;0;0;0;1;0;0;1;0;5;
Alexey Shved;;8:36;1;3;0;0;1;1;0;0;0;1;1;2;1;0;3;
Alexey Shved;;5:48;1;3;0;1;0;0;0;0;0;0;0;0;0;0;2;
Alexey Shved;;22:40;3;9;1;4;2;4;2;3;5;1;1;0;1;2;9;
Alexey Shved;;17:09;2;7;1;3;3;4;0;1;1;1;0;0;2;0;8;
Alexey Shved;;6:22;0;2;0;0;0;0;0;0;0;0;0;0;1;2;0;
Alexey Shved;;19:29;4;10;2;5;1;1;0;1;1;1;1;1;3;1;11;
Alexey Shved;;6:50;0;1;0;1;0;0;0;0;0;0;0;0;0;1;0;
Alexey Shved;;14:18;2;5;0;2;2;2;0;4;4;1;0;0;2;0;6;
Alexey Shved;;3:37;0;1;0;0;0;0;0;0;0;1;0;0;0;1;0;
Alexey Shved;;4:47;0;1;0;0;0;0;1;1;2;0;1;0;0;0;0;
Alexey Shved;;1:00;0;1;0;1;0;0;0;0;0;0;0;0;0;0;0;
Alexey Shved;;2:56;0;0;0;0;0;0;1;0;1;1;0;0;0;0;0;
Alexey Shved;;1:28;0;0;0;0;0;0;0;0;0;0;0;0;0;0;0;
Alexey Shved;;2:03;0;1;0;1;0;0;0;0;0;0;0;0;1;0;0;
Alexey Shved;;8:45;3;4;2;3;0;0;0;0;0;1;0;0;3;0;8;
Alexey Shved;;16:20;1;7;1;3;2;2;0;0;0;5;1;1;1;0;5;
Alexey Shved;;3:56;0;2;0;2;0;0;0;0;0;2;0;0;1;0;0;
Alexey Shved;;6:10;2;3;0;1;1;1;0;1;1;3;0;0;3;1;5;
Alexey Shved;;2:09;0;0;0;0;0;0;0;0;0;0;0;0;1;0;0;
Alexey Shved;;8:32;0;4;0;2;1;2;0;1;1;0;0;0;0;0;1;
Alexey Shved;;3:57;0;1;0;0;0;0;0;1;1;0;0;0;0;1;0;
Alexey Shved;;15:32;3;7;1;3;2;2;1;1;2;5;0;0;3;2;9;
Alexey Shved;;17:30;3;6;1;3;4;6;0;1;1;3;0;0;1;1;11;
Alexey Shved;;15:50;1;5;0;1;0;0;1;2;3;2;0;0;2;0;2;
Alexey Shved;;17:30;1;3;0;2;5;6;0;2;2;0;0;0;1;1;7;
Alexey Shved;;5:10;1;2;1;2;0;0;0;0;0;0;1;0;1;0;3;
Alexey Shved;;8:28;0;3;0;1;2;3;0;0;0;1;0;0;1;0;2;
Alexey Shved;;4:23;0;2;0;0;0;0;0;2;2;0;0;0;0;0;0;
Alexey Shved;;7:26;0;1;0;1;1;2;0;1;1;1;1;1;0;1;1;
Alexey Shved;;7:36;1;1;0;0;1;2;2;0;2;0;1;0;1;0;3;
Alexey Shved;;11:08;0;3;0;2;0;0;0;1;1;0;0;0;0;2;0;
Alexey Shved;;12:00;1;4;1;3;2;2;0;0;0;0;0;1;0;0;5;
Alexey Shved;;6:33;0;2;0;0;0;0;0;1;1;0;0;0;0;0;0;
Alexey Shved;;6:10;0;1;0;1;0;0;0;2;2;1;0;2;0;0;0;
Alexey Shved;;7:48;0;2;0;1;0;0;0;1;1;1;1;0;1;0;0;
Alexey Shved;;13:16;2;6;1;4;0;0;1;0;1;2;0;0;1;1;5;
Alexey Shved;;8:04;3;6;0;2;1;1;1;0;1;1;0;0;0;0;7;
Alexey Shved;;3:26;0;1;0;0;0;0;0;0;0;0;0;0;0;0;0;
Alexey Shved;;1:21;0;0;0;0;0;0;0;0;0;0;0;0;0;0;0;
Alexey Shved;;8:33;0;3;0;2;1;2;0;1;1;2;0;0;2;0;1;
Alexey Shved;;17:47;0;3;0;1;2;2;0;2;2;3;1;0;2;2;2;
Alexey Shved;;8:34;0;2;0;0;0;0;0;1;1;1;1;1;1;1;0;
Alexey Shved;;9:16;2;3;1;1;2;2;1;0;1;1;0;0;0;2;7;
Alexey Shved;;12:47;2;4;1;2;1;1;0;1;1;0;0;0;0;1;6;
Alexey Shved;;25:60;3;9;2;6;2;4;1;2;3;2;0;0;0;1;10;
Alexey Shved;;6:10;2;3;0;0;0;0;1;1;2;3;1;0;0;1;4;
Alexey Shved;;15:00;1;7;1;4;0;0;1;0;1;2;1;1;1;1;3;
Alexey Shved;;6:08;0;2;0;1;0;0;0;0;0;0;0;0;0;0;0;
Alexey Shved;;23:04;3;7;2;2;5;6;2;3;5;1;0;1;1;1;13;
Alexey Shved;;19:55;2;8;1;5;0;0;1;2;3;2;1;1;0;0;5;
Alexey Shved;;6:14;0;3;0;1;0;0;0;2;2;0;0;1;2;0;0;
