╔═══════════════╤═══════════════╗
║Name		│Allen Crabbe	║
╟───────────────┼───────────────╢
║Number		│23		║
╟───────────────┼───────────────╢
║Position	│G		║
╟───────────────┼───────────────╢
║Height		│6-6		║
╟───────────────┼───────────────╢
║Weight		│210		║
╟───────────────┼───────────────╢
║Birth		│APR 09, 1992	║
╟───────────────┼───────────────╢
║Age		│22		║
╟───────────────┼───────────────╢
║Exp		│R		║
╟───────────────┼───────────────╢
║School		│California	║
╚═══════════════╧═══════════════╝
Allen Crabbe;;7:06;1;3;1;3;0;0;0;0;0;0;0;0;0;1;3;
Allen Crabbe;;3:26;0;1;0;0;0;0;0;0;0;0;0;0;0;1;0;
Allen Crabbe;;1:08;0;0;0;0;0;0;0;0;0;0;0;0;0;0;0;
Allen Crabbe;;7:09;0;4;0;3;0;0;0;1;1;0;0;0;0;0;0;
Allen Crabbe;;6:08;1;2;0;1;0;0;0;0;0;0;0;0;0;1;2;
Allen Crabbe;;1:44;0;0;0;0;0;0;0;0;0;0;0;0;0;0;0;
Allen Crabbe;;10:34;2;3;1;1;0;0;0;2;2;1;0;0;0;0;5;
Allen Crabbe;;29:02;2;8;0;1;0;0;1;4;5;2;1;1;0;6;4;
Allen Crabbe;;1:22;0;1;0;0;0;0;0;0;0;0;0;0;0;0;0;
Allen Crabbe;;1:11;0;0;0;0;0;0;0;0;0;0;0;0;0;0;0;
Allen Crabbe;;1:24;0;0;0;0;0;0;0;0;0;0;0;0;0;0;0;
Allen Crabbe;;0:59;0;0;0;0;0;0;0;0;0;0;0;0;0;1;0;
Allen Crabbe;;5:13;1;1;0;0;2;3;0;1;1;1;0;0;0;0;4;
Allen Crabbe;;10:56;3;6;2;2;0;0;0;0;0;0;1;0;1;0;8;
Allen Crabbe;;12:25;2;4;2;3;1;1;0;0;0;2;0;0;2;0;7;
