╔═══════════════╤═══════════════╗
║Name		│Alonzo Gee	║
╟───────────────┼───────────────╢
║Number		│33		║
╟───────────────┼───────────────╢
║Position	│F		║
╟───────────────┼───────────────╢
║Height		│6-6		║
╟───────────────┼───────────────╢
║Weight		│225		║
╟───────────────┼───────────────╢
║Birth		│MAY 29, 1987	║
╟───────────────┼───────────────╢
║Age		│27		║
╟───────────────┼───────────────╢
║Exp		│4		║
╟───────────────┼───────────────╢
║School		│Alabama	║
╚═══════════════╧═══════════════╝
Alonzo Gee;;9:25;1;3;0;0;0;0;0;0;0;1;1;0;1;2;2;
Alonzo Gee;;16:08;0;5;0;0;0;0;2;2;4;1;0;0;2;2;0;
Alonzo Gee;;2:49;0;0;0;0;0;0;0;1;1;0;0;0;0;1;0;
Alonzo Gee;;0:56;1;2;0;0;0;0;1;0;1;0;0;0;0;0;2;
Alonzo Gee;;7:56;1;3;0;0;1;2;0;0;0;1;0;0;0;1;3;
Alonzo Gee;;3:04;0;3;0;0;0;2;0;0;0;0;0;0;0;0;0;
Alonzo Gee;;7:35;0;2;0;0;1;2;0;0;0;1;0;0;1;0;1;
Alonzo Gee;;26:53;4;6;1;1;2;2;3;4;7;1;1;1;1;1;11;
Alonzo Gee;;14:39;2;5;0;0;0;0;0;0;0;1;0;0;0;0;4;
Alonzo Gee;;3:19;0;2;0;0;0;0;1;0;1;0;0;0;0;0;0;
Alonzo Gee;;12:46;2;4;0;1;3;4;0;1;1;2;2;1;3;0;7;
Alonzo Gee;;8:08;0;2;0;1;0;0;0;1;1;0;0;0;1;0;0;
Alonzo Gee;;9:32;1;3;0;1;0;0;1;2;3;2;0;0;0;1;2;
Alonzo Gee;;10:18;2;3;0;0;2;4;0;2;2;1;0;0;0;0;6;
Alonzo Gee;;4:26;0;1;0;0;0;0;0;1;1;0;0;0;1;0;0;
Alonzo Gee;;10:46;1;3;0;0;1;2;1;3;4;1;1;0;0;1;3;
Alonzo Gee;;20:28;2;2;1;1;2;2;0;2;2;0;0;1;0;1;7;
Alonzo Gee;;12:50;0;1;0;0;2;2;1;2;3;2;0;0;0;1;2;
Alonzo Gee;;7:26;0;2;0;0;0;0;0;1;1;0;0;0;0;1;0;
Alonzo Gee;;11:02;1;3;0;0;0;0;1;0;1;0;0;0;0;1;2;
Alonzo Gee;;3:57;0;0;0;0;0;0;0;0;0;0;0;0;1;1;0;
Alonzo Gee;;12:11;1;3;0;1;0;0;0;0;0;2;0;0;0;1;2;
Alonzo Gee;F;35:39;5;11;2;6;0;0;1;2;3;2;1;2;1;5;12;
Alonzo Gee;F;25:43;3;4;1;2;0;0;0;1;1;3;2;0;0;4;7;
Alonzo Gee;F;23:00;4;5;1;1;0;0;0;2;2;2;2;0;1;3;9;
Alonzo Gee;;15:32;4;6;1;1;2;2;0;3;3;1;0;1;0;4;11;
Alonzo Gee;;13:22;1;4;0;2;2;2;0;2;2;0;1;1;2;4;4;
Alonzo Gee;;16:42;3;6;2;3;0;0;0;2;2;1;0;0;0;2;8;
Alonzo Gee;;9:34;1;4;0;1;0;0;0;0;0;0;0;0;1;0;2;
Alonzo Gee;;12:30;0;2;0;0;0;0;0;2;2;0;0;0;1;1;0;
Alonzo Gee;;15:39;1;3;0;0;1;2;0;1;1;0;1;1;0;2;3;
Alonzo Gee;;7:50;2;3;0;0;1;1;2;0;2;0;0;0;0;1;5;
Alonzo Gee;;7:05;1;2;0;1;0;2;1;4;5;0;0;0;1;0;2;
Alonzo Gee;;8:23;2;5;0;0;0;0;0;0;0;0;0;2;0;0;4;
Alonzo Gee;F;23:20;3;8;0;1;3;4;1;3;4;1;1;0;1;1;9;
Alonzo Gee;F;20:20;5;9;0;0;1;4;4;3;7;3;1;0;1;5;11;
Alonzo Gee;F;30:20;5;9;0;0;2;2;1;4;5;1;2;1;0;3;12;
Alonzo Gee;;18:48;1;2;1;1;4;4;3;1;4;1;1;0;0;2;7;
Alonzo Gee;;24:41;0;2;0;1;1;2;0;3;3;1;2;0;1;4;1;
Alonzo Gee;;18:00;1;2;0;0;0;0;0;1;1;1;2;0;1;4;2;
Alonzo Gee;;34:11;4;7;1;2;0;0;2;4;6;1;1;0;2;1;9;
Alonzo Gee;;23:13;2;5;1;3;2;2;1;3;4;1;1;0;1;1;7;
Alonzo Gee;;13:15;1;2;0;1;0;0;0;1;1;0;0;0;0;1;2;
Alonzo Gee;F;20:23;1;3;0;2;0;0;0;3;3;0;0;0;3;3;2;
Alonzo Gee;F;18:30;3;4;1;1;0;0;0;1;1;0;1;1;0;0;7;
Alonzo Gee;F;22:27;2;2;1;1;0;0;1;1;2;1;2;0;3;2;5;
Alonzo Gee;;15:48;1;2;0;0;0;0;0;2;2;0;1;1;1;3;2;
Alonzo Gee;;16:45;1;2;0;0;1;2;0;2;2;1;1;1;2;2;3;
Alonzo Gee;;8:11;0;2;0;2;0;0;0;1;1;1;0;0;0;0;0;
Alonzo Gee;F;27:51;2;5;0;1;0;0;0;5;5;1;1;1;0;2;4;
Alonzo Gee;F;15:50;0;0;0;0;0;0;0;0;0;0;1;0;1;2;0;
Alonzo Gee;F;13:12;1;2;0;1;0;0;0;2;2;0;0;0;1;2;2;
Alonzo Gee;F;12:19;3;5;0;1;0;0;0;3;3;0;0;0;0;1;6;
Alonzo Gee;F;35:43;2;4;1;1;0;0;1;3;4;3;0;0;1;3;5;
Alonzo Gee;F;21:58;2;8;1;2;2;2;0;2;2;0;1;0;0;2;7;
Alonzo Gee;F;10:33;0;2;0;0;0;0;0;1;1;0;0;0;1;0;0;
Alonzo Gee;F;15:31;0;4;0;0;0;0;1;3;4;0;1;0;0;2;0;
Alonzo Gee;F;30:16;4;6;0;0;0;0;2;4;6;1;3;0;2;1;8;
Alonzo Gee;F;11:19;0;1;0;1;0;0;0;0;0;0;0;0;0;1;0;
Alonzo Gee;F;26:22;4;10;1;3;1;2;1;4;5;2;0;0;1;1;10;
Alonzo Gee;F;18:24;1;2;1;1;2;2;0;0;0;1;1;0;0;1;5;
Alonzo Gee;F;33:51;1;7;0;5;2;2;1;7;8;0;2;0;2;2;4;
Alonzo Gee;F;16:56;0;1;0;0;0;0;0;3;3;0;1;0;0;3;0;
Alonzo Gee;F;13:34;2;5;1;4;2;2;1;3;4;1;0;0;1;0;7;
Alonzo Gee;;0:24;0;0;0;0;0;0;0;0;0;0;0;0;0;0;0;
