╔═══════════════╤═══════════════════════╗
║Name		│Amar'e Stoudemire	║
╟───────────────┼───────────────────────╢
║Number		│1			║
╟───────────────┼───────────────────────╢
║Position	│F-C			║
╟───────────────┼───────────────────────╢
║Height		│6-11			║
╟───────────────┼───────────────────────╢
║Weight		│245			║
╟───────────────┼───────────────────────╢
║Birth		│NOV 16, 1982		║
╟───────────────┼───────────────────────╢
║Age		│31			║
╟───────────────┼───────────────────────╢
║Exp		│11			║
╟───────────────┼───────────────────────╢
║School		│Cypress Creek (FL)	║
╚═══════════════╧═══════════════════════╝
Amar'e Stoudemire;;23:36;4;6;0;0;3;4;2;1;3;0;0;2;2;2;11;
Amar'e Stoudemire;;19:14;2;6;0;0;2;2;4;3;7;0;2;0;2;2;6;
Amar'e Stoudemire;;21:44;4;9;0;0;3;3;2;5;7;0;0;1;1;2;11;
Amar'e Stoudemire;;24:12;3;9;0;0;3;6;3;2;5;0;0;1;1;2;9;
Amar'e Stoudemire;;26:35;7;12;0;0;0;2;3;8;11;0;1;0;4;4;14;
Amar'e Stoudemire;;21:56;8;10;0;0;5;5;2;3;5;0;1;0;2;3;21;
Amar'e Stoudemire;;19:26;2;5;0;0;5;6;1;6;7;0;0;0;3;5;9;
Amar'e Stoudemire;;22:15;6;10;0;0;5;5;0;4;4;2;0;0;2;3;17;
Amar'e Stoudemire;;14:00;3;6;0;0;2;4;1;2;3;0;0;0;0;2;8;
Amar'e Stoudemire;;4:26;1;1;0;0;0;0;0;1;1;0;0;0;0;0;2;
Amar'e Stoudemire;;16:31;3;7;0;0;1;2;1;3;4;1;0;1;1;2;7;
Amar'e Stoudemire;;21:42;6;10;0;0;3;4;2;5;7;0;0;1;1;0;15;
Amar'e Stoudemire;;19:52;7;12;0;0;3;3;1;7;8;0;0;0;1;2;17;
Amar'e Stoudemire;;25:34;5;11;0;0;6;7;3;1;4;0;0;0;0;2;16;
Amar'e Stoudemire;;36:57;10;15;0;0;0;0;3;5;8;1;0;2;6;3;20;
Amar'e Stoudemire;;23:24;4;11;0;0;4;4;3;3;6;0;1;1;2;3;12;
Amar'e Stoudemire;;17:54;3;6;0;0;4;6;1;3;4;1;0;0;1;3;10;
Amar'e Stoudemire;;27:59;4;6;0;0;0;0;0;1;1;0;1;1;1;0;8;
Amar'e Stoudemire;F;20:22;3;5;0;0;3;3;1;1;2;1;0;0;2;4;9;
Amar'e Stoudemire;;19:11;2;6;0;0;0;0;1;2;3;0;0;0;1;3;4;
Amar'e Stoudemire;;22:48;7;8;0;0;0;0;1;5;6;0;0;0;1;6;14;
Amar'e Stoudemire;F;32:08;9;11;0;0;4;4;2;4;6;0;0;0;0;3;22;
Amar'e Stoudemire;F;31:08;8;18;0;0;2;3;4;4;8;1;1;2;3;3;18;
Amar'e Stoudemire;F;18:46;3;4;0;0;4;4;0;1;1;0;0;1;0;0;10;
Amar'e Stoudemire;F;27:31;7;16;0;0;3;4;6;6;12;4;0;3;2;2;17;
Amar'e Stoudemire;C;29:43;9;10;0;0;5;8;3;3;6;0;0;1;2;2;23;
Amar'e Stoudemire;F;26:27;6;13;0;0;3;4;3;3;6;1;0;1;1;3;15;
Amar'e Stoudemire;F;28:51;8;15;0;0;5;6;0;4;4;0;0;0;1;3;21;
Amar'e Stoudemire;F;27:57;10;15;0;0;2;2;2;8;10;1;0;0;0;3;22;
Amar'e Stoudemire;F;30:10;6;10;0;0;0;0;2;4;6;1;0;0;0;3;12;
Amar'e Stoudemire;F;27:24;7;14;0;0;2;2;2;0;2;0;0;1;1;2;16;
Amar'e Stoudemire;F;32:40;6;10;0;0;0;0;1;5;6;1;1;0;3;5;12;
Amar'e Stoudemire;F;29:50;8;16;0;0;3;5;1;5;6;0;0;1;0;2;19;
Amar'e Stoudemire;F;31:27;5;14;0;0;5;6;6;7;13;1;0;0;4;2;15;
Amar'e Stoudemire;F;20:55;4;6;0;0;5;6;1;5;6;2;0;2;2;4;13;
Amar'e Stoudemire;F;29:42;6;9;0;0;4;4;0;4;4;0;0;1;1;1;16;
Amar'e Stoudemire;F;29:41;5;9;0;0;2;2;2;3;5;1;1;1;2;3;12;
Amar'e Stoudemire;F;39:52;10;14;0;0;4;6;3;8;11;0;0;1;0;3;24;
Amar'e Stoudemire;F;34:26;5;8;0;0;2;3;2;1;3;2;1;1;0;2;12;
Amar'e Stoudemire;F;20:35;3;4;0;0;8;9;1;2;3;0;0;1;1;2;14;
Amar'e Stoudemire;F;19:39;3;7;0;0;2;2;2;3;5;1;0;0;1;1;8;
Amar'e Stoudemire;;10:40;2;3;0;0;1;2;0;1;1;1;1;0;3;4;5;
Amar'e Stoudemire;;11:13;1;3;0;0;0;0;1;2;3;1;0;0;5;0;2;
Amar'e Stoudemire;;8:28;2;2;0;0;1;2;0;2;2;1;1;0;1;1;5;
Amar'e Stoudemire;;13:26;1;5;0;0;0;2;1;1;2;0;0;0;0;2;2;
Amar'e Stoudemire;;5:03;0;3;0;0;0;0;0;1;1;0;0;0;0;0;0;
Amar'e Stoudemire;;13:60;2;5;0;0;1;2;0;2;2;1;0;0;0;2;5;
Amar'e Stoudemire;;15:07;3;7;0;0;0;0;3;2;5;1;0;0;0;1;6;
Amar'e Stoudemire;;21:37;5;5;0;0;2;4;2;2;4;1;1;0;0;2;12;
Amar'e Stoudemire;;24:51;5;12;0;0;0;0;4;2;6;2;0;1;2;2;10;
Amar'e Stoudemire;;20:20;2;5;0;0;0;1;0;2;2;0;1;0;2;4;4;
Amar'e Stoudemire;;15:22;2;7;0;0;0;0;1;3;4;0;1;0;0;2;4;
Amar'e Stoudemire;;13:46;2;3;0;0;0;0;0;2;2;0;0;0;3;2;4;
Amar'e Stoudemire;;19:22;5;6;0;0;1;2;1;3;4;0;0;1;1;3;11;
Amar'e Stoudemire;;20:58;5;7;0;0;7;10;0;2;2;0;0;1;1;2;17;
Amar'e Stoudemire;;27:20;7;10;0;0;1;1;2;3;5;0;1;2;1;1;15;
Amar'e Stoudemire;;29:40;7;11;0;0;0;0;3;6;9;1;2;1;1;4;14;
Amar'e Stoudemire;;30:17;7;9;0;0;4;5;0;5;5;0;1;1;0;4;18;
Amar'e Stoudemire;;19:16;4;8;0;0;1;2;5;0;5;0;0;0;1;3;9;
Amar'e Stoudemire;;19:06;1;7;0;0;2;4;1;3;4;0;2;0;2;3;4;
Amar'e Stoudemire;;17:09;2;4;0;0;2;4;1;1;2;1;1;0;1;1;6;
Amar'e Stoudemire;;17:41;3;9;0;0;0;0;2;4;6;0;0;0;2;4;6;
Amar'e Stoudemire;;27:05;10;16;0;0;2;4;2;0;2;1;0;1;2;4;22;
Amar'e Stoudemire;;16:09;2;5;0;0;3;6;2;2;4;0;0;0;3;3;7;
Amar'e Stoudemire;;29:47;9;12;0;0;5;6;3;6;9;1;1;2;2;3;23;
