╔═══════════════╤═══════════════════════════════╗
║Name		│Amir Johnson			║
╟───────────────┼───────────────────────────────╢
║Number		│15				║
╟───────────────┼───────────────────────────────╢
║Position	│F				║
╟───────────────┼───────────────────────────────╢
║Height		│6-9				║
╟───────────────┼───────────────────────────────╢
║Weight		│210				║
╟───────────────┼───────────────────────────────╢
║Birth		│MAY 01, 1987			║
╟───────────────┼───────────────────────────────╢
║Age		│27				║
╟───────────────┼───────────────────────────────╢
║Exp		│8				║
╟───────────────┼───────────────────────────────╢
║School		│Westchester HS (Los Angeles)	║
╚═══════════════╧═══════════════════════════════╝
Amir Johnson;F;32:15;3;5;0;0;0;0;1;4;5;1;0;2;2;1;6;
Amir Johnson;F;34:12;8;12;1;2;0;0;1;6;7;2;0;2;3;3;17;
Amir Johnson;F;36:58;7;13;0;1;3;5;2;6;8;2;0;3;3;2;17;
Amir Johnson;F;20:37;0;5;0;1;0;0;0;3;3;0;1;0;0;1;0;
Amir Johnson;F;33:26;4;13;0;2;2;2;5;6;11;1;1;4;3;4;10;
Amir Johnson;F;31:52;1;6;0;1;1;2;2;2;4;2;0;2;2;2;3;
Amir Johnson;F;19:53;3;8;0;1;0;0;3;3;6;0;0;0;1;3;6;
Amir Johnson;F;25:59;2;4;0;0;2;6;2;3;5;1;1;1;1;6;6;
Amir Johnson;F;32:28;7;11;1;2;4;6;0;2;2;1;0;1;1;5;19;
Amir Johnson;F;29:29;6;13;1;4;0;0;3;3;6;2;2;0;4;3;13;
Amir Johnson;F;17:11;1;4;0;0;0;0;2;1;3;0;0;0;0;1;2;
Amir Johnson;F;31:20;4;7;1;1;0;0;1;5;6;0;1;0;0;2;9;
Amir Johnson;F;24:28;4;8;0;0;1;1;0;7;7;4;1;2;2;2;9;
Amir Johnson;F;24:28;4;4;0;0;0;0;2;1;3;2;0;0;1;5;8;
Amir Johnson;F;30:18;2;5;0;0;4;4;3;3;6;1;0;1;3;3;8;
Amir Johnson;F;35:18;10;20;1;2;1;2;2;9;11;3;2;0;1;4;22;
Amir Johnson;F;18:23;2;6;0;0;2;2;2;7;9;1;1;3;1;4;6;
Amir Johnson;F;15:30;1;2;0;1;0;0;1;3;4;0;0;0;1;4;2;
Amir Johnson;F;29:01;5;12;0;0;1;3;5;6;11;2;1;2;0;3;11;
Amir Johnson;F;18:23;1;3;0;0;1;2;2;1;3;1;1;0;3;3;3;
Amir Johnson;F;24:31;4;6;0;1;0;0;3;2;5;2;0;0;1;6;8;
Amir Johnson;;25:05;6;8;0;0;2;4;0;5;5;1;1;1;2;4;14;
Amir Johnson;;26:37;4;6;0;0;1;3;1;2;3;4;2;1;2;4;9;
Amir Johnson;F;24:44;2;9;0;0;0;0;4;3;7;4;1;2;1;2;4;
Amir Johnson;F;23:28;5;7;0;0;2;2;3;5;8;3;1;0;1;2;12;
Amir Johnson;F;36:07;4;6;1;3;0;0;0;6;6;4;0;2;4;4;9;
Amir Johnson;F;42:45;5;10;1;2;5;8;2;7;9;0;1;2;1;6;16;
Amir Johnson;F;30:12;4;9;0;0;1;2;1;8;9;5;0;0;1;3;9;
Amir Johnson;F;24:57;4;4;0;0;1;2;2;7;9;1;0;1;3;4;9;
Amir Johnson;F;32:24;7;9;1;2;0;3;0;2;2;3;0;2;4;4;15;
Amir Johnson;F;36:05;8;14;0;1;0;0;0;5;5;2;2;4;1;3;16;
Amir Johnson;F;32:59;8;14;0;0;4;6;5;5;10;1;2;1;1;4;20;
Amir Johnson;F;35:02;6;10;0;1;0;0;4;4;8;2;2;0;2;3;12;
Amir Johnson;F;33:01;9;12;0;0;2;4;0;2;2;2;0;1;2;5;20;
Amir Johnson;F;33:27;5;8;0;0;1;2;4;7;11;3;0;0;3;5;11;
Amir Johnson;F;35:11;8;13;1;1;0;0;3;6;9;2;1;2;0;2;17;
Amir Johnson;F;44:53;12;19;0;1;1;2;6;6;12;4;1;5;3;3;25;
Amir Johnson;F;29:35;3;7;0;0;0;0;4;4;8;1;3;1;2;3;6;
Amir Johnson;F;33:43;6;9;0;0;0;0;6;3;9;2;1;2;0;5;12;
Amir Johnson;F;30:02;4;6;1;2;1;2;3;4;7;2;0;0;2;5;10;
Amir Johnson;F;28:18;4;8;0;0;0;0;2;6;8;0;0;2;2;5;8;
Amir Johnson;F;34:31;2;5;0;0;0;0;2;1;3;1;1;0;2;1;4;
Amir Johnson;F;23:50;2;3;0;0;0;2;1;5;6;1;0;0;1;4;4;
Amir Johnson;F;2:58;0;0;0;0;0;0;0;2;2;0;0;0;0;0;0;
Amir Johnson;F;17:03;0;1;0;0;0;0;0;3;3;2;0;1;0;1;0;
Amir Johnson;F;16:50;3;3;0;0;2;3;0;2;2;1;2;2;0;5;8;
Amir Johnson;F;27:51;4;7;2;2;0;1;1;4;5;3;1;0;2;3;10;
Amir Johnson;F;14:56;1;3;0;1;0;2;0;4;4;0;1;0;2;2;2;
Amir Johnson;F;24:18;6;8;1;3;0;0;2;1;3;2;0;1;0;4;13;
Amir Johnson;F;32:59;6;9;1;3;0;0;2;6;8;2;2;0;0;4;13;
Amir Johnson;F;32:36;5;7;1;2;0;0;5;3;8;3;0;0;1;2;11;
Amir Johnson;F;23:42;3;7;0;0;0;0;1;5;6;2;0;0;2;2;6;
Amir Johnson;F;36:30;6;9;1;2;0;0;1;6;7;1;1;0;2;4;13;
Amir Johnson;F;34:06;5;8;0;2;2;2;5;5;10;1;0;0;3;3;12;
Amir Johnson;F;26:36;3;9;1;2;0;0;5;6;11;1;0;3;1;4;7;
Amir Johnson;F;29:28;4;9;0;0;2;6;4;6;10;0;0;1;2;5;10;
Amir Johnson;F;30:07;4;8;0;1;6;6;1;1;2;0;0;1;2;5;14;
Amir Johnson;F;20:32;1;3;0;1;1;2;1;3;4;1;2;3;4;3;3;
Amir Johnson;F;34:32;3;5;0;0;2;2;4;3;7;4;1;0;3;6;8;
Amir Johnson;F;25:15;3;8;0;1;1;2;1;4;5;0;1;2;2;3;7;
Amir Johnson;F;24:44;7;8;0;1;0;1;1;3;4;2;1;1;0;5;14;
Amir Johnson;F;32:28;2;7;0;2;2;2;0;5;5;1;0;0;1;5;6;
Amir Johnson;F;16:16;1;2;0;0;0;0;0;1;1;0;0;1;0;2;2;
Amir Johnson;;14:26;0;1;0;0;0;0;0;3;3;0;0;0;1;3;0;
Amir Johnson;;33:07;7;10;0;1;2;2;5;5;10;1;1;1;2;3;16;
Amir Johnson;;33:14;9;15;0;0;4;4;3;4;7;0;0;3;1;5;22;
Amir Johnson;F;35:36;14;17;0;1;4;4;4;6;10;1;2;2;3;4;32;
Amir Johnson;F;28:22;9;11;0;1;1;2;3;6;9;0;0;1;1;4;19;
Amir Johnson;F;36:31;8;11;1;1;0;0;1;9;10;1;1;2;0;4;17;
Amir Johnson;F;29:36;6;11;0;0;2;3;2;6;8;3;0;2;3;3;14;
Amir Johnson;F;39:33;5;9;0;0;0;0;6;7;13;4;2;1;1;6;10;
Amir Johnson;F;38:42;5;8;1;2;4;6;2;4;6;0;3;0;0;5;15;
Amir Johnson;F;32:04;7;11;1;1;2;2;5;8;13;1;1;0;1;4;17;
Amir Johnson;F;28:50;3;7;0;0;1;2;2;6;8;0;0;2;2;4;7;
Amir Johnson;F;26:33;3;6;0;2;1;1;1;4;5;1;2;1;2;3;7;
Amir Johnson;F;32:44;3;6;0;2;2;3;6;2;8;1;0;4;3;3;8;
Amir Johnson;F;27:58;1;4;0;0;7;8;2;4;6;0;0;1;3;3;9;
