╔═══════════════╤═══════════════════════╗
║Name		│Anderson Varejao	║
╟───────────────┼───────────────────────╢
║Number		│17			║
╟───────────────┼───────────────────────╢
║Position	│C			║
╟───────────────┼───────────────────────╢
║Height		│6-11			║
╟───────────────┼───────────────────────╢
║Weight		│267			║
╟───────────────┼───────────────────────╢
║Birth		│SEP 28, 1982		║
╟───────────────┼───────────────────────╢
║Age		│31			║
╟───────────────┼───────────────────────╢
║Exp		│9			║
╟───────────────┼───────────────────────╢
║School		│Santa Teresa, Brazil	║
╚═══════════════╧═══════════════════════╝
Anderson Varejao;C;39:24;8;17;0;0;2;4;8;17;25;3;0;1;1;3;18;
Anderson Varejao;C;35:32;2;6;0;0;0;0;4;8;12;1;0;2;2;2;4;
Anderson Varejao;C;27:05;3;9;0;0;1;1;4;9;13;1;2;1;1;4;7;
Anderson Varejao;C;26:22;8;10;0;0;2;5;3;11;14;2;0;1;1;2;18;
Anderson Varejao;C;32:59;1;6;0;0;0;0;1;13;14;4;2;1;0;4;2;
Anderson Varejao;C;25:36;4;7;0;0;2;2;0;7;7;6;1;0;2;3;10;
Anderson Varejao;C;36:46;7;11;0;0;4;4;7;11;18;6;0;0;2;3;18;
Anderson Varejao;C;38:09;4;7;0;0;0;0;4;10;14;4;3;2;2;3;8;
Anderson Varejao;C;30:48;2;5;0;0;3;4;3;13;16;7;3;1;2;2;7;
Anderson Varejao;C;37:55;7;12;0;0;4;6;4;17;21;4;2;0;1;5;18;
Anderson Varejao;C;34:05;5;10;0;0;0;1;7;4;11;5;2;0;3;3;10;
Anderson Varejao;C;26:04;8;11;0;0;0;0;1;3;4;3;2;1;3;2;16;
Anderson Varejao;C;34:13;1;9;0;0;0;3;4;6;10;4;1;0;1;1;2;
Anderson Varejao;C;24:47;3;8;0;0;4;4;2;3;5;0;3;0;0;1;10;
Anderson Varejao;C;34:32;7;16;0;0;1;1;7;6;13;5;2;0;1;4;15;
Anderson Varejao;C;22:25;2;5;0;0;2;2;3;2;5;1;0;0;1;1;6;
Anderson Varejao;C;43:23;2;6;0;0;0;2;2;12;14;5;0;1;1;1;4;
Anderson Varejao;;9:20;2;2;0;0;0;0;1;2;3;0;0;0;0;1;4;
Anderson Varejao;;15:13;3;7;0;0;0;0;3;4;7;0;1;0;0;0;6;
Anderson Varejao;;20:01;2;4;0;0;1;2;0;6;6;1;1;0;1;3;5;
Anderson Varejao;;18:31;1;3;0;0;0;2;5;7;12;1;1;0;1;2;2;
Anderson Varejao;;25:47;7;11;0;0;2;2;0;11;11;1;3;1;2;6;16;
Anderson Varejao;;19:18;3;5;0;0;2;2;2;6;8;1;2;0;2;3;8;
Anderson Varejao;;23:33;5;7;0;1;2;2;3;8;11;2;1;1;1;3;12;
Anderson Varejao;;20:07;2;3;0;0;0;2;0;4;4;1;0;0;3;3;4;
Anderson Varejao;;22:56;4;8;0;1;3;4;3;5;8;2;1;0;2;3;11;
Anderson Varejao;;31:19;5;9;0;0;2;4;7;9;16;0;1;0;0;4;12;
Anderson Varejao;;29:18;3;8;0;0;2;3;4;9;13;0;1;0;1;3;8;
Anderson Varejao;;13:30;2;3;0;0;2;2;0;6;6;0;0;0;1;0;6;
Anderson Varejao;;24:24;3;8;0;0;3;4;1;4;5;2;0;0;0;1;9;
Anderson Varejao;;23:21;2;3;0;0;0;0;1;2;3;1;1;0;1;6;4;
Anderson Varejao;;21:02;5;8;0;0;1;2;5;7;12;2;1;0;0;2;11;
Anderson Varejao;;17:09;1;3;0;0;1;2;0;6;6;1;0;0;1;2;3;
Anderson Varejao;;16:11;2;4;0;0;0;0;1;5;6;0;0;0;1;2;4;
Anderson Varejao;C;34:36;5;9;0;0;1;4;3;5;8;3;0;1;0;3;11;
Anderson Varejao;C;29:25;0;4;0;1;2;2;3;4;7;2;0;0;2;4;2;
Anderson Varejao;C;29:07;6;9;0;0;2;2;2;4;6;0;3;0;4;4;14;
Anderson Varejao;C;29:20;6;7;0;0;0;0;2;4;6;4;1;1;0;3;12;
Anderson Varejao;C;32:30;6;9;0;0;0;0;3;5;8;3;3;0;0;3;12;
Anderson Varejao;C;32:10;1;7;0;1;0;0;2;2;4;3;2;0;0;2;2;
Anderson Varejao;C;37:46;5;10;0;0;3;4;4;5;9;2;2;3;3;3;13;
Anderson Varejao;;29:16;2;5;0;0;1;2;3;3;6;3;2;2;2;3;5;
Anderson Varejao;C;28:33;5;8;0;0;3;4;3;2;5;3;1;0;0;3;13;
Anderson Varejao;C;32:42;2;5;0;0;0;0;3;10;13;1;0;1;1;1;4;
Anderson Varejao;;34:41;0;3;0;1;2;2;2;6;8;6;1;0;0;2;2;
Anderson Varejao;;35:15;7;10;0;0;0;0;5;6;11;0;1;0;1;5;14;
Anderson Varejao;;27:31;1;3;0;0;2;3;0;9;9;0;1;1;1;2;4;
Anderson Varejao;;12:50;4;5;0;0;1;2;1;5;6;1;0;0;2;3;9;
Anderson Varejao;;21:55;3;10;0;1;4;5;2;5;7;3;2;0;0;0;10;
Anderson Varejao;;25:58;4;9;0;0;2;3;5;7;12;0;2;1;1;2;10;
Anderson Varejao;;23:37;3;7;0;0;0;0;2;3;5;0;1;0;0;3;6;
Anderson Varejao;;27:50;7;9;0;0;4;6;3;10;13;3;2;3;1;0;18;
Anderson Varejao;;20:41;1;6;0;0;0;0;1;5;6;4;1;0;0;1;2;
Anderson Varejao;;22:41;3;7;0;0;0;0;5;12;17;1;0;1;2;3;6;
Anderson Varejao;;30:31;3;4;0;0;3;3;2;5;7;5;0;0;0;2;9;
Anderson Varejao;;31:35;4;7;0;0;2;2;2;12;14;1;1;2;1;1;10;
Anderson Varejao;;31:21;2;5;0;0;2;4;2;6;8;4;0;1;1;0;6;
Anderson Varejao;;24:53;2;7;0;0;1;2;3;6;9;0;0;0;0;0;5;
Anderson Varejao;;34:06;2;6;0;0;1;1;6;7;13;1;1;3;2;5;5;
Anderson Varejao;;24:09;3;6;0;0;0;0;3;3;6;2;1;0;1;3;6;
Anderson Varejao;;18:47;1;1;0;0;0;0;1;3;4;1;1;0;1;3;2;
Anderson Varejao;;29:36;4;7;0;1;0;0;5;11;16;3;1;2;3;3;8;
Anderson Varejao;C;29:03;1;2;0;0;4;4;1;7;8;2;0;0;1;2;6;
Anderson Varejao;C;36:38;3;8;0;0;2;2;2;10;12;1;1;2;0;2;8;
Anderson Varejao;C;30:10;5;13;0;0;4;6;6;5;11;2;1;1;1;4;14;
