╔═══════════════╤═══════════════════════╗
║Name		│Andrew Bynum		║
╟───────────────┼───────────────────────╢
║Number		│17			║
╟───────────────┼───────────────────────╢
║Position	│C			║
╟───────────────┼───────────────────────╢
║Height		│7-0			║
╟───────────────┼───────────────────────╢
║Weight		│285			║
╟───────────────┼───────────────────────╢
║Birth		│OCT 27, 1987		║
╟───────────────┼───────────────────────╢
║Age		│26			║
╟───────────────┼───────────────────────╢
║Exp		│7			║
╟───────────────┼───────────────────────╢
║School		│St. Joseph HS (NJ)	║
╚═══════════════╧═══════════════════════╝
Andrew Bynum;;15:37;3;4;0;0;2;3;3;7;10;1;0;0;3;3;8;
Andrew Bynum;;19:60;6;18;0;0;3;4;3;6;9;1;0;1;1;0;15;
Andrew Bynum;;7:34;1;5;0;0;1;1;2;1;3;2;0;2;1;1;3;
Andrew Bynum;;10:46;2;7;0;0;1;2;1;2;3;0;0;0;0;1;5;
Andrew Bynum;;18:40;2;6;0;0;6;6;2;2;4;1;0;3;1;2;10;
Andrew Bynum;;14:19;2;7;0;0;0;0;1;3;4;0;0;0;1;2;4;
Andrew Bynum;;17:46;2;3;0;0;0;0;1;4;5;1;1;1;1;0;4;
Andrew Bynum;C;20:57;3;5;0;0;5;5;2;4;6;2;0;2;3;1;11;
Andrew Bynum;C;21:11;2;8;0;0;2;2;1;2;3;0;1;1;2;0;6;
Andrew Bynum;C;12:33;1;3;0;0;0;0;0;1;1;0;0;0;1;0;2;
Andrew Bynum;C;18:11;3;5;0;0;2;3;1;0;1;4;0;2;1;3;8;
Andrew Bynum;C;20:36;8;15;0;0;0;0;2;4;6;0;0;1;1;3;16;
Andrew Bynum;C;23:27;2;10;0;0;0;0;3;4;7;1;0;0;2;3;4;
Andrew Bynum;C;15:08;2;7;0;0;0;0;0;2;2;0;0;1;0;0;4;
Andrew Bynum;C;30:13;8;14;0;0;4;4;3;7;10;3;0;5;1;1;20;
Andrew Bynum;C;20:10;6;15;0;0;2;2;4;3;7;1;0;1;2;1;14;
Andrew Bynum;C;26:37;9;14;0;0;2;7;9;4;13;2;0;2;3;1;20;
Andrew Bynum;C;24:17;8;13;0;0;2;2;2;4;6;0;0;0;0;0;18;
Andrew Bynum;C;24:12;1;6;0;0;1;2;1;7;8;2;0;1;2;1;3;
Andrew Bynum;C;18:04;1;3;0;0;0;0;1;1;2;0;1;0;1;0;2;
Andrew Bynum;C;17:31;2;2;0;0;0;0;2;2;4;2;0;0;1;2;4;
Andrew Bynum;C;26:37;6;12;0;0;1;2;2;7;9;2;2;0;2;2;13;
Andrew Bynum;C;24:12;3;14;0;0;2;2;1;6;7;1;0;3;0;0;8;
Andrew Bynum;C;26:45;9;15;0;0;1;2;2;5;7;2;1;0;2;3;19;
Andrew Bynum;C;22:28;0;11;0;0;0;0;4;3;7;1;0;2;2;1;0;
Andrew Bynum;C;17:49;2;3;0;0;0;0;0;1;1;0;0;1;0;0;4;
