╔═══════════════╤═══════════════╗
║Name		│Andrew Bogut	║
╟───────────────┼───────────────╢
║Number		│12		║
╟───────────────┼───────────────╢
║Position	│C		║
╟───────────────┼───────────────╢
║Height		│7-0		║
╟───────────────┼───────────────╢
║Weight		│260		║
╟───────────────┼───────────────╢
║Birth		│NOV 28, 1984	║
╟───────────────┼───────────────╢
║Age		│29		║
╟───────────────┼───────────────╢
║Exp		│8		║
╟───────────────┼───────────────╢
║School		│Utah		║
╚═══════════════╧═══════════════╝
Andrew Bogut;C;17:45;3;5;0;0;0;0;0;3;3;1;0;0;0;1;6;
Andrew Bogut;C;17:50;3;5;0;0;0;0;3;6;9;3;1;3;2;2;6;
Andrew Bogut;C;25:53;7;9;0;0;1;2;2;9;11;2;2;4;1;2;15;
Andrew Bogut;C;24:22;4;6;0;0;0;0;4;9;13;3;0;1;3;2;8;
Andrew Bogut;C;31:02;5;7;0;0;0;0;1;8;9;0;1;2;0;2;10;
Andrew Bogut;C;28:20;2;6;0;0;0;0;4;9;13;3;0;1;0;3;4;
Andrew Bogut;C;24:09;5;6;0;0;0;0;2;8;10;1;1;2;4;2;10;
Andrew Bogut;C;21:40;4;5;0;0;0;5;2;3;5;0;2;0;2;2;8;
Andrew Bogut;C;33:44;5;5;0;0;0;0;5;10;15;2;0;5;2;5;10;
Andrew Bogut;C;30:53;5;8;0;0;0;0;3;10;13;2;1;2;3;5;10;
Andrew Bogut;C;32:01;4;5;0;0;0;0;3;8;11;1;0;7;0;5;8;
Andrew Bogut;C;25:09;2;3;0;0;0;0;3;3;6;0;1;2;1;3;4;
Andrew Bogut;C;28:48;2;3;0;0;0;0;2;12;14;2;0;3;2;3;4;
Andrew Bogut;C;28:03;7;11;0;0;0;0;7;10;17;0;1;3;1;5;14;
Andrew Bogut;C;36:16;8;11;0;0;0;0;4;13;17;5;2;3;1;3;16;
Andrew Bogut;C;29:51;3;8;0;0;0;0;7;8;15;1;1;0;3;5;6;
Andrew Bogut;C;29:24;1;5;0;0;2;4;2;5;7;4;1;1;1;6;4;
Andrew Bogut;C;23:01;4;5;0;0;0;0;1;5;6;0;0;1;4;4;8;
Andrew Bogut;C;12:27;3;3;0;0;0;1;1;6;7;1;0;0;1;5;6;
Andrew Bogut;C;30:34;2;4;0;0;0;2;4;6;10;1;2;3;1;0;4;
Andrew Bogut;C;22:10;1;3;0;0;1;2;1;5;6;1;1;3;0;4;3;
Andrew Bogut;C;23:46;2;4;0;0;0;0;4;4;8;4;1;4;1;4;4;
Andrew Bogut;C;22:07;5;6;0;0;0;0;3;6;9;3;2;1;2;2;10;
Andrew Bogut;C;14:26;2;2;0;0;0;0;0;1;1;0;1;0;0;2;4;
Andrew Bogut;C;30:02;7;9;0;0;1;2;2;8;10;1;0;1;1;5;15;
Andrew Bogut;C;25:46;3;5;0;0;0;1;1;5;6;3;0;1;0;5;6;
Andrew Bogut;C;27:54;2;4;0;0;0;0;3;9;12;3;0;3;1;5;4;
Andrew Bogut;C;26:35;3;5;0;0;0;0;3;4;7;3;1;3;1;2;6;
Andrew Bogut;C;26:60;4;5;0;0;0;0;1;11;12;2;0;0;0;4;8;
Andrew Bogut;C;26:48;1;7;0;0;0;0;6;11;17;2;0;4;1;4;2;
Andrew Bogut;C;4:01;0;1;0;0;0;0;1;1;2;1;0;0;1;0;0;
Andrew Bogut;C;22:32;3;4;0;0;0;0;1;10;11;2;1;0;1;4;6;
Andrew Bogut;C;26:41;2;4;0;0;0;0;3;5;8;1;0;2;1;3;4;
Andrew Bogut;C;23:20;2;2;0;0;0;0;2;7;9;1;0;2;0;2;4;
Andrew Bogut;C;31:41;1;3;0;0;0;0;2;7;9;4;1;0;0;4;2;
Andrew Bogut;C;17:59;1;2;0;0;0;0;1;7;8;4;2;2;0;4;2;
Andrew Bogut;C;28:09;6;7;0;0;5;7;2;4;6;0;0;1;1;5;17;
Andrew Bogut;C;20:28;3;6;0;0;0;2;0;6;6;1;1;4;1;1;6;
Andrew Bogut;C;22:57;1;1;0;0;2;4;0;7;7;3;2;1;1;4;4;
Andrew Bogut;C;16:18;1;2;0;0;0;0;0;5;5;4;0;2;3;6;2;
Andrew Bogut;C;32:14;3;7;0;0;0;0;4;9;13;5;0;0;3;5;6;
Andrew Bogut;C;29:41;0;3;0;0;1;4;1;6;7;2;0;1;4;3;1;
Andrew Bogut;C;24:24;4;7;0;0;0;0;2;7;9;1;1;2;4;3;8;
Andrew Bogut;C;29:02;3;7;0;0;0;0;2;5;7;2;3;0;1;4;6;
Andrew Bogut;C;30:05;5;7;0;0;2;2;5;6;11;2;0;2;2;4;12;
Andrew Bogut;C;32:53;4;12;0;0;0;0;3;10;13;1;1;4;1;2;8;
Andrew Bogut;C;43:13;6;8;0;0;0;0;3;11;14;2;0;2;1;4;12;
Andrew Bogut;C;32:22;5;9;0;0;2;7;4;9;13;5;2;1;1;4;12;
Andrew Bogut;C;34:54;2;4;0;0;0;0;3;9;12;1;0;2;2;5;4;
Andrew Bogut;C;27:46;4;6;0;0;0;2;3;7;10;1;0;0;1;1;8;
Andrew Bogut;C;31:14;6;8;0;0;2;3;4;4;8;0;0;4;4;6;14;
Andrew Bogut;C;23:59;3;3;0;0;0;2;2;10;12;1;2;3;0;4;6;
Andrew Bogut;C;25:26;5;7;0;0;0;0;2;3;5;1;0;0;2;1;10;
Andrew Bogut;C;18:22;2;3;0;0;0;0;2;3;5;0;0;1;0;5;4;
Andrew Bogut;C;27:08;4;8;0;0;0;0;7;5;12;1;1;2;2;2;8;
Andrew Bogut;C;25:21;4;4;0;0;0;0;1;11;12;1;0;2;2;4;8;
Andrew Bogut;C;34:44;3;5;0;0;0;0;4;14;18;1;0;2;2;0;6;
Andrew Bogut;C;26:58;5;7;0;0;0;0;3;8;11;2;2;1;2;3;10;
Andrew Bogut;C;36:39;4;6;0;0;1;6;2;12;14;2;1;3;4;3;9;
Andrew Bogut;C;20:40;4;5;0;0;0;0;2;8;10;0;0;1;1;1;8;
Andrew Bogut;C;32:23;3;3;0;0;2;2;2;16;18;2;2;3;2;1;8;
Andrew Bogut;C;27:55;6;12;0;0;0;0;9;11;20;0;1;2;2;3;12;
Andrew Bogut;C;30:32;2;4;0;0;0;2;5;6;11;1;0;3;1;1;4;
Andrew Bogut;C;27:48;5;8;0;0;0;0;6;8;14;1;2;0;0;2;10;
Andrew Bogut;C;21:37;4;8;0;0;0;0;1;5;6;0;0;3;2;2;8;
Andrew Bogut;C;28:48;6;7;0;0;0;0;2;3;5;2;0;0;3;2;12;
Andrew Bogut;C;21:40;4;5;0;0;0;2;2;9;11;0;0;0;0;0;8;
