╔═══════════════╤═══════════════╗
║Name		│Andre Drummond	║
╟───────────────┼───────────────╢
║Number		│0		║
╟───────────────┼───────────────╢
║Position	│C		║
╟───────────────┼───────────────╢
║Height		│6-10		║
╟───────────────┼───────────────╢
║Weight		│270		║
╟───────────────┼───────────────╢
║Birth		│AUG 10, 1993	║
╟───────────────┼───────────────╢
║Age		│20		║
╟───────────────┼───────────────╢
║Exp		│1		║
╟───────────────┼───────────────╢
║School		│Connecticut	║
╚═══════════════╧═══════════════╝
Andre Drummond;C;35:42;6;10;0;0;3;8;7;7;14;2;1;2;1;4;15;
Andre Drummond;C;35:37;4;8;0;0;4;6;5;12;17;0;0;1;0;2;12;
Andre Drummond;C;35:23;2;6;0;0;2;6;5;11;16;0;1;2;2;5;6;
Andre Drummond;C;31:28;5;12;0;0;1;3;6;6;12;2;0;6;1;3;11;
Andre Drummond;C;27:08;5;9;0;0;3;7;4;9;13;0;3;5;1;0;13;
Andre Drummond;C;32:09;3;5;0;0;4;8;3;10;13;0;0;3;3;3;10;
Andre Drummond;C;27:13;5;6;0;0;0;2;2;11;13;0;0;0;1;4;10;
Andre Drummond;C;34:13;5;6;0;0;5;8;3;8;11;0;2;2;2;4;15;
Andre Drummond;C;33:09;4;7;0;0;3;4;4;8;12;1;2;3;1;2;11;
Andre Drummond;C;39:25;9;17;0;0;3;6;10;10;20;1;1;2;2;4;21;
Andre Drummond;C;26:08;2;5;0;0;0;2;3;3;6;1;1;0;1;2;4;
Andre Drummond;C;32:32;5;7;0;0;3;4;5;12;17;0;1;2;1;1;13;
Andre Drummond;C;23:05;10;11;0;0;2;5;6;8;14;0;1;5;1;4;22;
Andre Drummond;C;24:07;5;6;0;0;2;4;6;6;12;1;2;2;2;3;12;
Andre Drummond;C;39:08;6;10;0;0;3;5;8;6;14;1;0;2;3;5;15;
Andre Drummond;C;39:51;7;12;0;0;2;8;8;14;22;1;1;1;3;4;16;
Andre Drummond;C;35:24;8;13;0;0;2;2;8;7;15;2;2;3;0;4;18;
Andre Drummond;C;26:11;7;10;0;0;0;2;6;3;9;0;1;3;1;5;14;
Andre Drummond;C;35:15;7;13;0;1;2;3;10;7;17;1;2;0;2;5;16;
Andre Drummond;C;34:12;8;15;0;0;0;2;11;11;22;1;1;2;1;5;16;
Andre Drummond;C;33:13;4;7;0;0;0;0;3;3;6;0;1;0;2;4;8;
Andre Drummond;C;33:23;10;11;0;0;0;8;5;6;11;0;3;1;0;3;20;
Andre Drummond;C;19:46;3;6;0;0;2;4;1;2;3;0;1;1;0;5;8;
Andre Drummond;C;25:22;5;8;0;0;1;2;5;4;9;0;0;3;2;5;11;
Andre Drummond;C;40:04;7;12;0;0;2;2;6;11;17;2;2;2;0;2;16;
Andre Drummond;C;32:22;8;11;0;0;0;1;4;13;17;0;1;2;0;5;16;
Andre Drummond;C;46:14;6;9;0;0;5;7;7;19;26;0;2;3;0;2;17;
Andre Drummond;C;38:29;7;8;0;0;1;1;5;2;7;1;0;0;0;2;15;
Andre Drummond;C;21:17;3;7;0;0;0;0;3;4;7;0;0;2;0;6;6;
Andre Drummond;C;38:14;8;13;0;0;2;3;10;12;22;0;1;0;2;2;18;
Andre Drummond;C;32:58;6;9;0;0;3;4;5;3;8;0;0;5;2;5;15;
Andre Drummond;C;33:40;6;10;0;0;4;8;4;5;9;0;2;1;1;2;16;
Andre Drummond;C;5:28;2;4;0;0;0;0;0;3;3;0;0;0;1;1;4;
Andre Drummond;C;36:23;5;7;0;0;3;7;5;11;16;0;1;1;2;3;13;
Andre Drummond;C;37:49;8;12;0;0;0;0;4;8;12;1;0;0;1;1;16;
Andre Drummond;C;34:01;9;10;0;0;1;3;2;12;14;0;2;0;2;4;19;
Andre Drummond;C;26:14;3;6;0;0;0;4;1;10;11;1;0;0;2;3;6;
Andre Drummond;C;34:58;4;7;0;0;1;2;6;8;14;0;1;0;1;3;9;
Andre Drummond;C;24:15;3;5;0;0;2;6;2;4;6;1;0;2;1;3;8;
Andre Drummond;C;28:13;5;9;0;0;0;0;8;8;16;0;2;0;2;4;10;
Andre Drummond;C;31:20;5;9;0;0;3;6;6;8;14;0;0;1;1;2;13;
Andre Drummond;C;42:15;10;14;0;0;3;7;9;9;18;2;1;0;0;3;23;
Andre Drummond;C;40:20;9;11;0;0;1;2;7;13;20;0;0;1;2;2;19;
Andre Drummond;C;31:01;7;9;0;0;5;11;5;12;17;0;2;2;2;5;19;
Andre Drummond;C;29:18;5;10;0;0;1;7;7;7;14;0;1;0;3;2;11;
Andre Drummond;C;41:51;11;17;0;0;4;9;12;14;26;0;3;1;2;4;26;
Andre Drummond;C;31:16;5;9;0;0;4;8;6;11;17;2;2;3;3;5;14;
Andre Drummond;C;27:54;9;16;0;0;4;8;8;5;13;0;2;1;0;6;22;
Andre Drummond;C;26:18;6;7;0;0;0;0;3;5;8;1;0;0;1;5;12;
Andre Drummond;C;47:43;6;13;0;0;0;1;8;8;16;0;3;2;2;3;12;
Andre Drummond;C;39:39;7;13;0;0;1;4;3;9;12;0;2;2;1;2;15;
Andre Drummond;C;34:07;3;5;0;0;0;0;2;7;9;0;1;1;1;5;6;
Andre Drummond;C;22:41;2;3;0;0;0;0;2;1;3;0;1;2;1;4;4;
Andre Drummond;C;42:27;8;9;0;0;0;2;7;9;16;2;2;1;0;1;16;
Andre Drummond;C;28:34;8;10;0;0;0;0;8;6;14;0;3;3;0;3;16;
Andre Drummond;C;36:28;7;13;0;0;1;3;8;10;18;1;2;0;4;2;15;
Andre Drummond;C;37:35;7;9;0;0;0;2;3;10;13;0;2;1;1;2;14;
Andre Drummond;C;35:47;6;7;0;0;1;5;4;7;11;1;2;3;3;4;13;
Andre Drummond;C;35:08;5;11;0;0;0;0;3;9;12;0;4;1;0;4;10;
Andre Drummond;C;35:17;6;7;0;0;3;8;4;12;16;0;0;2;0;3;15;
Andre Drummond;C;27:07;4;6;0;0;1;4;5;5;10;0;1;0;2;1;9;
Andre Drummond;C;24:34;6;10;0;0;0;0;2;6;8;1;2;0;1;5;12;
Andre Drummond;C;39:01;5;10;0;0;0;2;4;7;11;0;2;0;2;3;10;
Andre Drummond;C;16:04;5;10;0;0;3;4;6;5;11;0;1;1;0;4;13;
Andre Drummond;C;32:59;12;15;0;0;7;18;6;13;19;0;6;2;1;2;31;
Andre Drummond;C;22:37;4;7;0;0;2;6;8;10;18;0;2;1;0;6;10;
Andre Drummond;C;37:37;8;13;0;0;8;14;7;12;19;0;2;3;2;3;24;
Andre Drummond;C;30:29;4;11;0;0;0;0;8;6;14;1;0;2;3;4;8;
Andre Drummond;C;35:57;8;11;0;0;3;6;8;6;14;0;2;2;1;1;19;
Andre Drummond;C;28:38;4;9;0;0;0;1;4;4;8;0;0;2;1;2;8;
Andre Drummond;C;34:53;5;9;0;0;0;0;4;7;11;0;0;1;1;3;10;
Andre Drummond;C;39:07;8;11;0;0;6;8;3;10;13;0;1;2;3;3;22;
Andre Drummond;C;43:34;6;15;0;1;1;5;6;8;14;0;3;3;2;5;13;
Andre Drummond;C;20:42;4;5;0;0;1;6;6;3;9;0;0;0;1;4;9;
Andre Drummond;C;38:14;7;11;0;0;0;0;8;8;16;1;0;2;3;2;14;
Andre Drummond;C;34:26;7;13;0;0;0;2;10;5;15;0;0;5;3;3;14;
Andre Drummond;C;28:37;4;5;0;0;1;2;2;4;6;1;2;4;0;5;9;
Andre Drummond;C;33:33;7;10;0;0;0;2;5;6;11;0;0;1;0;3;14;
Andre Drummond;C;23:07;5;12;0;0;0;4;8;3;11;1;0;1;2;5;10;
Andre Drummond;C;28:49;2;5;0;0;0;0;2;5;7;1;1;2;3;3;4;
Andre Drummond;C;32:18;7;10;0;0;2;4;7;9;16;0;2;1;2;5;16;
