╔═══════════════╤═══════════════════════╗
║Name		│Andrew Nicholson	║
╟───────────────┼───────────────────────╢
║Number		│44			║
╟───────────────┼───────────────────────╢
║Position	│F			║
╟───────────────┼───────────────────────╢
║Height		│6-9			║
╟───────────────┼───────────────────────╢
║Weight		│250			║
╟───────────────┼───────────────────────╢
║Birth		│DEC 08, 1989		║
╟───────────────┼───────────────────────╢
║Age		│24			║
╟───────────────┼───────────────────────╢
║Exp		│1			║
╟───────────────┼───────────────────────╢
║School		│St. Bonaventure	║
╚═══════════════╧═══════════════════════╝
Andrew Nicholson;;20:02;5;11;0;3;2;2;3;3;6;0;0;1;1;2;12;
Andrew Nicholson;F;6:26;0;4;0;0;0;0;0;0;0;0;0;0;0;1;0;
Andrew Nicholson;;4:20;0;0;0;0;0;0;0;0;0;0;0;0;1;0;0;
Andrew Nicholson;;11:11;2;4;0;1;1;2;1;4;5;1;0;0;0;1;5;
Andrew Nicholson;;14:57;1;3;1;1;0;2;2;5;7;0;0;1;0;0;3;
Andrew Nicholson;;16:43;1;5;0;2;0;0;1;3;4;0;0;1;0;4;2;
Andrew Nicholson;;null;3;3;0;0;0;0;0;2;2;0;1;0;1;1;6;
Andrew Nicholson;;11:43;1;4;0;1;0;0;0;2;2;0;1;0;2;2;2;
Andrew Nicholson;;10:20;1;4;0;0;2;2;1;2;3;0;0;0;0;1;4;
Andrew Nicholson;;14:59;1;6;0;2;0;0;0;2;2;1;0;0;1;0;2;
Andrew Nicholson;;3:36;1;2;0;0;0;0;0;1;1;0;0;0;0;0;2;
Andrew Nicholson;;3:28;0;0;0;0;0;0;1;1;2;0;0;0;0;0;0;
Andrew Nicholson;;6:52;0;0;0;0;0;0;0;0;0;0;0;0;1;0;0;
Andrew Nicholson;;16:21;1;4;0;0;0;0;1;2;3;2;0;0;0;2;2;
Andrew Nicholson;;3:17;0;1;0;0;0;0;0;0;0;0;0;0;0;0;0;
Andrew Nicholson;;9:09;0;1;0;0;0;0;2;1;3;0;1;3;1;2;0;
Andrew Nicholson;;12:30;1;6;0;0;0;0;0;1;1;1;0;0;1;1;2;
Andrew Nicholson;;6:13;3;4;0;0;0;0;0;1;1;1;1;0;0;1;6;
Andrew Nicholson;;8:28;2;4;0;1;0;0;0;1;1;0;0;0;1;0;4;
Andrew Nicholson;;7:38;1;3;0;0;0;0;1;3;4;0;0;1;1;2;2;
Andrew Nicholson;;15:36;4;9;1;2;0;0;1;2;3;1;0;0;0;2;9;
Andrew Nicholson;;11:46;0;2;0;1;0;0;0;1;1;0;0;0;2;2;0;
Andrew Nicholson;;13:15;0;5;0;1;0;0;1;4;5;0;0;0;0;1;0;
Andrew Nicholson;;11:29;1;3;0;0;0;0;2;0;2;1;1;1;0;1;2;
Andrew Nicholson;;19:14;1;6;1;1;0;0;1;7;8;0;0;0;0;4;3;
Andrew Nicholson;;19:56;1;6;0;0;2;2;1;1;2;2;0;0;0;4;4;
Andrew Nicholson;;10:46;1;2;0;0;0;0;0;0;0;0;0;0;0;2;2;
Andrew Nicholson;;15:15;1;5;0;2;0;0;0;1;1;0;2;0;1;2;2;
Andrew Nicholson;;9:39;3;4;0;0;0;0;0;0;0;0;0;0;2;5;6;
Andrew Nicholson;;15:44;3;9;0;1;0;0;0;2;2;1;0;0;1;2;6;
Andrew Nicholson;;6:29;0;0;0;0;0;0;0;0;0;1;0;0;0;3;0;
Andrew Nicholson;;8:39;3;5;0;0;0;0;0;1;1;0;0;0;0;0;6;
Andrew Nicholson;;12:37;3;6;0;0;2;2;0;1;1;1;0;0;0;0;8;
Andrew Nicholson;;13:37;3;7;1;1;2;2;1;3;4;0;0;0;1;4;9;
Andrew Nicholson;;7:37;3;5;1;2;0;0;0;2;2;0;0;0;1;0;7;
Andrew Nicholson;;6:58;1;3;0;1;0;0;0;2;2;1;0;0;0;0;2;
Andrew Nicholson;;5:25;0;2;0;0;0;0;0;2;2;0;0;0;0;0;0;
Andrew Nicholson;;6:55;0;1;0;1;0;0;0;0;0;0;0;0;0;4;0;
Andrew Nicholson;;12:30;2;6;0;1;0;0;0;1;1;1;0;0;0;3;4;
Andrew Nicholson;C;13:11;0;1;0;0;0;0;1;2;3;0;0;0;0;4;0;
Andrew Nicholson;;20:12;0;4;0;0;0;0;1;1;2;1;0;0;1;1;0;
Andrew Nicholson;;24:50;4;7;0;0;1;2;0;3;3;0;0;0;1;1;9;
Andrew Nicholson;;22:09;2;8;0;1;0;0;2;3;5;1;1;0;0;6;4;
Andrew Nicholson;;26:23;5;8;0;1;2;2;1;6;7;0;2;0;1;6;12;
Andrew Nicholson;;21:22;8;9;3;3;0;0;0;4;4;0;0;1;0;4;19;
Andrew Nicholson;;33:07;4;8;0;0;2;2;0;4;4;1;0;0;1;1;10;
Andrew Nicholson;;19:17;8;10;2;2;0;0;1;3;4;0;1;0;1;4;18;
Andrew Nicholson;;19:05;6;12;1;2;0;0;1;6;7;0;0;0;1;5;13;
Andrew Nicholson;;29:57;4;10;1;4;0;0;0;5;5;0;0;0;3;3;9;
Andrew Nicholson;;26:14;6;13;0;3;5;5;3;8;11;0;0;1;0;1;17;
Andrew Nicholson;;24:44;4;16;0;3;1;1;1;7;8;0;0;2;0;1;9;
Andrew Nicholson;;20:54;2;6;0;1;2;2;2;9;11;0;0;0;1;2;6;
Andrew Nicholson;;25:31;5;9;0;1;3;5;1;5;6;1;1;0;2;4;13;
Andrew Nicholson;;13:09;4;7;0;1;0;0;0;1;1;0;0;1;2;4;8;
Andrew Nicholson;;3:05;1;2;0;1;0;0;1;0;1;0;0;0;0;0;2;
Andrew Nicholson;;15:09;4;5;0;0;0;1;1;5;6;0;0;0;3;2;8;
Andrew Nicholson;;5:55;0;0;0;0;0;0;0;0;0;1;0;0;0;1;0;
Andrew Nicholson;;18:58;0;3;0;1;2;4;1;2;3;1;1;1;0;3;2;
Andrew Nicholson;;25:47;5;8;3;4;6;6;2;6;8;0;0;0;0;1;19;
Andrew Nicholson;;25:13;8;11;1;2;1;1;2;6;8;0;0;1;0;3;18;
Andrew Nicholson;;16:50;5;7;1;2;0;0;2;3;5;0;0;0;0;4;11;
Andrew Nicholson;;18:20;3;6;2;2;0;0;0;1;1;0;0;0;1;1;8;
Andrew Nicholson;;22:55;0;2;0;1;4;4;1;4;5;0;1;0;1;2;4;
Andrew Nicholson;;33:27;3;6;0;0;0;0;0;2;2;0;2;1;3;2;6;
Andrew Nicholson;F;27:48;4;6;0;0;0;0;0;3;3;0;0;1;2;4;8;
Andrew Nicholson;F;21:30;4;11;1;5;2;2;2;2;4;0;0;1;0;2;11;
Andrew Nicholson;F;37:26;8;12;2;3;1;1;1;10;11;0;0;4;1;4;19;
Andrew Nicholson;;16:59;4;9;2;6;0;0;0;3;3;0;0;0;3;4;10;
Andrew Nicholson;;25:12;4;12;2;5;2;2;3;7;10;1;0;0;0;5;12;
Andrew Nicholson;;14:31;1;3;0;0;0;0;0;3;3;0;0;0;1;1;2;
Andrew Nicholson;;16:25;2;6;0;1;0;0;1;4;5;1;0;0;1;1;4;
Andrew Nicholson;;17:09;2;8;0;0;2;2;1;2;3;2;0;0;0;3;6;
Andrew Nicholson;;21:11;3;9;1;4;0;1;0;3;3;0;1;0;2;0;7;
Andrew Nicholson;;4:08;0;1;0;0;0;0;0;0;0;0;1;0;0;0;0;
Andrew Nicholson;;7:55;0;3;0;2;0;0;0;1;1;0;0;1;0;1;0;
Andrew Nicholson;;13:44;2;6;1;3;0;0;0;3;3;0;0;0;0;0;5;
