╔═══════════════╤═══════════════╗
║Name		│Andre Roberson	║
╟───────────────┼───────────────╢
║Number		│21		║
╟───────────────┼───────────────╢
║Position	│G-F		║
╟───────────────┼───────────────╢
║Height		│6-7		║
╟───────────────┼───────────────╢
║Weight		│210		║
╟───────────────┼───────────────╢
║Birth		│DEC 04, 1991	║
╟───────────────┼───────────────╢
║Age		│22		║
╟───────────────┼───────────────╢
║Exp		│R		║
╟───────────────┼───────────────╢
║School		│Colorado	║
╚═══════════════╧═══════════════╝
Andre Roberson;;6:36;1;2;0;0;0;0;0;1;1;1;1;0;0;0;2;
Andre Roberson;;10:30;0;0;0;0;0;0;0;1;1;2;2;0;0;2;0;
Andre Roberson;;13:04;2;3;0;1;1;2;2;4;6;0;1;1;0;3;5;
Andre Roberson;;2:11;0;1;0;0;0;0;0;0;0;0;0;0;0;0;0;
Andre Roberson;;8:34;1;3;0;0;0;0;2;1;3;1;2;1;0;3;2;
Andre Roberson;;0:34;0;0;0;0;1;2;0;0;0;0;1;0;0;0;1;
Andre Roberson;;0:18;0;0;0;0;0;0;0;1;1;0;0;0;0;0;0;
Andre Roberson;;1:18;0;0;0;0;0;0;0;0;0;0;0;0;1;1;0;
Andre Roberson;;13:26;2;4;0;0;0;0;1;2;3;0;0;0;2;4;4;
Andre Roberson;;1:54;0;0;0;0;0;0;0;0;0;0;0;0;0;0;0;
Andre Roberson;;6:28;1;2;0;0;0;0;3;0;3;0;1;0;0;0;2;
Andre Roberson;;8:02;1;1;0;0;0;0;0;2;2;1;0;0;1;3;2;
Andre Roberson;;13:25;0;0;0;0;0;0;1;1;2;1;0;1;0;3;0;
Andre Roberson;G;24:07;3;6;0;1;2;2;2;5;7;0;1;0;1;4;8;
Andre Roberson;G;23:39;1;3;0;1;0;0;1;3;4;0;2;0;1;5;2;
Andre Roberson;G;14:16;1;3;0;1;0;0;1;1;2;0;0;0;2;3;2;
Andre Roberson;G;17:07;2;8;0;2;0;0;3;1;4;0;0;0;1;3;4;
Andre Roberson;G;14:08;0;0;0;0;0;0;0;4;4;1;1;0;0;6;0;
Andre Roberson;G;18:25;1;2;0;0;0;0;1;3;4;2;1;2;1;6;2;
Andre Roberson;G;13:12;0;1;0;0;0;0;1;2;3;1;1;0;0;3;0;
Andre Roberson;G;15:14;3;3;0;0;0;0;0;0;0;0;0;1;0;1;6;
Andre Roberson;G;18:28;0;2;0;0;0;0;1;2;3;0;0;0;0;1;0;
Andre Roberson;G;14:45;2;2;1;1;0;0;2;3;5;0;0;0;1;2;5;
Andre Roberson;G;13:34;0;3;0;2;0;0;1;3;4;1;1;1;1;2;0;
Andre Roberson;G;5:19;0;0;0;0;0;0;0;2;2;0;0;0;0;1;0;
Andre Roberson;;4:57;0;0;0;0;0;0;0;0;0;0;0;0;0;1;0;
Andre Roberson;;6:23;3;3;0;0;0;0;1;1;2;0;1;1;0;0;6;
Andre Roberson;;9:16;0;2;0;1;0;0;4;1;5;0;0;0;1;0;0;
Andre Roberson;;1:32;1;1;0;0;0;0;1;1;2;0;0;0;2;0;2;
Andre Roberson;G;12:46;1;1;0;0;0;0;1;0;1;0;0;0;0;1;2;
Andre Roberson;;1:49;0;0;0;0;0;0;0;0;0;0;0;0;0;1;0;
Andre Roberson;;12:48;0;0;0;0;1;2;1;1;2;1;0;0;1;4;1;
Andre Roberson;;0:47;0;0;0;0;0;0;0;0;0;0;0;0;0;0;0;
Andre Roberson;G;12:15;1;1;0;0;0;0;1;4;5;0;0;1;0;1;2;
Andre Roberson;G;19:08;2;3;1;1;2;2;2;2;4;0;1;0;3;4;7;
Andre Roberson;G;22:15;1;4;0;2;0;0;2;2;4;1;2;1;0;3;2;
Andre Roberson;;1:16;0;0;0;0;0;0;0;0;0;0;0;0;0;0;0;
Andre Roberson;;2:25;1;1;0;0;0;0;0;1;1;0;0;0;0;0;2;
Andre Roberson;;5:35;2;2;0;0;0;0;1;1;2;1;0;0;0;0;4;
Andre Roberson;;7:17;0;1;0;0;0;0;0;2;2;1;0;0;0;3;0;
