╔═══════════════╤═══════════════╗
║Name		│Andre Iguodala	║
╟───────────────┼───────────────╢
║Number		│9		║
╟───────────────┼───────────────╢
║Position	│F-G		║
╟───────────────┼───────────────╢
║Height		│6-6		║
╟───────────────┼───────────────╢
║Weight		│207		║
╟───────────────┼───────────────╢
║Birth		│JAN 28, 1984	║
╟───────────────┼───────────────╢
║Age		│30		║
╟───────────────┼───────────────╢
║Exp		│9		║
╟───────────────┼───────────────╢
║School		│Arizona	║
╚═══════════════╧═══════════════╝
Andre Iguodala;F;33:51;3;6;2;2;0;0;0;6;6;6;2;0;3;2;8;
Andre Iguodala;F;26:48;3;5;1;3;0;0;1;2;3;5;1;0;0;0;7;
Andre Iguodala;F;28:03;3;5;0;0;3;4;0;4;4;3;1;1;1;0;9;
Andre Iguodala;F;29:04;3;3;3;3;2;4;0;7;7;5;0;0;0;2;11;
Andre Iguodala;F;30:16;1;5;1;3;0;0;1;7;8;3;1;1;1;4;3;
Andre Iguodala;F;38:07;9;14;2;5;2;3;1;4;5;7;3;0;0;1;22;
Andre Iguodala;F;36:24;1;7;0;4;1;2;0;2;2;6;3;0;1;1;3;
Andre Iguodala;F;29:33;1;8;0;3;0;2;2;1;3;2;2;0;0;0;2;
Andre Iguodala;F;35:50;3;7;0;1;2;2;0;3;3;3;1;2;2;1;8;
Andre Iguodala;F;29:30;2;5;1;3;2;2;0;2;2;3;4;0;3;3;7;
Andre Iguodala;F;32:49;6;9;1;3;3;5;0;5;5;2;1;0;2;2;16;
Andre Iguodala;F;37:04;5;11;2;3;0;0;2;8;10;5;1;0;0;2;12;
Andre Iguodala;F;33:13;2;7;0;2;1;2;2;6;8;3;3;0;2;0;5;
Andre Iguodala;F;30:08;3;7;0;3;2;3;0;3;3;3;1;0;1;1;8;
Andre Iguodala;F;36:52;1;6;0;4;2;3;1;5;6;2;2;0;1;0;4;
Andre Iguodala;F;33:44;3;8;0;3;0;0;1;3;4;0;1;0;2;1;6;
Andre Iguodala;F;40:31;3;10;0;1;1;3;2;6;8;6;2;0;2;4;7;
Andre Iguodala;F;39:18;5;9;1;2;1;3;3;5;8;0;0;0;1;3;12;
Andre Iguodala;F;33:14;4;9;1;5;2;2;2;5;7;6;2;2;1;2;11;
Andre Iguodala;F;39:32;4;7;1;2;0;0;1;5;6;5;2;0;2;4;9;
Andre Iguodala;F;36:27;6;11;0;4;1;1;0;3;3;2;2;0;0;3;13;
Andre Iguodala;F;38:31;4;8;1;3;2;2;2;6;8;7;1;0;0;0;11;
Andre Iguodala;F;44:11;4;8;0;3;0;0;1;10;11;6;4;1;0;4;8;
Andre Iguodala;F;26:37;2;10;0;3;0;0;1;1;2;2;0;1;2;0;4;
Andre Iguodala;F;21:05;1;8;0;2;3;4;1;6;7;4;1;0;1;2;5;
Andre Iguodala;F;26:06;2;8;0;2;3;5;0;5;5;3;3;0;0;1;7;
Andre Iguodala;F;30:29;2;4;0;2;4;4;2;4;6;5;0;0;3;3;8;
Andre Iguodala;F;23:24;3;9;0;1;0;0;0;2;2;1;0;0;0;1;6;
Andre Iguodala;F;22:56;5;9;1;1;0;0;1;3;4;1;1;0;1;2;11;
Andre Iguodala;F;31:17;5;9;1;1;2;2;1;1;2;5;1;0;5;1;13;
Andre Iguodala;F;35:33;2;6;1;2;2;4;2;3;5;6;4;0;2;0;7;
Andre Iguodala;F;25:31;2;4;0;2;0;2;2;1;3;5;0;2;1;0;4;
Andre Iguodala;F;30:54;5;7;1;1;2;3;0;4;4;4;1;0;2;1;13;
Andre Iguodala;F;30:47;3;6;3;6;2;2;0;2;2;3;2;0;1;1;11;
Andre Iguodala;F;30:22;2;5;0;1;0;0;2;3;5;2;1;0;1;3;4;
Andre Iguodala;F;28:51;2;3;1;1;0;0;1;4;5;3;0;0;2;1;5;
Andre Iguodala;F;33:54;1;4;1;2;9;10;1;4;5;6;0;1;1;3;12;
Andre Iguodala;F;40:37;7;9;2;3;0;1;2;6;8;7;1;0;0;0;16;
Andre Iguodala;F;17:18;2;4;0;0;0;0;0;4;4;2;2;0;0;2;4;
Andre Iguodala;F;21:35;4;6;1;3;2;2;0;1;1;1;1;0;2;0;11;
Andre Iguodala;F;26:56;2;6;0;3;2;2;1;3;4;3;2;0;0;2;6;
Andre Iguodala;F;37:03;7;10;1;3;0;0;0;5;5;4;1;0;2;2;15;
Andre Iguodala;F;27:49;3;7;1;3;0;0;0;4;4;4;2;1;2;1;7;
Andre Iguodala;F;42:49;5;8;1;3;3;6;1;3;4;11;2;0;3;1;14;
Andre Iguodala;F;39:20;2;5;1;3;0;0;1;5;6;5;0;1;2;2;5;
Andre Iguodala;F;32:39;11;18;7;11;3;4;1;2;3;3;3;1;1;2;32;
Andre Iguodala;F;41:39;8;13;1;3;3;6;1;2;3;6;3;0;3;5;20;
Andre Iguodala;G;44:03;4;7;0;2;1;2;0;6;6;2;4;0;6;0;9;
Andre Iguodala;F;33:02;8;10;2;4;1;5;1;4;5;4;1;0;0;2;19;
Andre Iguodala;F;31:57;2;6;2;3;2;2;1;2;3;11;2;0;3;2;8;
Andre Iguodala;F;37:25;5;6;2;2;2;2;0;1;1;9;1;1;0;5;14;
Andre Iguodala;F;37:51;6;8;3;5;1;2;0;6;6;3;4;0;2;3;16;
Andre Iguodala;F;38:16;2;4;2;3;5;6;0;7;7;4;1;0;0;1;11;
Andre Iguodala;G;47:45;3;14;0;4;1;2;0;4;4;14;2;0;4;2;7;
Andre Iguodala;G;27:56;1;4;1;2;3;4;1;2;3;6;0;0;6;1;6;
Andre Iguodala;F;17:23;1;4;0;2;0;0;0;0;0;3;0;0;1;3;2;
Andre Iguodala;F;31:02;3;4;0;1;0;0;1;4;5;2;2;0;4;1;6;
Andre Iguodala;F;24:24;1;6;0;3;1;2;1;1;2;1;2;0;3;4;3;
Andre Iguodala;F;30:51;5;10;2;4;0;0;1;5;6;2;0;1;3;0;12;
Andre Iguodala;F;33:19;3;5;3;3;0;2;2;2;4;4;2;0;1;0;9;
Andre Iguodala;F;25:00;3;4;2;2;0;0;1;2;3;0;0;0;2;0;8;
Andre Iguodala;F;39:25;3;7;0;3;2;3;1;6;7;10;3;2;2;3;8;
Andre Iguodala;F;21:33;3;6;2;5;0;0;0;2;2;2;0;0;1;0;8;
