╔═══════════════╤═══════════════╗
║Name		│Andre Miller	║
╟───────────────┼───────────────╢
║Number		│24		║
╟───────────────┼───────────────╢
║Position	│G		║
╟───────────────┼───────────────╢
║Height		│6-2		║
╟───────────────┼───────────────╢
║Weight		│200		║
╟───────────────┼───────────────╢
║Birth		│MAR 19, 1976	║
╟───────────────┼───────────────╢
║Age		│38		║
╟───────────────┼───────────────╢
║Exp		│14		║
╟───────────────┼───────────────╢
║School		│Utah		║
╚═══════════════╧═══════════════╝
Andre Miller;;16:19;1;3;0;0;3;4;1;2;3;3;0;0;1;1;5;
Andre Miller;;13:07;1;4;0;0;0;0;0;2;2;3;0;0;0;3;2;
Andre Miller;;14:05;1;3;1;1;2;2;2;0;2;3;1;0;1;0;5;
Andre Miller;;13:48;5;7;0;0;1;2;0;3;3;2;2;0;1;3;11;
Andre Miller;;14:55;0;2;0;0;2;2;0;0;0;3;0;0;2;3;2;
Andre Miller;;10:07;0;1;0;0;0;0;0;0;0;1;0;0;0;2;0;
Andre Miller;;13:09;1;4;0;0;0;0;1;2;3;6;1;0;0;0;2;
Andre Miller;;11:56;3;5;0;0;0;0;0;1;1;6;2;0;0;2;6;
Andre Miller;;14:43;1;2;0;0;0;0;0;5;5;5;0;0;1;1;2;
Andre Miller;;13:35;3;4;0;1;0;0;0;1;1;5;0;0;1;2;6;
Andre Miller;;12:49;1;3;0;0;5;6;1;0;1;1;1;0;0;2;7;
Andre Miller;;12:31;0;1;0;0;2;2;0;1;1;3;1;0;0;1;2;
Andre Miller;;19:02;1;6;0;0;2;3;0;2;2;4;0;0;2;3;4;
Andre Miller;;14:16;0;1;0;0;0;0;1;0;1;2;1;0;2;1;0;
Andre Miller;;13:25;3;3;1;1;1;2;0;0;0;2;1;0;1;1;8;
Andre Miller;;12:59;1;3;0;0;0;0;0;1;1;1;0;1;2;3;2;
Andre Miller;;21:35;3;6;0;0;1;1;0;5;5;2;4;0;1;1;7;
Andre Miller;;10:42;1;2;0;0;2;2;2;4;6;2;1;1;0;1;4;
Andre Miller;;18:45;4;4;0;0;2;2;0;1;1;3;1;0;1;3;10;
Andre Miller;;18:44;2;5;0;0;0;0;1;2;3;9;1;0;1;1;4;
Andre Miller;;19:49;1;1;0;0;0;0;1;3;4;8;0;0;2;1;2;
Andre Miller;;15:17;3;7;0;0;0;0;1;3;4;3;0;0;1;1;6;
Andre Miller;;8:35;0;3;0;0;0;0;0;0;0;0;0;0;1;0;0;
Andre Miller;;10:50;2;4;0;0;0;0;0;1;1;1;1;0;2;0;4;
Andre Miller;;10:52;0;0;0;0;0;0;0;2;2;4;0;0;2;6;0;
Andre Miller;;13:37;0;0;0;0;0;0;0;1;1;2;1;0;0;0;0;
Andre Miller;;21:44;0;1;0;0;2;2;1;2;3;9;0;0;1;1;2;
Andre Miller;;19:34;2;2;0;0;0;0;0;1;1;4;0;0;2;0;4;
Andre Miller;;21:17;6;9;0;0;0;0;0;3;3;3;0;0;1;0;12;
Andre Miller;;16:52;4;4;0;0;2;5;0;4;4;0;1;0;0;0;10;
Andre Miller;;29:16;2;6;2;2;0;0;0;5;5;1;0;0;0;0;6;
Andre Miller;;20:41;3;5;1;1;0;0;0;1;1;7;0;1;1;2;7;
Andre Miller;;13:35;1;5;0;0;4;4;0;1;1;4;0;0;0;1;6;
Andre Miller;;26:37;5;8;1;1;4;4;1;0;1;1;0;0;1;3;15;
Andre Miller;;21:14;3;10;0;2;1;1;0;2;2;5;0;0;1;0;7;
Andre Miller;;20:36;4;8;2;2;3;5;2;3;5;3;0;0;1;0;13;
Andre Miller;;15:33;0;3;0;0;0;0;0;2;2;1;1;0;2;2;0;
Andre Miller;;11:21;0;1;0;0;1;2;0;1;1;2;2;0;0;1;1;
Andre Miller;;14:13;1;1;0;0;0;0;0;3;3;4;0;2;1;1;2;
Andre Miller;;15:23;0;2;0;0;0;0;0;2;2;4;0;0;0;0;0;
Andre Miller;;19:06;2;3;0;0;0;0;3;3;6;3;0;0;1;1;4;
Andre Miller;;20:30;4;10;0;0;2;2;2;3;5;6;0;0;1;1;10;
Andre Miller;;19:59;3;5;1;1;0;0;1;1;2;1;1;0;4;0;7;
Andre Miller;;23:06;4;7;1;1;0;0;0;4;4;7;1;0;0;2;9;
Andre Miller;;22:17;0;0;0;0;0;0;0;2;2;7;0;0;2;1;0;
Andre Miller;;17:02;0;2;0;0;0;0;1;0;1;4;0;0;0;2;0;
Andre Miller;;23:57;5;6;0;1;0;0;1;0;1;0;2;0;3;1;10;
Andre Miller;G;28:47;3;9;0;1;2;2;1;3;4;7;1;0;1;2;8;
Andre Miller;G;21:53;0;5;0;2;3;6;0;1;1;5;2;0;4;1;3;
Andre Miller;;27:53;3;5;0;0;5;6;0;3;3;7;2;1;3;2;11;
Andre Miller;;15:30;4;9;1;2;0;0;1;2;3;1;0;0;1;2;9;
Andre Miller;;5:40;0;2;0;0;0;0;1;0;1;0;0;0;1;0;0;
Andre Miller;;16:30;1;1;0;0;4;4;0;1;1;4;0;0;1;1;6;
Andre Miller;;15:38;0;4;0;1;0;0;1;1;2;2;0;0;0;1;0;
Andre Miller;;29:51;6;8;0;0;2;3;1;3;4;8;1;1;0;2;14;
Andre Miller;;15:10;0;3;0;1;0;0;0;0;0;1;1;0;1;1;0;
Andre Miller;;11:05;1;1;0;0;2;3;0;1;1;2;0;2;0;2;4;
Andre Miller;;9:43;1;2;0;0;0;0;0;2;2;0;0;0;2;0;2;
