╔═══════════════╤═══════════════════════╗
║Name		│Andrei Kirilenko	║
╟───────────────┼───────────────────────╢
║Number		│47			║
╟───────────────┼───────────────────────╢
║Position	│F			║
╟───────────────┼───────────────────────╢
║Height		│6-9			║
╟───────────────┼───────────────────────╢
║Weight		│235			║
╟───────────────┼───────────────────────╢
║Birth		│FEB 18, 1981		║
╟───────────────┼───────────────────────╢
║Age		│33			║
╟───────────────┼───────────────────────╢
║Exp		│11			║
╟───────────────┼───────────────────────╢
║School		│St. Petersburg, Russia	║
╚═══════════════╧═══════════════════════╝
Andrei Kirilenko;;14:53;3;3;0;0;3;4;2;0;2;1;0;0;0;1;9;
Andrei Kirilenko;;14:07;2;3;0;0;4;4;0;2;2;0;0;0;0;1;8;
Andrei Kirilenko;;21:21;1;3;0;0;6;10;2;1;3;4;0;0;2;1;8;
Andrei Kirilenko;;18:22;3;7;0;0;2;3;2;4;6;2;1;0;2;1;8;
Andrei Kirilenko;;22:06;0;2;0;0;1;2;4;1;5;1;2;0;1;4;1;
Andrei Kirilenko;;19:08;3;6;0;0;0;0;0;1;1;0;1;0;2;1;6;
Andrei Kirilenko;;21:21;1;1;0;0;2;2;2;2;4;3;0;1;2;0;4;
Andrei Kirilenko;;23:19;1;4;0;0;1;2;2;2;4;2;1;0;1;5;3;
Andrei Kirilenko;;21:31;2;6;0;0;0;0;0;3;3;0;0;2;2;1;4;
Andrei Kirilenko;;20:04;2;4;0;0;2;2;0;3;3;1;1;1;1;0;6;
Andrei Kirilenko;;24:00;4;6;0;0;3;4;2;2;4;1;2;0;1;0;11;
Andrei Kirilenko;;23:55;2;5;0;0;0;0;1;1;2;2;2;1;2;1;4;
Andrei Kirilenko;;26:09;1;3;0;0;2;4;1;7;8;6;1;0;2;4;4;
Andrei Kirilenko;;6:15;1;2;0;0;0;0;1;1;2;0;0;0;0;0;2;
Andrei Kirilenko;;19:52;2;2;0;0;0;3;2;1;3;0;1;1;3;2;4;
Andrei Kirilenko;;18:18;3;5;0;1;0;0;2;6;8;2;0;0;2;2;6;
Andrei Kirilenko;;21:23;3;3;1;1;1;3;1;1;2;0;1;0;2;1;8;
Andrei Kirilenko;;23:34;2;2;0;0;0;2;1;2;3;1;3;1;0;2;4;
Andrei Kirilenko;;31:40;2;5;0;0;2;2;3;6;9;3;0;1;2;3;6;
Andrei Kirilenko;F;35:28;4;8;0;1;2;6;4;6;10;3;4;1;4;2;10;
Andrei Kirilenko;;11:59;1;1;0;0;0;0;0;1;1;0;1;0;0;0;2;
Andrei Kirilenko;;9:36;2;3;0;1;5;7;1;2;3;0;1;1;1;2;9;
Andrei Kirilenko;;26:10;3;5;0;0;1;5;1;1;2;5;1;1;2;1;7;
Andrei Kirilenko;;24:33;3;3;0;0;1;4;1;2;3;1;0;0;0;1;7;
Andrei Kirilenko;;17:02;1;2;0;0;0;0;0;2;2;2;2;0;2;1;2;
Andrei Kirilenko;;17:55;1;3;0;1;1;1;0;2;2;1;1;3;0;0;3;
Andrei Kirilenko;;18:22;2;3;0;0;1;2;0;1;1;3;1;1;2;4;5;
Andrei Kirilenko;;11:59;2;4;0;0;1;4;1;1;2;0;0;0;1;1;5;
Andrei Kirilenko;;17:18;1;2;0;0;0;2;1;1;2;2;1;1;1;4;2;
Andrei Kirilenko;;11:51;0;0;0;0;0;4;0;1;1;0;1;0;0;0;0;
Andrei Kirilenko;;17:14;3;4;0;0;0;2;0;2;2;1;0;0;1;0;6;
Andrei Kirilenko;;6:52;0;3;0;0;0;0;0;0;0;0;0;0;2;0;0;
Andrei Kirilenko;;19:21;0;1;0;0;0;0;0;3;3;4;2;1;0;0;0;
Andrei Kirilenko;;14:26;3;4;0;0;0;0;1;1;2;1;1;0;1;1;6;
Andrei Kirilenko;;10:47;0;0;0;0;1;2;0;3;3;0;0;0;0;1;1;
Andrei Kirilenko;;23:37;2;3;0;0;1;2;0;2;2;2;2;0;0;0;5;
Andrei Kirilenko;F;27:16;3;6;0;0;2;4;4;0;4;3;0;0;0;1;8;
Andrei Kirilenko;F;27:17;1;4;0;0;0;0;0;3;3;2;0;1;1;1;2;
Andrei Kirilenko;F;25:55;2;6;0;0;0;0;3;3;6;4;2;0;2;4;4;
Andrei Kirilenko;;27:32;2;7;0;0;5;7;2;2;4;3;1;1;2;1;9;
Andrei Kirilenko;;11:46;2;4;0;0;4;8;2;0;2;1;0;0;1;3;8;
Andrei Kirilenko;;11:11;1;5;0;0;1;2;2;2;4;1;1;0;1;4;3;
Andrei Kirilenko;;16:53;3;3;0;0;0;1;3;2;5;0;0;0;1;1;6;
Andrei Kirilenko;;12:47;0;2;0;0;6;8;0;2;2;2;2;0;0;0;6;
Andrei Kirilenko;;10:53;2;2;0;0;0;1;1;0;1;2;0;0;2;2;4;
