╔═══════════════╤═══════════════════════╗
║Name		│Andray Blatche		║
╟───────────────┼───────────────────────╢
║Number		│0			║
╟───────────────┼───────────────────────╢
║Position	│C-F			║
╟───────────────┼───────────────────────╢
║Height		│6-11			║
╟───────────────┼───────────────────────╢
║Weight		│260			║
╟───────────────┼───────────────────────╢
║Birth		│AUG 22, 1986		║
╟───────────────┼───────────────────────╢
║Age		│27			║
╟───────────────┼───────────────────────╢
║Exp		│8			║
╟───────────────┼───────────────────────╢
║School		│South Kent Prep (CT)	║
╚═══════════════╧═══════════════════════╝
Andray Blatche;;20:19;4;10;0;0;4;4;1;4;5;2;1;0;0;2;12;
Andray Blatche;;11:38;1;3;0;0;1;1;1;0;1;0;1;1;1;4;3;
Andray Blatche;;24:55;6;13;0;0;5;6;2;3;5;3;1;0;2;3;17;
Andray Blatche;;13:35;4;10;0;0;0;0;4;4;8;1;1;0;0;2;8;
Andray Blatche;;9:25;3;5;0;0;0;0;0;4;4;0;0;0;2;5;6;
Andray Blatche;;27:04;10;18;0;1;0;1;6;8;14;6;1;1;5;2;20;
Andray Blatche;;27:11;9;12;1;3;0;0;1;11;12;0;2;1;1;4;19;
Andray Blatche;;24:27;6;11;1;2;5;7;0;5;5;3;0;1;0;2;18;
Andray Blatche;;27:57;4;8;0;1;0;0;1;4;5;2;0;1;1;2;8;
Andray Blatche;;25:12;6;15;0;1;5;6;2;2;4;1;2;2;1;4;17;
Andray Blatche;;21:31;8;11;0;1;4;4;1;5;6;0;2;1;0;2;20;
Andray Blatche;;15:45;3;9;1;1;0;0;0;0;0;0;1;0;1;2;7;
Andray Blatche;;18:53;5;12;0;2;0;0;3;3;6;4;3;0;1;5;10;
Andray Blatche;C;14:43;3;7;0;1;2;4;2;2;4;2;2;0;0;1;8;
Andray Blatche;;6:16;3;4;0;0;0;0;1;0;1;0;0;0;3;3;6;
Andray Blatche;;23:51;6;11;0;1;1;1;0;5;5;0;1;1;1;1;13;
Andray Blatche;;23:26;3;9;0;2;2;2;1;0;1;1;2;0;0;0;8;
Andray Blatche;;31:05;11;20;0;0;3;4;2;4;6;1;1;1;1;4;25;
Andray Blatche;;28:07;6;9;0;0;2;4;2;6;8;1;2;0;2;2;14;
Andray Blatche;;19:57;2;10;0;2;6;8;1;2;3;1;1;0;0;2;10;
Andray Blatche;;13:45;1;6;0;1;1;2;0;2;2;1;0;0;0;2;3;
Andray Blatche;;17:39;4;6;1;1;0;0;2;7;9;1;4;0;0;2;9;
Andray Blatche;;29:41;5;12;0;0;9;9;6;7;13;2;3;1;0;3;19;
Andray Blatche;;28:29;4;11;0;1;3;3;1;4;5;3;3;0;1;3;11;
Andray Blatche;;16:02;4;6;0;0;4;5;0;4;4;2;1;3;2;3;12;
Andray Blatche;;23:37;3;7;1;1;4;5;1;2;3;0;0;0;0;0;11;
Andray Blatche;;26:08;2;7;0;0;0;0;0;3;3;2;0;0;2;2;4;
Andray Blatche;;28:49;4;7;0;0;1;2;1;3;4;2;2;1;1;4;9;
Andray Blatche;;25:58;5;10;0;0;1;3;3;1;4;3;0;1;1;3;11;
Andray Blatche;;24:39;3;7;0;0;3;4;2;2;4;2;0;1;2;4;9;
Andray Blatche;;20:43;3;5;0;0;1;2;1;4;5;2;0;0;1;2;7;
Andray Blatche;;25:37;6;10;0;0;1;3;1;4;5;1;1;0;1;1;13;
Andray Blatche;;21:35;4;10;0;0;2;3;2;2;4;1;0;0;2;1;10;
Andray Blatche;;25:32;2;6;1;1;0;0;1;2;3;3;0;0;2;5;5;
Andray Blatche;;21:50;3;8;0;2;6;7;2;3;5;1;1;1;1;2;12;
Andray Blatche;;29:48;2;7;0;0;3;4;1;6;7;5;1;2;1;3;7;
Andray Blatche;;25:03;4;5;0;0;2;4;0;4;4;1;1;1;1;1;10;
Andray Blatche;;20:34;7;11;0;0;0;1;4;2;6;2;2;2;5;2;14;
Andray Blatche;;19:54;6;12;0;1;1;2;2;2;4;2;0;2;4;4;13;
Andray Blatche;;17:47;1;3;1;1;0;2;1;1;2;1;0;0;2;1;3;
Andray Blatche;;19:29;5;7;0;0;4;4;0;3;3;2;0;0;0;1;14;
Andray Blatche;;11:19;4;8;0;0;2;2;0;5;5;2;1;1;1;1;10;
Andray Blatche;;6:55;2;3;0;0;0;0;1;0;1;0;1;0;2;1;4;
Andray Blatche;;19:26;2;4;1;2;3;3;1;3;4;1;1;0;6;2;8;
Andray Blatche;F;39:16;8;18;1;4;3;3;1;11;12;3;2;0;2;3;20;
Andray Blatche;;20:17;0;5;0;0;0;0;0;3;3;0;1;1;3;2;0;
Andray Blatche;;24:46;4;8;0;0;1;4;2;4;6;1;2;0;2;1;9;
Andray Blatche;;14:48;1;7;0;1;0;0;1;4;5;0;0;0;2;2;2;
Andray Blatche;;22:24;4;10;0;0;2;4;1;2;3;0;1;0;3;2;10;
Andray Blatche;;27:03;4;5;0;0;2;4;3;10;13;3;2;0;4;5;10;
Andray Blatche;;19:26;3;7;0;1;1;2;1;4;5;2;1;0;2;1;7;
Andray Blatche;;14:40;2;5;0;0;0;0;0;5;5;1;1;0;2;2;4;
Andray Blatche;;17:47;2;6;0;0;3;4;3;4;7;1;1;0;2;2;7;
Andray Blatche;C;33:41;8;11;1;1;2;2;3;5;8;2;1;0;1;3;19;
Andray Blatche;;22:54;4;10;0;0;2;2;1;4;5;1;2;2;0;2;10;
Andray Blatche;;28:52;11;14;0;1;3;4;4;3;7;1;1;0;2;2;25;
Andray Blatche;;21:43;7;14;0;0;2;2;2;2;4;0;0;0;4;3;16;
Andray Blatche;C;25:41;5;12;0;1;0;0;1;3;4;2;1;0;1;1;10;
Andray Blatche;C;31:30;10;16;0;1;4;4;3;2;5;0;2;2;2;0;24;
Andray Blatche;C;26:59;4;10;0;1;6;7;2;6;8;3;2;2;1;3;14;
Andray Blatche;F;10:25;0;6;0;0;0;0;2;1;3;0;1;0;1;0;0;
Andray Blatche;;21:31;7;10;3;3;4;5;3;5;8;1;1;1;1;1;21;
Andray Blatche;;24:04;5;12;0;2;5;9;2;4;6;1;0;0;1;2;15;
Andray Blatche;;13:04;1;3;0;1;0;2;1;1;2;3;0;0;3;4;2;
Andray Blatche;;19:41;4;12;0;1;3;4;3;5;8;1;1;0;2;3;11;
Andray Blatche;;20:05;4;11;0;0;3;3;3;6;9;2;1;1;1;1;11;
Andray Blatche;;27:44;7;11;0;1;7;8;2;7;9;3;0;0;1;2;21;
Andray Blatche;;31:32;7;15;0;1;6;9;4;8;12;0;1;1;1;5;20;
Andray Blatche;;25:27;8;12;0;0;4;5;1;4;5;1;2;0;3;2;20;
Andray Blatche;;24:13;4;9;2;2;2;2;0;1;1;4;0;2;1;1;12;
Andray Blatche;;20:54;3;10;0;1;0;0;1;2;3;2;1;0;0;2;6;
Andray Blatche;;25:42;4;9;0;2;3;4;3;4;7;2;1;0;1;3;11;
Andray Blatche;;26:08;1;11;0;0;5;6;3;2;5;2;0;0;1;1;7;
