╔═══════════════╤═══════════════╗
║Name		│Andrea Bargnani║
╟───────────────┼───────────────╢
║Number		│77		║
╟───────────────┼───────────────╢
║Position	│C-F		║
╟───────────────┼───────────────╢
║Height		│7-0		║
╟───────────────┼───────────────╢
║Weight		│250		║
╟───────────────┼───────────────╢
║Birth		│OCT 26, 1985	║
╟───────────────┼───────────────╢
║Age		│28		║
╟───────────────┼───────────────╢
║Exp		│7		║
╟───────────────┼───────────────╢
║School		│Rome, Italy	║
╚═══════════════╧═══════════════╝
Andrea Bargnani;F;22:19;3;8;0;1;4;4;2;1;3;1;0;1;2;2;10;
Andrea Bargnani;F;30:05;3;10;0;3;1;2;4;4;8;0;0;2;2;4;7;
Andrea Bargnani;F;26:22;6;12;1;1;0;0;1;5;6;0;0;0;3;3;13;
Andrea Bargnani;C;31:51;6;13;1;3;0;0;3;8;11;1;2;0;0;1;13;
Andrea Bargnani;C;42:04;9;13;0;0;1;1;1;4;5;0;0;1;0;3;19;
Andrea Bargnani;C;24:26;4;9;0;2;2;2;1;3;4;3;0;0;1;3;10;
Andrea Bargnani;C;33:28;3;8;0;2;4;4;1;6;7;1;0;1;2;3;10;
Andrea Bargnani;F;22:28;3;4;1;1;1;2;0;1;1;1;0;2;0;1;8;
Andrea Bargnani;F;31:48;3;9;0;1;0;0;2;5;7;0;0;2;2;2;6;
Andrea Bargnani;F;36:06;5;12;0;2;3;4;3;3;6;1;0;1;3;3;13;
Andrea Bargnani;;19:13;2;6;0;0;1;1;0;2;2;1;0;1;3;1;5;
Andrea Bargnani;F;28:29;7;12;1;5;5;6;0;4;4;0;0;4;5;4;20;
Andrea Bargnani;;17:09;3;9;0;3;0;0;0;2;2;1;1;0;3;2;6;
Andrea Bargnani;F;24:38;4;7;1;2;0;0;1;0;1;1;0;0;3;4;9;
Andrea Bargnani;F;18:46;6;10;2;4;0;0;1;2;3;0;1;0;3;0;14;
Andrea Bargnani;F;23:02;2;5;0;0;2;2;1;1;2;0;0;0;1;2;6;
Andrea Bargnani;C;34:48;11;25;3;9;0;0;3;5;8;3;0;5;1;1;25;
Andrea Bargnani;C;26:01;5;10;1;2;5;6;0;1;1;0;0;0;1;2;16;
Andrea Bargnani;C;30:59;8;15;2;4;2;2;4;7;11;2;0;1;1;2;20;
Andrea Bargnani;C;32:58;9;12;3;3;3;4;3;1;4;0;0;1;0;5;24;
Andrea Bargnani;C;28:25;5;11;1;4;5;6;4;5;9;2;0;2;2;2;16;
Andrea Bargnani;C;37:58;6;12;0;2;1;1;1;5;6;2;0;1;0;4;13;
Andrea Bargnani;C;37:57;4;16;1;6;1;2;2;6;8;0;0;1;0;6;10;
Andrea Bargnani;C;33:22;5;14;1;4;0;0;2;2;4;5;0;1;1;3;11;
Andrea Bargnani;C;43:29;7;16;2;4;0;2;1;5;6;3;0;1;1;1;16;
Andrea Bargnani;C;38:46;8;18;0;2;4;4;3;6;9;1;0;4;0;3;20;
Andrea Bargnani;C;38:57;7;11;1;2;7;8;0;5;5;2;1;0;1;4;22;
Andrea Bargnani;C;36:05;5;13;0;3;7;8;1;6;7;0;2;6;2;4;17;
Andrea Bargnani;C;27:50;7;13;1;2;1;1;1;1;2;3;1;3;1;3;16;
Andrea Bargnani;C;28:23;6;16;2;6;3;4;6;2;8;0;0;2;1;0;17;
Andrea Bargnani;C;22:33;1;7;0;0;0;0;0;3;3;0;0;1;1;2;2;
Andrea Bargnani;C;32:12;5;17;0;3;1;2;0;3;3;2;1;0;1;3;11;
Andrea Bargnani;C;26:38;4;10;0;1;0;1;0;3;3;1;1;1;1;1;8;
Andrea Bargnani;C;37:45;9;22;0;5;4;4;2;5;7;4;1;0;1;2;22;
Andrea Bargnani;C;36:27;11;16;1;3;0;0;4;2;6;0;2;1;2;0;23;
Andrea Bargnani;C;37:29;4;12;0;1;5;6;1;5;6;2;0;2;2;1;13;
Andrea Bargnani;;30:52;5;16;2;6;0;0;2;8;10;0;0;0;1;4;12;
Andrea Bargnani;F;22:29;1;5;0;1;1;2;1;1;2;1;0;1;1;1;3;
Andrea Bargnani;F;28:10;5;12;0;1;3;3;1;4;5;0;0;1;0;2;13;
Andrea Bargnani;F;16:01;4;8;0;0;1;1;0;2;2;1;0;0;1;1;9;
Andrea Bargnani;F;37:18;6;17;2;3;4;5;5;7;12;0;0;2;1;1;18;
Andrea Bargnani;F;17:37;5;11;0;1;2;2;1;2;3;0;1;0;0;4;12;
