Antawn Jamison;;4:22;0;2;0;2;0;0;0;0;0;0;0;0;0;0;0;
Antawn Jamison;;9:54;0;2;0;1;2;2;1;1;2;1;0;0;0;1;2;
Antawn Jamison;;19:47;3;6;1;4;3;3;1;4;5;2;1;0;0;1;10;
Antawn Jamison;;12:20;0;4;0;3;0;0;0;0;0;0;1;0;0;1;0;
Antawn Jamison;;6:46;0;5;0;3;2;2;0;1;1;0;1;1;1;1;2;
Antawn Jamison;;10:13;4;5;0;1;0;0;0;4;4;1;0;0;0;1;8;
Antawn Jamison;;15:13;4;8;1;1;2;2;0;3;3;0;1;0;1;1;11;
Antawn Jamison;;16:05;3;8;0;0;0;0;0;1;1;0;0;0;1;3;6;
Antawn Jamison;;16:37;1;5;0;0;3;4;1;4;5;1;1;0;2;1;5;
Antawn Jamison;;15:32;1;4;1;2;0;2;1;3;4;0;0;0;0;3;3;
Antawn Jamison;;9:33;0;2;0;1;0;0;0;2;2;0;0;0;0;1;0;
Antawn Jamison;;16:31;3;5;3;5;2;2;0;4;4;1;1;0;0;4;11;
Antawn Jamison;;16:20;0;6;0;5;1;2;2;4;6;1;1;1;0;3;1;
Antawn Jamison;;10:07;1;4;0;2;0;0;1;5;6;0;1;0;0;2;2;
Antawn Jamison;;8:42;1;2;1;2;0;2;1;0;1;0;0;1;2;0;3;
Antawn Jamison;;12:05;3;7;0;3;0;1;0;2;2;0;0;0;0;1;6;
Antawn Jamison;;13:24;2;5;1;2;0;0;0;2;2;0;0;0;0;1;5;
Antawn Jamison;;7:21;0;1;0;0;0;0;0;1;1;0;0;0;0;2;0;
Antawn Jamison;;9:30;2;4;0;0;1;1;1;1;2;0;1;0;0;2;5;
Antawn Jamison;;1:41;0;1;0;0;0;0;0;1;1;0;0;0;0;0;0;
Antawn Jamison;;5:06;1;2;0;1;2;2;0;2;2;0;0;0;0;0;4;
Antawn Jamison;;10:26;0;4;0;3;0;0;0;1;1;0;0;0;0;0;0;
