╔═══════════════╤═══════════════════════╗
║Name		│Anthony Randolph	║
╟───────────────┼───────────────────────╢
║Number		│15			║
╟───────────────┼───────────────────────╢
║Position	│F			║
╟───────────────┼───────────────────────╢
║Height		│6-11			║
╟───────────────┼───────────────────────╢
║Weight		│225			║
╟───────────────┼───────────────────────╢
║Birth		│JUL 15, 1989		║
╟───────────────┼───────────────────────╢
║Age		│24			║
╟───────────────┼───────────────────────╢
║Exp		│5			║
╟───────────────┼───────────────────────╢
║School		│Louisiana State	║
╚═══════════════╧═══════════════════════╝
Anthony Randolph;;7:32;0;1;0;0;3;4;0;1;1;1;0;1;0;0;3;
Anthony Randolph;;2:37;2;2;0;0;0;0;0;1;1;0;0;0;0;0;4;
Anthony Randolph;;2:34;1;1;0;0;0;0;0;1;1;0;0;0;0;0;2;
Anthony Randolph;;2:44;0;1;0;0;0;0;0;1;1;0;0;0;1;0;0;
Anthony Randolph;;22:20;6;9;2;4;5;6;0;3;3;0;1;0;1;3;19;
Anthony Randolph;;16:24;4;5;2;3;2;2;1;2;3;1;1;1;1;2;12;
Anthony Randolph;;4:56;0;1;0;0;0;0;1;0;1;0;0;0;1;1;0;
Anthony Randolph;;10:17;0;1;0;0;3;4;3;3;6;0;0;2;1;1;3;
Anthony Randolph;;8:39;1;2;0;0;0;1;0;1;1;1;1;0;0;1;2;
Anthony Randolph;;11:52;2;5;2;4;0;0;0;3;3;1;0;0;2;1;6;
Anthony Randolph;;14:59;1;6;1;4;1;2;0;1;1;1;1;0;1;0;4;
Anthony Randolph;;14:43;4;8;0;2;1;2;0;2;2;1;1;0;0;2;9;
Anthony Randolph;;24:07;2;7;0;3;0;0;0;6;6;0;1;0;0;2;4;
Anthony Randolph;F;27:48;3;11;1;4;1;4;0;3;3;3;2;0;1;3;8;
Anthony Randolph;F;19:08;0;2;0;1;2;4;0;5;5;3;0;1;1;3;2;
Anthony Randolph;;3:33;0;1;0;1;0;0;0;1;1;1;2;0;1;1;0;
Anthony Randolph;;25:26;3;14;1;5;1;3;2;6;8;0;2;1;3;1;8;
Anthony Randolph;;0:48;0;0;0;0;0;0;0;0;0;0;0;0;0;0;0;
Anthony Randolph;;0:35;0;0;0;0;0;0;0;0;0;0;0;0;0;0;0;
Anthony Randolph;;4:14;0;2;0;1;0;0;0;2;2;0;0;0;0;0;0;
Anthony Randolph;;18:24;1;3;0;1;1;1;0;1;1;0;2;1;0;1;3;
Anthony Randolph;;16:03;4;7;2;4;0;0;0;6;6;0;0;0;0;3;10;
Anthony Randolph;F;16:07;1;5;0;2;0;0;1;1;2;3;0;0;2;1;2;
Anthony Randolph;;16:56;2;3;1;2;3;3;1;4;5;4;0;0;1;3;8;
Anthony Randolph;;1:39;0;0;0;0;0;0;0;0;0;0;0;0;0;0;0;
Anthony Randolph;;8:26;2;5;0;3;2;2;1;2;3;1;0;1;1;0;6;
Anthony Randolph;;9:11;2;4;1;1;0;0;0;1;1;3;0;0;2;2;5;
Anthony Randolph;;5:59;1;3;0;0;0;0;1;0;1;1;0;0;0;2;2;
Anthony Randolph;;5:16;1;3;0;0;0;0;0;1;1;0;1;0;1;1;2;
Anthony Randolph;;19:28;6;9;3;6;4;4;0;5;5;1;1;0;0;4;19;
Anthony Randolph;F;15:11;1;2;0;1;0;0;0;2;2;0;0;1;2;1;2;
Anthony Randolph;F;14:40;2;6;0;0;1;2;2;1;3;0;0;0;0;2;5;
Anthony Randolph;;31:42;4;9;1;3;5;5;0;7;7;2;2;1;3;3;14;
Anthony Randolph;;12:18;2;4;1;2;1;2;0;6;6;1;1;0;3;4;6;
Anthony Randolph;;2:57;0;1;0;1;0;0;0;0;0;0;0;0;0;2;0;
Anthony Randolph;;6:50;2;3;0;0;0;0;0;0;0;0;3;2;1;1;4;
Anthony Randolph;;15:01;1;4;0;0;5;6;1;4;5;1;0;1;1;2;7;
Anthony Randolph;;9:28;0;2;0;1;0;0;3;2;5;1;0;0;0;0;0;
Anthony Randolph;;18:42;1;4;0;0;3;4;0;5;5;0;2;2;0;2;5;
Anthony Randolph;;12:18;1;5;0;1;4;4;2;5;7;0;0;1;4;5;6;
Anthony Randolph;;14:48;2;6;0;1;0;0;1;3;4;0;0;1;2;1;4;
Anthony Randolph;;19:30;3;7;0;0;2;2;0;4;4;1;1;2;2;2;8;
Anthony Randolph;;10:26;0;2;0;0;2;2;0;0;0;0;1;0;0;1;2;
