╔═══════════════╤═══════════════════════╗
║Name		│Anthony Tolliver	║
╟───────────────┼───────────────────────╢
║Number		│43			║
╟───────────────┼───────────────────────╢
║Position	│F			║
╟───────────────┼───────────────────────╢
║Height		│6-8			║
╟───────────────┼───────────────────────╢
║Weight		│240			║
╟───────────────┼───────────────────────╢
║Birth		│JUN 01, 1985		║
╟───────────────┼───────────────────────╢
║Age		│29			║
╟───────────────┼───────────────────────╢
║Exp		│5			║
╟───────────────┼───────────────────────╢
║School		│Creighton		║
╚═══════════════╧═══════════════════════╝
Anthony Tolliver;F;37:01;4;11;3;10;0;0;0;3;3;1;0;0;0;1;11;
Anthony Tolliver;F;30:54;1;3;1;3;0;0;1;2;3;2;0;0;0;1;3;
Anthony Tolliver;;15:58;2;3;2;2;0;0;0;2;2;0;0;1;0;1;6;
Anthony Tolliver;;21:00;2;5;1;3;3;4;1;4;5;1;1;0;0;1;8;
Anthony Tolliver;;26:34;8;9;5;5;0;0;0;3;3;0;0;0;0;0;21;
Anthony Tolliver;;13:45;0;0;0;0;0;0;0;1;1;0;0;0;0;2;0;
Anthony Tolliver;;17:45;3;3;3;3;0;0;0;1;1;0;0;0;0;2;9;
Anthony Tolliver;;25:47;2;7;1;6;1;2;1;4;5;0;0;0;1;1;6;
Anthony Tolliver;;16:59;1;2;1;2;0;0;0;2;2;1;0;0;1;1;3;
Anthony Tolliver;;36:33;4;7;3;6;0;0;0;2;2;1;1;1;1;0;11;
Anthony Tolliver;;17:22;2;4;2;2;2;3;0;0;0;0;0;0;1;2;8;
Anthony Tolliver;;22:53;3;7;2;5;2;2;1;2;3;1;0;0;0;2;10;
Anthony Tolliver;;17:17;1;5;1;4;0;0;0;2;2;3;0;0;0;0;3;
Anthony Tolliver;;26:03;0;3;0;3;0;0;0;2;2;1;1;1;0;0;0;
Anthony Tolliver;;21:20;1;4;1;4;0;0;0;1;1;0;1;0;0;0;3;
Anthony Tolliver;;21:17;0;3;0;3;0;0;0;2;2;0;0;0;0;1;0;
Anthony Tolliver;;21:03;4;7;3;6;3;3;0;0;0;1;1;0;0;1;14;
Anthony Tolliver;;21:58;4;4;3;3;0;0;1;1;2;1;1;0;1;1;11;
Anthony Tolliver;;19:40;2;5;2;4;0;0;1;6;7;0;0;1;0;1;6;
Anthony Tolliver;;25:11;6;11;5;10;5;5;0;1;1;0;0;0;0;3;22;
Anthony Tolliver;;26:00;3;9;2;7;0;0;4;3;7;0;1;0;0;0;8;
Anthony Tolliver;;28:03;1;4;1;4;2;2;0;1;1;0;0;1;0;0;5;
Anthony Tolliver;;17:58;2;6;0;3;0;0;0;1;1;0;1;0;0;0;4;
Anthony Tolliver;;17:02;3;3;3;3;0;0;1;0;1;0;0;1;0;1;9;
Anthony Tolliver;;26:48;3;5;3;5;0;0;0;2;2;0;0;0;0;0;9;
Anthony Tolliver;;19:28;2;5;1;4;3;3;0;2;2;0;0;0;0;2;8;
Anthony Tolliver;;24:41;5;12;4;11;3;3;0;0;0;0;0;0;1;4;17;
Anthony Tolliver;;22:07;4;10;3;8;1;2;3;1;4;0;1;0;1;0;12;
Anthony Tolliver;;26:47;3;5;2;4;0;1;1;2;3;0;1;0;1;3;8;
Anthony Tolliver;;21:30;1;5;1;4;0;0;2;3;5;0;0;2;0;1;3;
Anthony Tolliver;;22:25;4;8;1;4;1;2;0;1;1;1;0;0;0;0;10;
Anthony Tolliver;;19:02;0;6;0;6;0;0;0;3;3;1;1;1;0;2;0;
Anthony Tolliver;;17:32;1;5;1;5;0;0;0;1;1;1;1;0;0;0;3;
Anthony Tolliver;;11:10;1;4;0;2;0;0;0;0;0;0;0;0;0;0;2;
Anthony Tolliver;;4:04;0;1;0;1;0;0;0;1;1;0;0;0;0;1;0;
Anthony Tolliver;;6:24;1;3;1;3;0;0;0;0;0;0;0;0;0;1;3;
Anthony Tolliver;;5:51;0;1;0;0;0;0;0;0;0;0;0;0;0;0;0;
Anthony Tolliver;;21:03;5;8;4;7;2;2;1;7;8;5;0;0;1;3;16;
Anthony Tolliver;;23:13;4;7;4;5;1;2;1;1;2;1;0;0;0;1;13;
Anthony Tolliver;;16:13;2;5;2;5;0;0;0;5;5;1;0;0;1;1;6;
Anthony Tolliver;;20:03;2;7;2;7;0;0;0;6;6;0;1;0;0;1;6;
Anthony Tolliver;;2:42;0;1;0;0;0;0;0;0;0;0;0;0;0;1;0;
Anthony Tolliver;;23:32;2;5;2;5;0;0;2;3;5;1;0;0;1;1;6;
Anthony Tolliver;;22:11;2;4;2;4;2;2;2;3;5;0;0;0;0;1;8;
Anthony Tolliver;;14:46;1;4;1;3;0;0;0;2;2;0;2;0;1;3;3;
Anthony Tolliver;;3:23;0;1;0;0;0;0;0;1;1;0;0;0;1;0;0;
Anthony Tolliver;F;25:38;3;7;3;6;2;2;0;1;1;1;1;1;1;3;11;
Anthony Tolliver;;11:15;2;2;2;2;0;0;0;1;1;3;0;1;1;3;6;
Anthony Tolliver;;31:40;1;9;1;7;0;0;1;2;3;4;0;1;1;3;3;
Anthony Tolliver;;7:56;1;1;0;0;0;0;0;2;2;0;0;0;0;0;2;
Anthony Tolliver;;7:45;0;1;0;1;0;0;0;1;1;0;0;0;0;1;0;
Anthony Tolliver;;4:49;0;0;0;0;0;0;0;2;2;0;0;0;0;0;0;
Anthony Tolliver;;10:38;0;0;0;0;0;0;1;2;3;1;0;0;0;2;0;
Anthony Tolliver;;15:38;0;4;0;2;0;0;0;1;1;0;0;0;1;1;0;
Anthony Tolliver;;26:08;1;5;1;5;0;0;0;3;3;0;0;0;0;2;3;
Anthony Tolliver;;3:02;0;0;0;0;0;0;0;1;1;1;0;0;1;1;0;
Anthony Tolliver;F;34:22;2;2;2;2;0;0;0;5;5;2;1;1;0;3;6;
Anthony Tolliver;;12:51;4;5;2;2;0;1;2;2;4;0;0;0;0;0;10;
Anthony Tolliver;;26:58;1;4;1;3;0;0;1;2;3;1;0;1;1;5;3;
Anthony Tolliver;F;25:53;1;5;0;3;0;0;0;5;5;1;0;0;1;2;2;
Anthony Tolliver;F;33:33;4;4;4;4;0;0;0;3;3;1;0;1;1;1;12;
Anthony Tolliver;F;35:14;2;5;2;5;0;0;0;3;3;2;1;0;0;1;6;
Anthony Tolliver;F;38:02;4;10;4;9;0;0;2;5;7;1;1;0;0;5;12;
Anthony Tolliver;F;26:27;1;6;1;2;0;0;3;4;7;0;0;0;2;1;3;
