╔═══════════════╤═══════════════════════╗
║Name		│Anthony Bennett	║
╟───────────────┼───────────────────────╢
║Number		│15			║
╟───────────────┼───────────────────────╢
║Position	│F			║
╟───────────────┼───────────────────────╢
║Height		│6-8			║
╟───────────────┼───────────────────────╢
║Weight		│259			║
╟───────────────┼───────────────────────╢
║Birth		│MAR 14, 1993		║
╟───────────────┼───────────────────────╢
║Age		│21			║
╟───────────────┼───────────────────────╢
║Exp		│R			║
╟───────────────┼───────────────────────╢
║School		│Nevada-Las Vegas	║
╚═══════════════╧═══════════════════════╝
Anthony Bennett;;11:14;0;4;0;1;0;0;1;2;3;1;1;0;2;3;0;
Anthony Bennett;;8:18;0;2;0;0;0;0;0;1;1;0;0;0;0;0;0;
Anthony Bennett;;12:31;2;4;0;1;2;2;1;2;3;0;0;0;3;4;6;
Anthony Bennett;;17:42;1;6;0;0;0;0;1;7;8;0;0;0;5;4;2;
Anthony Bennett;;0:56;0;0;0;0;0;0;0;0;0;0;0;0;0;0;0;
Anthony Bennett;;9:08;1;5;0;0;1;2;1;2;3;0;0;1;0;1;3;
Anthony Bennett;;5:14;0;4;0;0;2;2;3;0;3;0;0;0;1;3;2;
Anthony Bennett;;31:16;5;10;2;3;3;6;2;6;8;1;0;1;1;3;15;
Anthony Bennett;;22:38;1;6;0;2;2;4;2;0;2;1;1;0;0;3;4;
Anthony Bennett;;12:41;1;3;0;1;0;0;0;4;4;0;0;1;2;4;2;
Anthony Bennett;;26:21;3;8;1;2;4;4;0;1;1;0;1;1;0;6;11;
Anthony Bennett;;22:20;4;10;0;1;6;6;4;4;8;1;2;0;2;4;14;
Anthony Bennett;;21:06;3;4;1;2;1;2;1;5;6;0;0;0;2;5;8;
Anthony Bennett;;6:04;1;4;0;0;0;0;1;1;2;1;0;0;1;2;2;
Anthony Bennett;;29:45;6;9;3;3;4;9;3;7;10;0;1;0;1;1;19;
Anthony Bennett;;14:35;1;4;0;1;0;0;0;2;2;0;1;0;1;2;2;
Anthony Bennett;;24:25;5;9;0;2;0;1;4;7;11;2;0;0;2;1;10;
Anthony Bennett;;16:13;2;8;0;2;3;3;3;6;9;1;0;0;1;1;7;
Anthony Bennett;;15:27;4;6;0;1;1;4;0;3;3;0;1;1;0;0;9;
Anthony Bennett;;16:45;2;3;0;0;0;0;1;3;4;0;0;0;0;1;4;
Anthony Bennett;;8:40;0;5;0;1;2;2;1;0;1;0;0;0;3;1;2;
Anthony Bennett;;11:32;2;4;0;1;0;0;2;0;2;0;1;0;1;2;4;
Anthony Bennett;;8:46;2;4;0;1;0;0;0;2;2;0;0;0;0;0;4;
Anthony Bennett;;13:10;5;8;2;2;2;2;0;1;1;1;1;0;1;5;14;
Anthony Bennett;;11:45;0;1;0;0;0;0;0;0;0;1;0;0;1;0;0;
Anthony Bennett;;7:34;1;1;0;0;0;0;0;0;0;1;0;0;0;1;2;
Anthony Bennett;;15:14;3;6;0;0;1;2;1;6;7;0;0;0;1;0;7;
Anthony Bennett;;14:59;0;5;0;3;2;4;1;4;5;0;0;0;0;1;2;
Anthony Bennett;;12:32;0;3;0;2;0;0;0;1;1;0;1;0;0;4;0;
Anthony Bennett;;12:33;0;4;0;1;0;0;2;4;6;0;2;0;0;1;0;
Anthony Bennett;;9:43;0;3;0;2;0;0;0;1;1;0;1;1;0;1;0;
Anthony Bennett;;11:37;1;5;1;3;0;0;2;1;3;1;2;1;0;1;3;
Anthony Bennett;;5:54;0;0;0;0;0;0;0;1;1;0;0;0;1;0;0;
Anthony Bennett;;9:12;0;1;0;0;0;0;0;1;1;0;0;0;0;1;0;
Anthony Bennett;;20:19;3;11;0;1;0;0;3;2;5;0;0;0;1;1;6;
Anthony Bennett;;7:47;1;3;0;0;0;0;0;1;1;2;1;0;0;0;2;
Anthony Bennett;;5:48;0;2;0;1;0;0;1;0;1;0;0;0;0;2;0;
Anthony Bennett;;12:00;4;5;1;2;0;2;2;3;5;0;1;0;5;3;9;
Anthony Bennett;;19:40;1;4;1;2;1;2;1;3;4;1;0;0;3;4;4;
Anthony Bennett;;5:43;1;3;0;1;0;0;0;0;0;0;0;0;0;2;2;
Anthony Bennett;;10:51;2;5;1;1;0;0;0;0;0;0;0;0;0;0;5;
Anthony Bennett;;9:13;0;3;0;2;0;0;0;0;0;0;0;0;0;0;0;
Anthony Bennett;;2:41;0;0;0;0;0;0;0;0;0;0;0;0;1;2;0;
Anthony Bennett;;6:06;1;2;0;1;0;0;0;1;1;0;0;0;0;1;2;
Anthony Bennett;;8:36;3;5;0;1;0;0;0;2;2;0;0;0;0;2;6;
Anthony Bennett;;7:22;0;0;0;0;0;0;0;0;0;0;0;0;1;2;0;
Anthony Bennett;;6:32;1;1;0;0;0;0;0;2;2;0;0;0;0;0;2;
Anthony Bennett;;16:21;3;7;0;1;1;2;0;2;2;0;0;0;3;2;7;
Anthony Bennett;;4:41;0;1;0;0;0;0;0;0;0;0;0;0;0;1;0;
Anthony Bennett;;19:13;2;6;0;2;1;2;3;2;5;2;1;1;1;3;5;
Anthony Bennett;;11:16;0;4;0;0;3;4;1;1;2;0;1;0;0;0;3;
Anthony Bennett;;10:41;2;4;0;0;2;2;1;2;3;0;1;0;0;2;6;
