╔═══════════════╤═══════════════╗
║Name		│Anthony Davis	║
╟───────────────┼───────────────╢
║Number		│23		║
╟───────────────┼───────────────╢
║Position	│F-C		║
╟───────────────┼───────────────╢
║Height		│6-10		║
╟───────────────┼───────────────╢
║Weight		│220		║
╟───────────────┼───────────────╢
║Birth		│MAR 11, 1993	║
╟───────────────┼───────────────╢
║Age		│21		║
╟───────────────┼───────────────╢
║Exp		│1		║
╟───────────────┼───────────────╢
║School		│Kentucky	║
╚═══════════════╧═══════════════╝
Anthony Davis;C;33:22;5;9;0;0;3;6;3;3;6;0;1;4;1;4;13;
Anthony Davis;F;38:01;9;12;0;0;5;8;3;6;9;2;1;3;1;2;23;
Anthony Davis;F;34:01;4;12;0;0;2;4;0;8;8;0;1;3;2;4;10;
Anthony Davis;F;41:00;10;18;0;0;2;2;7;5;12;1;3;2;5;3;22;
Anthony Davis;F;32:35;8;13;1;1;4;6;1;6;7;1;1;3;3;4;21;
Anthony Davis;F;39:59;9;19;0;0;3;7;7;6;13;1;2;5;2;1;21;
Anthony Davis;F;39:35;10;17;0;0;8;10;6;8;14;2;0;0;1;4;28;
Anthony Davis;F;35:19;9;18;0;1;4;5;6;5;11;2;3;2;3;3;22;
Anthony Davis;F;30:60;8;13;0;1;8;11;1;6;7;0;2;1;1;4;24;
Anthony Davis;F;43:01;11;17;0;0;9;12;4;13;17;1;0;1;4;5;31;
Anthony Davis;F;40:07;9;22;0;0;9;10;4;6;10;2;4;4;2;3;27;
Anthony Davis;F;36:30;4;12;0;0;8;11;2;4;6;2;2;4;4;3;16;
Anthony Davis;F;39:27;4;12;0;1;6;6;3;5;8;2;2;4;1;3;14;
Anthony Davis;F;41:55;9;21;0;0;4;6;7;12;19;3;2;7;3;4;22;
Anthony Davis;F;39:07;12;18;0;0;6;7;1;6;7;3;1;8;0;1;30;
Anthony Davis;F;40:10;10;14;0;0;4;4;2;6;8;3;3;6;2;3;24;
Anthony Davis;F;43:51;6;21;0;0;5;8;1;15;16;1;0;4;5;3;17;
Anthony Davis;F;35:30;9;14;0;0;9;10;3;7;10;2;1;1;1;3;27;
Anthony Davis;F;40:49;10;16;0;0;6;8;2;8;10;1;1;1;2;5;26;
Anthony Davis;F;38:21;11;19;0;0;2;5;4;5;9;2;3;1;1;3;24;
Anthony Davis;F;35:11;7;14;0;0;5;7;2;5;7;1;3;0;2;5;19;
Anthony Davis;F;19:56;5;10;0;0;2;2;1;0;1;0;2;1;2;4;12;
Anthony Davis;F;38:19;6;10;0;0;2;2;1;9;10;2;2;5;4;1;14;
Anthony Davis;F;34:29;8;17;0;0;2;3;4;9;13;4;0;4;1;6;18;
Anthony Davis;F;33:30;11;18;0;0;4;4;3;8;11;0;1;0;0;2;26;
Anthony Davis;F;38:03;7;16;0;1;12;13;1;10;11;2;0;2;1;4;26;
Anthony Davis;F;12:37;3;9;0;0;0;0;1;8;9;1;0;2;0;1;6;
Anthony Davis;F;40:41;14;18;0;0;4;4;2;7;9;2;3;1;1;1;32;
Anthony Davis;F;20:19;1;6;0;0;6;6;1;3;4;0;0;2;3;4;8;
Anthony Davis;F;37:37;4;14;1;1;4;8;0;4;4;2;0;0;1;3;13;
Anthony Davis;F;42:27;10;16;0;0;8;11;3;12;15;3;0;1;1;1;28;
Anthony Davis;F;39:44;12;22;0;1;5;6;4;10;14;5;1;2;1;2;29;
Anthony Davis;F;45:10;10;20;0;0;12;16;7;10;17;3;1;6;3;3;32;
Anthony Davis;F;39:05;9;14;0;0;11;11;2;8;10;2;1;4;1;3;29;
Anthony Davis;F;39:53;15;27;0;0;6;6;3;6;9;1;1;2;2;5;36;
Anthony Davis;F;47:42;14;22;0;0;12;12;5;16;21;3;1;3;1;2;40;
Anthony Davis;F;44:04;11;19;0;0;12;15;2;9;11;2;1;1;4;0;34;
Anthony Davis;C;39:27;13;22;0;0;4;5;3;8;11;0;3;1;1;2;30;
Anthony Davis;F;45:05;9;17;0;0;6;6;3;11;14;1;0;3;2;4;24;
Anthony Davis;F;37:30;5;19;0;1;6;8;4;9;13;4;2;5;2;3;16;
Anthony Davis;F;3:43;0;1;0;0;0;0;0;0;0;0;0;0;0;0;0;
Anthony Davis;F;37:41;5;13;0;1;12;14;2;6;8;4;2;4;1;3;22;
Anthony Davis;F;10:30;3;4;0;0;0;0;0;3;3;1;0;0;0;2;6;
Anthony Davis;F;23:29;3;6;0;0;2;4;0;6;6;1;0;2;0;1;8;
Anthony Davis;F;34:00;6;18;0;0;3;3;0;5;5;1;0;4;0;3;15;
Anthony Davis;F;37:44;8;20;0;0;4;4;7;5;12;0;1;3;4;4;20;
Anthony Davis;F;38:20;9;23;0;0;8;8;8;9;17;1;1;3;0;4;26;
Anthony Davis;F;36:40;9;13;0;0;7;8;3;5;8;4;6;6;2;3;25;
Anthony Davis;F;39:42;5;14;0;0;7;8;1;10;11;0;0;5;1;4;17;
Anthony Davis;F;36:48;5;14;0;0;8;9;2;7;9;2;3;3;0;1;18;
Anthony Davis;F;37:10;12;18;0;0;8;11;4;8;12;3;1;6;2;2;32;
Anthony Davis;F;36:17;5;13;0;0;4;5;5;7;12;1;4;1;1;4;14;
Anthony Davis;F;26:29;6;11;0;0;3;4;1;4;5;2;2;0;1;4;15;
Anthony Davis;F;35:38;12;21;0;0;5;5;8;7;15;1;1;1;1;3;29;
Anthony Davis;F;28:39;5;10;0;0;3;5;1;8;9;1;2;9;1;2;13;
Anthony Davis;F;37:16;9;12;0;0;4;6;1;8;9;4;0;8;1;4;22;
Anthony Davis;F;34:38;5;13;0;0;7;8;9;4;13;1;2;3;3;4;17;
Anthony Davis;F;32:45;3;8;0;0;4;4;1;5;6;1;1;4;2;4;10;
Anthony Davis;F;30:14;6;9;0;0;2;2;3;8;11;1;0;2;1;4;14;
Anthony Davis;F;37:55;11;20;0;0;0;1;5;5;10;3;2;4;1;2;22;
Anthony Davis;F;10:27;2;6;0;0;3;3;1;3;4;0;0;0;1;0;7;
Anthony Davis;;32:13;10;18;0;0;4;7;5;7;12;0;3;0;2;3;24;
Anthony Davis;C;37:44;8;13;0;0;5;8;4;5;9;1;0;2;2;3;21;
Anthony Davis;C;42:45;6;15;0;0;9;10;4;7;11;1;1;0;2;3;21;
Anthony Davis;C;27:50;7;12;0;0;3;6;3;4;7;1;1;4;2;4;17;
Anthony Davis;C;37:47;8;14;0;0;2;2;5;11;16;0;1;1;0;4;18;
Anthony Davis;C;38:52;13;19;0;0;1;4;5;7;12;1;0;5;1;4;27;
