╔═══════════════╤═══════════════╗
║Name		│Anthony Morrow	║
╟───────────────┼───────────────╢
║Number		│3		║
╟───────────────┼───────────────╢
║Position	│G		║
╟───────────────┼───────────────╢
║Height		│6-5		║
╟───────────────┼───────────────╢
║Weight		│210		║
╟───────────────┼───────────────╢
║Birth		│SEP 27, 1985	║
╟───────────────┼───────────────╢
║Age		│28		║
╟───────────────┼───────────────╢
║Exp		│5		║
╟───────────────┼───────────────╢
║School		│Georgia Tech	║
╚═══════════════╧═══════════════╝
Anthony Morrow;;14:43;3;4;1;2;0;0;0;1;1;0;2;0;0;0;7;
Anthony Morrow;;12:30;2;5;0;1;0;0;0;1;1;1;0;0;3;2;4;
Anthony Morrow;;4:12;0;0;0;0;0;0;1;0;1;0;0;0;0;0;0;
Anthony Morrow;;10:32;1;2;0;0;2;2;1;0;1;2;0;0;0;0;4;
Anthony Morrow;;8:36;0;2;0;2;0;0;0;1;1;0;0;0;0;1;0;
Anthony Morrow;;12:34;2;3;1;1;0;0;0;1;1;1;0;0;0;0;5;
Anthony Morrow;;5:02;0;0;0;0;0;0;0;0;0;0;0;0;0;2;0;
Anthony Morrow;;24:45;7;11;4;5;3;4;0;3;3;0;2;0;1;3;21;
Anthony Morrow;;15:40;1;2;0;0;0;0;0;0;0;0;0;0;0;1;2;
Anthony Morrow;;8:53;1;3;0;2;0;0;0;0;0;0;1;0;0;1;2;
Anthony Morrow;;18:08;3;8;1;3;0;0;0;1;1;0;0;0;0;2;7;
Anthony Morrow;;13:19;3;6;1;1;0;1;1;1;2;1;0;1;0;1;7;
Anthony Morrow;;22:05;7;9;2;2;4;4;0;1;1;0;1;0;1;3;20;
Anthony Morrow;;26:59;6;13;2;3;2;3;0;5;5;1;0;0;1;1;16;
Anthony Morrow;;21:46;3;6;3;3;0;0;0;1;1;2;0;0;0;1;9;
Anthony Morrow;;20:19;1;6;1;4;0;0;1;1;2;0;1;1;2;3;3;
Anthony Morrow;;21:36;3;6;1;1;1;1;0;2;2;0;0;0;1;2;8;
Anthony Morrow;;14:27;1;4;0;1;0;0;0;0;0;0;0;0;0;1;2;
Anthony Morrow;;16:46;1;4;1;3;0;0;1;2;3;2;0;0;0;1;3;
Anthony Morrow;;18:08;4;8;1;4;0;0;1;0;1;0;0;0;2;1;9;
Anthony Morrow;;24:52;7;8;3;3;1;2;0;2;2;0;1;0;0;2;18;
Anthony Morrow;;22:21;4;10;2;4;3;4;1;1;2;0;0;0;1;0;13;
Anthony Morrow;;18:34;1;6;0;2;1;2;0;1;1;0;0;0;2;0;3;
Anthony Morrow;;22:42;3;8;0;2;0;0;1;2;3;1;0;0;1;1;6;
Anthony Morrow;;14:24;4;9;0;3;0;0;1;0;1;0;0;0;0;4;8;
Anthony Morrow;;16:21;3;5;1;2;2;2;0;1;1;0;0;0;0;1;9;
Anthony Morrow;;15:59;7;12;2;4;0;1;1;1;2;4;1;0;0;3;16;
Anthony Morrow;;21:37;6;14;2;3;0;0;2;1;3;1;3;1;3;1;14;
Anthony Morrow;G;36:23;2;12;2;6;4;4;0;4;4;1;0;1;1;1;10;
Anthony Morrow;;17:04;1;8;0;3;1;1;1;4;5;0;1;0;1;1;3;
Anthony Morrow;;6:02;1;3;0;0;0;0;0;0;0;1;0;0;1;0;2;
Anthony Morrow;;15:49;3;6;0;1;0;0;0;1;1;2;0;0;1;0;6;
Anthony Morrow;;15:21;1;6;0;2;0;0;0;6;6;2;0;0;0;2;2;
Anthony Morrow;;21:22;4;12;2;3;0;0;0;4;4;2;0;0;2;2;10;
Anthony Morrow;;28:58;4;12;3;7;0;0;3;1;4;1;1;0;0;2;11;
Anthony Morrow;G;33:59;9;17;2;5;7;8;2;3;5;0;0;0;0;4;27;
Anthony Morrow;G;33:44;7;11;3;4;3;4;0;0;0;0;0;0;2;3;20;
Anthony Morrow;G;17:45;2;6;0;1;2;2;0;0;0;0;0;0;1;0;6;
Anthony Morrow;;28:15;9;13;4;6;1;1;0;3;3;1;2;0;0;1;23;
Anthony Morrow;;29:08;5;12;2;5;5;5;1;1;2;2;0;1;1;5;17;
Anthony Morrow;;30:17;9;11;3;3;5;6;1;3;4;0;1;0;0;3;26;
Anthony Morrow;;33:15;6;12;2;5;3;3;2;2;4;2;1;0;2;2;17;
Anthony Morrow;;27:45;5;8;1;1;3;3;0;2;2;4;1;0;0;0;14;
Anthony Morrow;;24:24;1;9;1;1;2;2;0;2;2;2;1;0;2;2;5;
Anthony Morrow;G;41:30;9;14;2;5;0;0;0;6;6;5;2;1;3;4;20;
Anthony Morrow;;31:33;3;10;1;5;0;0;1;3;4;1;0;1;2;0;7;
Anthony Morrow;;27:03;6;14;1;4;2;3;1;2;3;1;2;0;0;0;15;
Anthony Morrow;;14:04;1;3;0;1;0;0;0;1;1;0;0;0;0;0;2;
Anthony Morrow;;18:16;4;5;4;4;2;2;1;3;4;0;1;1;0;1;14;
Anthony Morrow;;21:33;3;6;2;4;0;0;0;3;3;2;0;0;1;1;8;
Anthony Morrow;;20:40;4;9;2;4;0;0;1;1;2;0;1;0;0;0;10;
Anthony Morrow;;11:42;3;6;1;2;0;0;0;1;1;0;1;0;1;0;7;
Anthony Morrow;;16:44;4;7;2;3;0;0;0;1;1;0;0;1;0;1;10;
Anthony Morrow;;28:05;7;11;2;4;0;0;0;3;3;0;0;0;1;3;16;
Anthony Morrow;;16:11;3;3;2;2;0;0;0;1;1;1;2;0;1;2;8;
Anthony Morrow;;13:49;1;4;0;1;2;3;0;1;1;0;0;0;0;1;4;
Anthony Morrow;;15:15;0;3;0;2;2;2;0;1;1;3;2;0;1;0;2;
Anthony Morrow;;14:49;3;4;1;1;1;2;1;2;3;1;0;0;0;0;8;
Anthony Morrow;;12:40;2;6;0;2;0;0;1;0;1;1;2;0;0;2;4;
Anthony Morrow;;26:18;4;10;1;4;0;0;1;3;4;1;0;0;0;1;9;
Anthony Morrow;;12:03;1;2;1;2;0;0;0;1;1;0;1;0;1;1;3;
Anthony Morrow;F;17:21;2;5;1;2;2;2;0;0;0;0;2;0;1;1;7;
Anthony Morrow;F;12:36;1;1;1;1;0;0;0;1;1;0;0;0;1;1;3;
Anthony Morrow;;18:22;3;6;1;2;0;0;0;1;1;1;1;0;1;1;7;
Anthony Morrow;;10:02;0;5;0;4;0;0;0;0;0;1;0;1;0;0;0;
Anthony Morrow;;19:05;3;5;0;1;4;5;0;2;2;0;0;0;1;2;10;
Anthony Morrow;;10:22;0;2;0;1;0;0;0;0;0;0;0;0;1;4;0;
Anthony Morrow;;18:34;5;9;1;2;0;0;0;0;0;2;0;0;0;1;11;
Anthony Morrow;;15:27;0;4;0;3;1;1;0;0;0;0;0;0;0;1;1;
Anthony Morrow;;15:41;3;9;2;3;0;0;0;2;2;1;0;1;0;1;8;
Anthony Morrow;;14:59;4;8;3;3;0;0;0;0;0;1;0;0;0;3;11;
Anthony Morrow;;14:37;2;3;1;2;0;0;0;1;1;0;0;0;0;1;5;
Anthony Morrow;;6:18;0;1;0;0;0;0;0;1;1;0;0;0;0;1;0;
Anthony Morrow;G;16:46;3;8;2;5;0;0;0;0;0;1;1;1;2;0;8;
Anthony Morrow;;6:23;0;2;0;1;0;0;0;1;1;0;0;0;0;0;0;
Anthony Morrow;G;19:28;1;3;0;1;0;0;0;3;3;0;0;0;1;2;2;
