╔═══════════════╤═══════════════╗
║Name		│Archie Goodwin	║
╟───────────────┼───────────────╢
║Number		│20		║
╟───────────────┼───────────────╢
║Position	│G		║
╟───────────────┼───────────────╢
║Height		│6-5		║
╟───────────────┼───────────────╢
║Weight		│198		║
╟───────────────┼───────────────╢
║Birth		│AUG 17, 1994	║
╟───────────────┼───────────────╢
║Age		│19		║
╟───────────────┼───────────────╢
║Exp		│R		║
╟───────────────┼───────────────╢
║School		│Kentucky	║
╚═══════════════╧═══════════════╝
Archie Goodwin;;5:09;0;0;0;0;0;0;0;0;0;0;0;0;0;0;0;
Archie Goodwin;;14:57;2;4;0;0;3;4;1;2;3;0;0;0;0;2;7;
Archie Goodwin;;10:51;0;1;0;0;0;0;1;3;4;1;1;0;1;0;0;
Archie Goodwin;;1:18;0;0;0;0;0;0;0;0;0;0;0;0;0;0;0;
Archie Goodwin;;7:47;0;2;0;1;0;0;0;0;0;2;0;0;0;0;0;
Archie Goodwin;;7:35;1;4;0;1;0;0;3;0;3;0;0;0;1;0;2;
Archie Goodwin;;2:58;0;1;0;0;2;2;0;0;0;0;0;0;0;0;2;
Archie Goodwin;;15:11;1;3;0;0;2;2;0;2;2;1;0;0;1;1;4;
Archie Goodwin;;13:43;3;5;0;1;3;3;2;1;3;0;0;1;0;4;9;
Archie Goodwin;;16:18;5;9;0;1;0;0;2;3;5;0;1;0;1;1;10;
Archie Goodwin;;27:00;6;10;1;2;3;7;2;5;7;1;2;1;2;3;16;
Archie Goodwin;;8:46;0;1;0;0;0;0;0;1;1;0;0;0;0;1;0;
Archie Goodwin;;1:01;0;0;0;0;0;0;0;0;0;0;0;0;0;0;0;
Archie Goodwin;;3:28;0;0;0;0;0;0;0;0;0;0;0;0;0;0;0;
Archie Goodwin;;5:12;0;1;0;0;1;2;1;0;1;1;0;0;1;0;1;
Archie Goodwin;;3:52;1;3;0;1;0;0;1;0;1;1;0;0;0;0;2;
Archie Goodwin;;11:53;2;3;0;0;2;3;0;1;1;0;0;1;1;1;6;
Archie Goodwin;;7:18;2;2;0;0;1;2;0;1;1;0;1;0;0;1;5;
Archie Goodwin;;3:55;1;1;0;0;0;0;0;0;0;0;0;0;1;1;2;
Archie Goodwin;;9:07;0;1;0;0;1;2;0;1;1;1;1;0;0;0;1;
Archie Goodwin;;1:30;0;0;0;0;0;0;0;0;0;0;0;0;2;1;0;
Archie Goodwin;;1:26;0;0;0;0;0;0;0;0;0;0;0;0;0;0;0;
Archie Goodwin;;31:19;11;13;1;3;6;7;3;1;4;1;2;0;3;5;29;
Archie Goodwin;;8:28;0;3;0;0;0;0;1;0;1;0;0;0;0;0;0;
Archie Goodwin;;10:52;2;5;0;1;0;0;0;0;0;0;0;2;1;1;4;
Archie Goodwin;;17:05;1;4;1;3;0;0;0;2;2;1;1;0;1;2;3;
Archie Goodwin;;9:11;2;5;0;0;0;0;0;1;1;1;1;0;3;1;4;
Archie Goodwin;;6:02;1;2;0;0;0;0;0;1;1;0;0;0;0;0;2;
Archie Goodwin;;16:41;3;7;0;4;0;0;1;2;3;0;0;3;1;1;6;
Archie Goodwin;;8:27;1;4;0;0;0;0;0;2;2;1;1;0;1;0;2;
Archie Goodwin;;7:50;1;2;0;1;1;1;0;1;1;0;0;0;1;0;3;
Archie Goodwin;;19:14;7;10;1;3;1;2;1;1;2;2;2;0;1;1;16;
Archie Goodwin;;18:13;0;8;0;3;1;2;1;2;3;2;1;0;1;1;1;
Archie Goodwin;;22:21;3;5;0;1;2;3;0;6;6;0;1;1;2;1;8;
Archie Goodwin;;13:14;0;1;0;0;0;0;0;1;1;0;0;0;0;0;0;
Archie Goodwin;;10:55;1;2;0;1;1;2;1;1;2;0;0;0;2;1;3;
Archie Goodwin;;3:42;1;1;0;0;1;2;0;0;0;0;0;0;1;1;3;
Archie Goodwin;;4:11;0;1;0;1;0;0;0;1;1;0;0;0;0;1;0;
Archie Goodwin;;6:41;0;1;0;0;0;0;0;1;1;0;0;0;1;1;0;
Archie Goodwin;;12:27;4;7;0;2;0;0;0;3;3;0;0;0;2;0;8;
Archie Goodwin;;3:49;1;1;0;0;0;1;0;0;0;0;0;0;1;0;2;
Archie Goodwin;;13:10;1;2;0;1;0;0;1;3;4;0;0;1;0;0;2;
Archie Goodwin;;15:12;2;4;0;0;0;0;1;3;4;1;0;0;1;2;4;
Archie Goodwin;;2:47;0;0;0;0;0;0;0;0;0;0;0;0;0;0;0;
Archie Goodwin;;4:42;0;1;0;1;0;0;0;2;2;0;0;0;0;1;0;
Archie Goodwin;;15:08;3;4;0;0;1;2;0;1;1;0;2;0;1;0;7;
Archie Goodwin;;7:01;1;2;0;0;2;2;0;1;1;0;0;1;0;2;4;
Archie Goodwin;;9:30;2;4;0;0;2;2;1;0;1;0;0;0;3;1;6;
Archie Goodwin;;16:36;2;8;1;3;0;0;0;2;2;1;2;0;1;2;5;
Archie Goodwin;;14:44;0;3;0;0;1;2;0;1;1;0;0;0;2;1;1;
Archie Goodwin;;5:30;2;4;0;0;0;0;0;1;1;1;0;0;2;1;4;
Archie Goodwin;;17:36;0;2;0;1;0;0;1;2;3;1;1;0;1;2;0;
