╔═══════════════╤═══════════════════════╗
║Name		│Arnett Moultrie	║
╟───────────────┼───────────────────────╢
║Number		│5			║
╟───────────────┼───────────────────────╢
║Position	│F			║
╟───────────────┼───────────────────────╢
║Height		│6-10			║
╟───────────────┼───────────────────────╢
║Weight		│240			║
╟───────────────┼───────────────────────╢
║Birth		│NOV 18, 1990		║
╟───────────────┼───────────────────────╢
║Age		│23			║
╟───────────────┼───────────────────────╢
║Exp		│1			║
╟───────────────┼───────────────────────╢
║School		│Mississippi State	║
╚═══════════════╧═══════════════════════╝
Arnett Moultrie;;15:54;0;3;0;0;0;0;1;1;2;0;3;1;1;0;0;
Arnett Moultrie;;17:32;1;3;0;0;0;0;0;4;4;0;0;1;0;2;2;
Arnett Moultrie;;8:43;1;3;0;0;0;0;0;3;3;0;0;0;1;2;2;
Arnett Moultrie;;16:16;1;2;0;0;2;2;1;2;3;0;0;0;0;1;4;
Arnett Moultrie;C;30:58;3;5;0;0;0;1;2;3;5;2;2;0;0;4;6;
Arnett Moultrie;C;28:17;2;6;0;0;2;2;4;4;8;0;1;1;0;3;6;
Arnett Moultrie;;15:56;0;2;0;0;0;0;0;0;0;0;0;1;1;1;0;
Arnett Moultrie;;17:44;1;2;0;0;0;0;0;3;3;0;1;0;1;3;2;
Arnett Moultrie;;7:33;0;2;0;0;0;0;0;0;0;0;0;0;0;0;0;
Arnett Moultrie;;7:19;1;1;0;0;0;0;0;1;1;0;0;0;2;2;2;
Arnett Moultrie;;13:47;4;5;0;0;0;0;2;2;4;0;1;0;0;2;8;
Arnett Moultrie;;7:04;2;4;0;0;0;0;1;1;2;0;0;0;1;2;4;
