╔═══════════════╤═══════════════════════╗
║Name		│Aron Baynes		║
╟───────────────┼───────────────────────╢
║Number		│16			║
╟───────────────┼───────────────────────╢
║Position	│F-C			║
╟───────────────┼───────────────────────╢
║Height		│6-10			║
╟───────────────┼───────────────────────╢
║Weight		│260			║
╟───────────────┼───────────────────────╢
║Birth		│DEC 09, 1986		║
╟───────────────┼───────────────────────╢
║Age		│27			║
╟───────────────┼───────────────────────╢
║Exp		│1			║
╟───────────────┼───────────────────────╢
║School		│Washington State	║
╚═══════════════╧═══════════════════════╝
Aron Baynes;;4:57;3;4;0;0;0;0;2;0;2;0;0;0;0;0;6;
Aron Baynes;;7:20;1;3;0;0;0;0;0;0;0;1;0;0;1;0;2;
Aron Baynes;;5:39;1;1;0;0;0;0;0;1;1;2;0;0;1;0;2;
Aron Baynes;;8:44;0;1;0;0;2;2;0;5;5;1;0;0;0;1;2;
Aron Baynes;;4:45;0;1;0;0;0;0;0;0;0;0;0;0;0;2;0;
Aron Baynes;;15:19;4;6;0;0;1;1;1;5;6;0;0;1;2;1;9;
Aron Baynes;;18:59;2;10;0;0;2;2;1;6;7;1;0;1;1;2;6;
Aron Baynes;;15:10;3;3;0;0;0;0;1;5;6;2;1;1;0;1;6;
Aron Baynes;;9:18;0;2;0;0;0;0;2;0;2;0;0;0;0;6;0;
Aron Baynes;;8:47;1;1;0;0;2;2;1;1;2;1;0;0;0;0;4;
Aron Baynes;;11:43;0;4;0;0;2;2;3;1;4;1;0;0;2;2;2;
Aron Baynes;C;20:23;2;5;0;0;0;0;4;2;6;2;0;0;2;3;4;
Aron Baynes;;5:51;0;0;0;0;1;2;0;2;2;1;1;1;1;0;1;
Aron Baynes;;16:46;2;4;0;0;0;0;3;3;6;1;0;0;0;2;4;
Aron Baynes;;1:36;0;0;0;0;0;0;0;0;0;0;0;0;1;0;0;
Aron Baynes;;5:14;1;1;0;0;0;0;0;0;0;0;0;0;0;1;2;
Aron Baynes;;5:40;2;2;0;0;0;0;1;2;3;1;0;0;0;2;4;
Aron Baynes;;6:26;1;4;0;0;0;0;1;0;1;1;0;0;0;3;2;
Aron Baynes;;1:44;0;0;0;0;0;0;1;0;1;0;0;0;0;0;0;
Aron Baynes;;4:40;0;0;0;0;2;2;0;0;0;1;0;0;1;1;2;
Aron Baynes;;13:54;3;5;0;0;0;0;0;2;2;1;0;0;1;3;6;
Aron Baynes;;13:20;1;4;0;0;0;0;2;2;4;2;0;0;1;4;2;
Aron Baynes;;17:52;6;11;0;0;0;0;4;4;8;2;0;0;2;3;12;
Aron Baynes;;14:18;1;4;0;0;1;1;0;0;0;0;0;0;0;3;3;
Aron Baynes;;6:24;0;4;0;0;0;0;1;3;4;0;0;0;0;1;0;
Aron Baynes;;10:24;1;1;0;0;0;0;2;0;2;2;0;0;2;1;2;
Aron Baynes;;8:26;1;2;0;0;0;0;2;2;4;1;0;0;1;1;2;
Aron Baynes;;5:01;0;2;0;0;0;0;0;0;0;0;0;0;1;0;0;
Aron Baynes;;7:47;2;3;0;0;0;0;1;4;5;0;0;0;0;1;4;
Aron Baynes;;8:08;2;4;0;0;2;2;0;1;1;0;0;0;1;0;6;
Aron Baynes;;8:53;2;3;0;0;0;0;1;4;5;0;0;1;1;1;4;
Aron Baynes;;3:54;0;1;0;0;0;0;0;0;0;0;0;0;0;1;0;
Aron Baynes;C;21:30;3;6;0;0;0;0;1;2;3;1;0;0;1;5;6;
Aron Baynes;F;14:30;1;3;0;0;0;0;3;1;4;0;0;0;0;1;2;
Aron Baynes;;1:59;0;0;0;0;0;0;0;0;0;0;0;0;1;1;0;
Aron Baynes;;12:06;0;4;0;0;0;0;1;2;3;1;0;0;2;2;0;
Aron Baynes;;7:25;1;1;0;0;0;0;2;0;2;1;0;0;0;1;2;
Aron Baynes;;15:53;2;7;0;0;1;2;1;5;6;0;0;0;2;5;5;
Aron Baynes;;6:59;0;3;0;0;0;0;1;1;2;2;0;0;0;2;0;
Aron Baynes;;3:18;0;1;0;0;0;0;0;2;2;0;0;0;0;0;0;
Aron Baynes;;5:09;0;2;0;0;0;0;0;0;0;0;0;0;0;0;0;
Aron Baynes;;0:22;0;0;0;0;0;0;0;0;0;0;0;0;0;0;0;
Aron Baynes;;21:14;2;4;0;0;2;2;2;3;5;2;0;0;1;3;6;
Aron Baynes;;6:28;1;2;0;0;0;0;0;2;2;0;0;0;1;0;2;
Aron Baynes;;6:06;1;3;0;0;0;0;0;2;2;0;0;0;0;0;2;
Aron Baynes;;20:50;7;9;0;0;0;0;4;2;6;1;0;0;1;4;14;
Aron Baynes;;16:46;4;8;0;0;1;1;2;6;8;2;0;0;0;1;9;
Aron Baynes;C;8:53;1;5;0;0;0;0;2;1;3;0;0;0;2;0;2;
Aron Baynes;;1:53;0;0;0;0;0;0;0;1;1;0;0;0;2;2;0;
Aron Baynes;;0:39;0;0;0;0;0;0;0;0;0;0;0;0;0;0;0;
Aron Baynes;;2:27;1;1;0;0;0;0;1;0;1;0;0;0;0;0;2;
Aron Baynes;;10:36;2;4;0;0;0;0;1;2;3;0;0;0;0;2;4;
Aron Baynes;;8:24;3;4;0;0;0;0;2;1;3;0;0;0;1;2;6;
