╔═══════════════╤═══════════════╗
║Name		│Arron Afflalo	║
╟───────────────┼───────────────╢
║Number		│4		║
╟───────────────┼───────────────╢
║Position	│G-F		║
╟───────────────┼───────────────╢
║Height		│6-5		║
╟───────────────┼───────────────╢
║Weight		│215		║
╟───────────────┼───────────────╢
║Birth		│OCT 15, 1985	║
╟───────────────┼───────────────╢
║Age		│28		║
╟───────────────┼───────────────╢
║Exp		│6		║
╟───────────────┼───────────────╢
║School		│UCLA		║
╚═══════════════╧═══════════════╝
Arron Afflalo;G;39:16;5;15;2;5;0;0;0;6;6;5;0;0;2;1;12;
Arron Afflalo;G;39:48;5;16;0;5;6;6;3;5;8;3;1;0;3;1;16;
Arron Afflalo;G;30:28;5;12;0;1;2;2;1;2;3;4;0;0;3;0;12;
Arron Afflalo;F;39:16;7;14;2;3;6;8;1;4;5;4;0;0;2;2;22;
Arron Afflalo;F;33:38;3;12;1;6;8;8;0;2;2;2;1;0;4;3;15;
Arron Afflalo;F;37:44;7;14;4;7;6;8;0;4;4;2;0;0;1;2;24;
Arron Afflalo;F;43:30;7;16;2;3;4;5;2;11;13;6;0;0;3;2;20;
Arron Afflalo;F;30:55;4;9;1;2;2;4;0;2;2;0;1;0;3;2;11;
Arron Afflalo;F;29:31;3;9;0;1;0;0;0;1;1;3;0;0;2;2;6;
Arron Afflalo;F;33:29;7;12;2;3;7;9;0;2;2;6;1;0;2;1;23;
Arron Afflalo;F;39:53;9;14;1;4;6;8;0;2;2;2;2;0;6;4;25;
Arron Afflalo;G;28:57;6;12;1;3;1;2;0;3;3;0;1;0;2;0;14;
Arron Afflalo;F;34:56;4;11;0;1;2;2;0;1;1;3;1;0;1;3;10;
Arron Afflalo;F;29:34;7;13;1;2;6;7;1;4;5;2;0;0;0;1;21;
Arron Afflalo;G;35:18;6;12;1;3;5;8;1;2;3;4;0;0;3;2;18;
Arron Afflalo;G;33:56;8;18;4;7;0;0;0;2;2;2;0;1;2;3;20;
Arron Afflalo;G;32:35;5;14;3;6;2;2;1;4;5;7;1;0;0;2;15;
Arron Afflalo;G;37:00;3;11;1;2;9;10;0;2;2;5;1;0;1;0;16;
Arron Afflalo;G;34:05;3;10;1;3;0;2;0;3;3;1;1;0;0;3;7;
Arron Afflalo;G;29:43;4;9;1;3;1;2;2;2;4;3;0;0;1;3;10;
Arron Afflalo;G;31:28;9;15;3;6;0;0;0;1;1;1;0;0;3;3;21;
Arron Afflalo;G;35:22;7;14;2;4;7;8;1;2;3;3;0;0;0;2;23;
Arron Afflalo;F;40:22;10;17;4;4;6;9;0;3;3;2;0;0;1;0;30;
Arron Afflalo;G;31:22;8;16;0;4;2;2;0;2;2;4;1;0;4;4;18;
Arron Afflalo;G;34:56;7;18;2;3;1;1;1;2;3;4;0;0;3;3;17;
Arron Afflalo;G;34:08;4;14;1;5;3;6;0;4;4;4;1;0;2;3;12;
Arron Afflalo;G;35:00;10;18;2;5;2;2;0;1;1;2;0;0;0;5;24;
Arron Afflalo;G;42:29;7;21;2;5;2;2;2;3;5;3;0;0;2;4;18;
Arron Afflalo;G;22:21;2;7;0;0;0;0;0;1;1;1;0;0;2;1;4;
Arron Afflalo;G;38:35;6;10;3;4;5;5;0;3;3;1;0;0;2;2;20;
Arron Afflalo;G;35:41;4;9;3;4;7;9;0;2;2;6;0;0;0;4;18;
Arron Afflalo;G;37:14;6;15;2;5;4;4;0;2;2;5;0;0;2;0;18;
Arron Afflalo;G;33:56;3;9;0;0;4;5;0;3;3;5;0;0;5;2;10;
Arron Afflalo;G;38:54;3;9;2;4;9;10;0;2;2;1;0;0;3;1;17;
Arron Afflalo;G;35:51;3;9;1;4;1;2;2;0;2;2;0;0;2;3;8;
Arron Afflalo;G;28:45;3;10;1;5;0;0;0;4;4;5;0;1;0;0;7;
Arron Afflalo;G;23:06;2;10;0;2;4;4;1;2;3;0;0;0;1;1;8;
Arron Afflalo;G;30:21;8;15;1;4;1;4;0;3;3;2;0;0;4;2;18;
Arron Afflalo;G;33:15;9;16;2;5;5;8;1;3;4;5;0;0;1;4;25;
Arron Afflalo;G;31:14;6;14;1;4;6;6;0;2;2;1;1;0;2;0;19;
Arron Afflalo;G;21:18;2;7;1;2;0;0;0;0;0;5;0;0;0;1;5;
Arron Afflalo;G;22:28;5;7;1;1;2;2;0;1;1;1;0;0;2;2;13;
Arron Afflalo;G;6:15;2;2;1;1;2;2;0;1;1;1;1;0;1;0;7;
Arron Afflalo;G;32:59;3;14;1;5;2;3;1;2;3;1;0;0;1;1;9;
Arron Afflalo;G;41:04;11;22;3;5;3;4;0;9;9;5;1;0;3;1;28;
Arron Afflalo;G;35:21;10;14;4;5;6;7;0;4;4;4;0;0;3;0;30;
Arron Afflalo;G;37:23;5;14;3;5;3;5;0;6;6;8;2;0;2;2;16;
Arron Afflalo;G;35:33;5;16;0;3;1;2;0;6;6;5;2;0;0;2;11;
Arron Afflalo;G;34:03;8;15;2;5;5;6;0;5;5;1;0;0;3;5;23;
Arron Afflalo;G;36:33;8;16;3;6;2;4;0;3;3;7;2;0;4;3;21;
Arron Afflalo;G;38:39;6;12;2;5;4;5;0;4;4;7;0;0;4;1;18;
Arron Afflalo;G;40:08;11;15;8;11;6;6;1;7;8;6;2;0;4;2;36;
Arron Afflalo;G;37:24;6;12;0;2;13;14;0;2;2;4;0;0;1;0;25;
Arron Afflalo;F;34:55;9;16;7;9;5;5;0;2;2;2;0;1;3;2;30;
Arron Afflalo;F;40:19;7;17;2;6;2;2;1;6;7;5;1;0;2;4;18;
Arron Afflalo;F;35:56;6;14;0;2;4;4;1;6;7;6;0;0;3;1;16;
Arron Afflalo;F;35:39;9;18;4;7;4;4;0;0;0;3;2;0;1;0;26;
Arron Afflalo;F;36:13;6;15;0;2;6;8;0;4;4;3;1;0;0;1;18;
Arron Afflalo;F;33:22;6;14;0;3;5;5;0;1;1;2;1;0;1;2;17;
Arron Afflalo;F;31:14;10;16;0;1;1;1;0;5;5;2;0;0;3;0;21;
Arron Afflalo;F;47:25;13;21;4;8;10;11;1;4;5;4;2;0;3;4;40;
Arron Afflalo;F;35:42;8;15;2;5;2;2;0;1;1;3;0;0;1;1;20;
Arron Afflalo;F;39:04;6;17;1;6;3;4;1;8;9;1;0;0;1;4;16;
Arron Afflalo;F;45:16;5;16;1;4;6;6;0;5;5;3;1;0;4;1;17;
Arron Afflalo;F;38:18;6;18;1;4;3;3;1;3;4;5;0;0;1;1;16;
Arron Afflalo;F;37:34;6;15;1;7;4;4;1;3;4;5;0;0;2;2;17;
Arron Afflalo;F;38:42;9;20;2;7;5;5;0;4;4;2;0;0;1;0;25;
Arron Afflalo;F;36:54;8;14;2;2;5;6;1;7;8;4;0;0;1;2;23;
Arron Afflalo;G;38:09;9;17;3;5;5;7;1;1;2;2;1;0;2;1;26;
Arron Afflalo;G;42:39;9;17;5;7;3;5;0;5;5;5;0;0;1;3;26;
Arron Afflalo;G;33:21;9;11;2;2;3;4;1;2;3;2;1;0;4;3;23;
Arron Afflalo;G;42:20;7;10;1;1;6;7;0;3;3;7;1;0;3;2;21;
Arron Afflalo;G;34:26;7;18;0;4;1;3;1;0;1;4;0;0;1;0;15;
