╔═══════════════╤═══════════════╗
║Name		│Austin Rivers	║
╟───────────────┼───────────────╢
║Number		│25		║
╟───────────────┼───────────────╢
║Position	│G		║
╟───────────────┼───────────────╢
║Height		│6-4		║
╟───────────────┼───────────────╢
║Weight		│200		║
╟───────────────┼───────────────╢
║Birth		│AUG 01, 1992	║
╟───────────────┼───────────────╢
║Age		│21		║
╟───────────────┼───────────────╢
║Exp		│1		║
╟───────────────┼───────────────╢
║School		│Duke		║
╚═══════════════╧═══════════════╝
Austin Rivers;;15:50;2;3;0;1;0;0;0;0;0;0;1;0;1;2;4;
Austin Rivers;;12:36;1;4;0;2;1;1;0;1;1;1;0;0;0;3;3;
Austin Rivers;;25:00;6;11;0;1;0;0;1;0;1;4;1;0;1;2;12;
Austin Rivers;;23:17;3;10;1;3;2;4;0;2;2;4;0;1;1;1;9;
Austin Rivers;;23:14;5;11;1;1;0;0;0;2;2;5;0;0;0;1;11;
Austin Rivers;;20:00;2;8;0;1;2;5;3;1;4;2;0;0;2;1;6;
Austin Rivers;;12:30;0;4;0;0;0;0;0;0;0;2;0;0;1;1;0;
Austin Rivers;;19:48;4;7;1;1;0;0;0;1;1;3;3;0;2;2;9;
Austin Rivers;;24:24;4;8;2;2;2;6;1;2;3;2;0;0;0;0;12;
Austin Rivers;;27:01;6;15;0;2;3;3;1;0;1;3;2;0;2;2;15;
Austin Rivers;;17:15;2;4;0;1;2;2;0;0;0;2;2;1;0;2;6;
Austin Rivers;;15:39;2;3;1;1;2;2;1;1;2;0;0;0;2;4;7;
Austin Rivers;;21:51;3;9;0;3;2;2;1;1;2;2;0;0;1;5;8;
Austin Rivers;;18:18;3;6;1;1;0;0;0;1;1;1;0;1;1;2;7;
Austin Rivers;;20:20;3;8;0;1;4;4;0;1;1;5;0;0;1;2;10;
Austin Rivers;;18:17;3;11;1;3;2;2;1;5;6;1;0;0;1;1;9;
Austin Rivers;;15:34;2;6;1;2;2;2;0;1;1;1;2;1;0;2;7;
Austin Rivers;;25:28;3;10;0;1;4;7;1;3;4;5;0;0;1;1;10;
Austin Rivers;;20:14;1;3;0;0;5;8;0;4;4;4;0;0;2;4;7;
Austin Rivers;;9:50;0;4;0;0;0;0;1;0;1;1;0;0;0;0;0;
Austin Rivers;;21:56;6;10;1;2;1;1;0;3;3;1;1;0;1;2;14;
Austin Rivers;;10:03;1;5;1;3;0;0;0;0;0;1;0;0;0;0;3;
Austin Rivers;;16:09;3;5;0;0;1;2;0;3;3;1;1;0;1;2;7;
Austin Rivers;;29:23;3;8;1;3;3;3;0;2;2;3;1;1;1;4;10;
Austin Rivers;;16:43;2;4;1;1;1;6;1;1;2;2;0;0;2;1;6;
Austin Rivers;;29:36;1;7;0;1;2;2;0;1;1;2;1;0;0;3;4;
Austin Rivers;;29:58;7;14;1;5;4;5;1;0;1;1;1;0;4;5;19;
Austin Rivers;;17:46;2;9;0;4;2;6;0;0;0;1;0;0;1;2;6;
Austin Rivers;;19:03;5;8;1;3;1;2;0;1;1;2;4;0;4;2;12;
Austin Rivers;;21:48;2;6;0;1;0;0;0;1;1;3;0;0;2;2;4;
Austin Rivers;;25:56;6;11;1;3;0;0;1;1;2;5;1;1;2;5;13;
Austin Rivers;;28:26;5;12;1;3;3;3;0;0;0;9;2;0;4;1;14;
Austin Rivers;;8:44;0;3;0;0;4;4;0;2;2;0;0;0;2;5;4;
Austin Rivers;;20:35;4;10;1;3;0;1;1;1;2;3;1;0;2;2;9;
Austin Rivers;;22:49;4;9;0;1;2;3;0;2;2;2;0;0;0;2;10;
Austin Rivers;;22:25;3;3;0;0;4;6;1;1;2;4;1;1;1;5;10;
Austin Rivers;;23:13;3;6;0;0;3;4;1;0;1;3;2;0;0;1;9;
Austin Rivers;;29:21;4;9;1;1;1;3;0;2;2;0;0;0;1;3;10;
Austin Rivers;;22:07;5;9;1;2;1;2;0;3;3;2;1;0;1;1;12;
Austin Rivers;;30:15;8;18;0;3;0;0;2;4;6;3;2;0;1;2;16;
Austin Rivers;;23:50;2;5;0;0;2;4;0;1;1;9;0;0;3;3;6;
Austin Rivers;;27:33;1;4;0;0;4;6;0;3;3;2;1;0;4;1;6;
Austin Rivers;;15:05;0;4;0;0;1;4;0;3;3;5;0;0;3;0;1;
Austin Rivers;;24:10;5;11;1;1;3;4;0;0;0;1;1;0;1;1;14;
Austin Rivers;;30:10;4;12;0;1;2;4;0;7;7;8;0;1;1;2;10;
Austin Rivers;G;40:22;7;13;2;2;2;3;0;8;8;5;1;0;2;4;18;
Austin Rivers;G;44:32;8;24;2;6;2;6;1;9;10;6;1;0;1;4;20;
Austin Rivers;G;14:08;2;4;2;2;2;2;0;0;0;2;0;0;0;0;8;
Austin Rivers;G;43:58;6;11;2;3;4;5;0;5;5;8;3;0;3;2;18;
Austin Rivers;;12:38;1;4;0;1;1;2;1;1;2;1;0;0;0;1;3;
Austin Rivers;;0:05;0;0;0;0;0;0;0;0;0;0;0;0;0;0;0;
Austin Rivers;;0:09;0;0;0;0;0;0;0;0;0;0;0;0;0;0;0;
Austin Rivers;;11:57;0;2;0;0;0;0;0;0;0;1;0;0;1;0;0;
Austin Rivers;;14:47;2;4;1;1;2;2;0;0;0;2;0;0;1;2;7;
Austin Rivers;;13:32;0;3;0;2;0;0;0;1;1;3;1;0;1;4;0;
Austin Rivers;;7:28;4;6;1;1;3;4;1;1;2;0;0;0;1;2;12;
Austin Rivers;;11:04;1;1;0;0;1;2;1;0;1;4;1;1;2;1;3;
Austin Rivers;;10:12;1;3;0;2;0;2;1;1;2;0;0;0;0;2;2;
Austin Rivers;;15:29;3;5;0;0;4;4;1;0;1;2;0;0;1;0;10;
Austin Rivers;;4:20;0;0;0;0;0;0;0;0;0;0;0;0;0;0;0;
Austin Rivers;;5:49;0;1;0;0;0;0;0;0;0;1;0;0;0;1;0;
Austin Rivers;;17:54;1;7;1;1;1;2;1;1;2;0;3;0;0;3;4;
Austin Rivers;;13:40;0;3;0;0;0;0;0;1;1;0;0;0;0;2;0;
Austin Rivers;;21:57;5;9;2;4;5;7;0;1;1;2;1;0;1;1;17;
Austin Rivers;;27:02;4;12;0;1;3;6;0;4;4;0;2;0;0;2;11;
Austin Rivers;;14:35;1;4;0;1;0;1;0;1;1;1;0;0;1;3;2;
Austin Rivers;;13:18;1;5;0;2;0;0;0;1;1;1;0;0;0;2;2;
Austin Rivers;;12:25;3;5;2;2;0;0;0;0;0;0;0;0;1;2;8;
Austin Rivers;;13:55;1;1;0;0;2;2;0;0;0;0;0;0;0;1;4;
