╔═══════════════╤═══════════════╗
║Name		│Austin Daye	║
╟───────────────┼───────────────╢
║Number		│23		║
╟───────────────┼───────────────╢
║Position	│F		║
╟───────────────┼───────────────╢
║Height		│6-11		║
╟───────────────┼───────────────╢
║Weight		│200		║
╟───────────────┼───────────────╢
║Birth		│JUN 05, 1988	║
╟───────────────┼───────────────╢
║Age		│26		║
╟───────────────┼───────────────╢
║Exp		│4		║
╟───────────────┼───────────────╢
║School		│Gonzaga	║
╚═══════════════╧═══════════════╝
Austin Daye;;2:59;1;1;0;0;0;0;0;2;2;0;0;0;0;0;2;
Austin Daye;;2:33;0;2;0;2;0;0;0;0;0;0;0;0;0;0;0;
Austin Daye;;1:36;0;1;0;0;0;1;0;0;0;0;0;0;0;0;0;
Austin Daye;;1:44;2;2;2;2;0;0;0;1;1;1;0;0;0;0;6;
Austin Daye;;3:36;0;1;0;0;0;0;0;0;0;1;0;1;0;0;0;
Austin Daye;;28:34;8;13;6;10;0;0;0;6;6;1;2;2;0;3;22;
Austin Daye;;2:09;0;2;0;1;0;0;0;1;1;0;0;0;1;1;0;
Austin Daye;;11:12;4;7;3;4;0;0;0;2;2;1;0;0;0;2;11;
Austin Daye;;17:19;0;2;0;1;0;0;0;2;2;0;0;0;1;0;0;
Austin Daye;;4:12;0;2;0;0;0;0;0;1;1;0;0;0;0;0;0;
Austin Daye;;5:51;1;6;0;3;0;0;2;1;3;0;0;0;0;0;2;
Austin Daye;;4:44;1;3;0;2;0;0;0;0;0;1;0;0;1;1;2;
Austin Daye;;0:32;0;0;0;0;0;0;0;0;0;0;0;0;0;0;0;
Austin Daye;F;13:59;1;7;0;3;0;0;1;0;1;1;2;1;1;4;2;
Austin Daye;;5:39;0;3;0;1;0;0;0;1;1;0;0;0;0;1;0;
Austin Daye;;14:10;4;6;1;2;4;6;0;2;2;0;0;0;1;2;13;
Austin Daye;;8:18;1;4;0;3;0;0;1;2;3;0;0;0;0;2;2;
Austin Daye;;3:01;0;1;0;1;0;0;0;1;1;1;0;0;0;2;0;
Austin Daye;;0:09;0;0;0;0;0;0;0;0;0;0;0;0;0;0;0;
Austin Daye;;0:44;0;0;0;0;0;0;0;0;0;0;0;0;0;0;0;
Austin Daye;;14:12;1;5;0;2;2;3;1;0;1;1;0;0;0;0;4;
Austin Daye;;1:00;0;0;0;0;0;0;0;0;0;0;0;0;0;0;0;
