╔═══════════════╤═══════════════╗
║Name		│Avery Bradley	║
╟───────────────┼───────────────╢
║Number		│0		║
╟───────────────┼───────────────╢
║Position	│G		║
╟───────────────┼───────────────╢
║Height		│6-2		║
╟───────────────┼───────────────╢
║Weight		│180		║
╟───────────────┼───────────────╢
║Birth		│NOV 26, 1990	║
╟───────────────┼───────────────╢
║Age		│23		║
╟───────────────┼───────────────╢
║Exp		│3		║
╟───────────────┼───────────────╢
║School		│Texas		║
╚═══════════════╧═══════════════╝
Avery Bradley;G;29:38;3;10;0;0;3;6;1;5;6;1;2;1;2;2;9;
Avery Bradley;G;33:39;7;15;4;6;4;4;0;4;4;0;1;1;0;0;22;
Avery Bradley;G;32:06;7;16;2;4;3;4;1;4;5;1;0;0;2;4;19;
Avery Bradley;G;30:38;5;12;0;1;2;2;0;2;2;1;0;0;2;5;12;
Avery Bradley;G;30:41;10;18;1;4;3;5;1;3;4;2;2;0;2;2;24;
Avery Bradley;G;35:28;3;13;1;4;0;0;0;3;3;4;0;0;2;2;7;
Avery Bradley;G;34:26;11;19;1;2;2;2;4;1;5;3;0;0;0;2;25;
Avery Bradley;G;33:54;11;21;2;7;0;0;0;5;5;3;3;1;1;2;24;
Avery Bradley;G;35:33;8;21;0;2;4;6;0;5;5;1;2;0;2;3;20;
Avery Bradley;G;28:57;5;20;2;6;0;0;2;2;4;3;0;0;1;1;12;
Avery Bradley;G;37:45;7;21;0;5;4;4;1;1;2;0;1;0;1;4;18;
Avery Bradley;G;7:23;0;3;0;1;3;3;0;1;1;0;0;0;1;1;3;
Avery Bradley;G;32:30;6;12;0;0;5;6;0;2;2;2;1;0;1;2;17;
Avery Bradley;G;25:48;6;15;0;2;2;2;0;2;2;1;3;0;0;2;14;
Avery Bradley;G;18:58;2;13;1;3;0;0;0;0;0;0;0;0;1;2;5;
Avery Bradley;;16:38;4;12;0;1;1;1;1;0;1;0;1;0;0;0;9;
Avery Bradley;;28:09;5;9;0;1;2;2;1;1;2;2;1;0;2;0;12;
Avery Bradley;G;35:52;5;14;1;3;0;0;0;3;3;2;3;0;0;1;11;
Avery Bradley;G;40:30;8;13;6;9;1;1;1;3;4;1;0;0;3;1;23;
Avery Bradley;G;34:51;12;19;4;9;0;0;0;4;4;1;1;1;1;4;28;
Avery Bradley;G;36:46;6;15;2;6;2;2;0;3;3;0;0;0;1;2;16;
Avery Bradley;G;23:22;3;7;1;2;4;4;0;2;2;0;1;0;3;2;11;
Avery Bradley;G;33:24;3;12;0;2;2;2;1;2;3;2;1;0;1;2;8;
Avery Bradley;G;13:44;0;5;0;1;1;1;0;2;2;3;0;0;0;0;1;
Avery Bradley;G;34:49;8;16;4;4;4;4;1;3;4;2;3;0;1;4;24;
Avery Bradley;G;37:35;8;16;4;6;2;2;0;2;2;1;2;0;3;2;22;
Avery Bradley;G;31:11;9;15;5;6;2;2;1;7;8;2;1;0;1;1;25;
Avery Bradley;G;42:25;9;22;2;11;3;4;0;2;2;3;1;0;3;2;23;
Avery Bradley;G;36:52;7;18;3;7;1;1;2;3;5;3;0;0;5;4;18;
Avery Bradley;G;31:18;4;13;0;3;0;0;1;4;5;4;2;1;4;6;8;
Avery Bradley;G;32:35;4;14;0;3;0;0;0;2;2;2;1;0;4;6;8;
Avery Bradley;G;34:00;6;14;1;2;0;0;4;4;8;3;3;0;6;2;13;
Avery Bradley;G;32:29;6;12;0;2;2;2;0;0;0;3;1;0;1;3;14;
Avery Bradley;G;30:18;3;8;0;2;2;2;2;4;6;1;1;0;2;2;8;
Avery Bradley;G;28:53;5;13;1;2;3;4;3;5;8;1;3;1;2;1;14;
Avery Bradley;G;29:41;8;14;1;1;0;0;0;2;2;1;0;0;0;2;17;
Avery Bradley;G;29:03;10;15;0;1;4;4;0;0;0;0;3;0;3;3;24;
Avery Bradley;G;22:55;3;8;1;2;0;0;0;3;3;0;1;0;1;5;7;
Avery Bradley;G;20:40;2;5;0;2;2;4;1;1;2;0;1;0;1;1;6;
Avery Bradley;G;36:21;12;23;1;4;2;2;1;2;3;0;1;0;3;4;27;
Avery Bradley;G;27:19;5;22;1;4;0;0;3;2;5;0;2;0;3;1;11;
Avery Bradley;G;35:36;9;18;1;2;0;0;0;3;3;2;0;0;2;4;19;
Avery Bradley;G;31:10;3;10;0;1;0;0;0;7;7;2;1;0;3;2;6;
Avery Bradley;G;34:21;6;13;0;1;0;2;0;5;5;2;1;0;0;2;12;
Avery Bradley;G;8:42;1;6;0;0;0;0;0;1;1;1;0;0;1;4;2;
Avery Bradley;G;32:25;7;13;2;5;0;0;1;0;1;0;0;2;4;2;16;
Avery Bradley;G;35:05;9;11;3;4;0;0;1;2;3;3;2;0;1;2;21;
Avery Bradley;G;35:06;4;15;0;2;1;2;0;3;3;1;0;0;0;6;9;
Avery Bradley;G;30:24;6;12;3;6;0;0;1;3;4;0;0;0;0;3;15;
Avery Bradley;G;30:47;8;11;2;4;0;0;2;2;4;2;1;0;1;2;18;
Avery Bradley;G;28:24;4;11;2;2;3;3;1;9;10;2;1;0;0;2;13;
Avery Bradley;G;37:21;8;16;3;6;3;3;0;3;3;0;2;0;1;4;22;
Avery Bradley;G;33:18;3;8;2;2;0;0;0;3;3;2;1;1;2;3;8;
Avery Bradley;G;31:20;5;12;2;3;1;4;0;6;6;0;0;1;0;2;13;
Avery Bradley;G;32:44;9;17;1;5;0;0;2;3;5;2;0;0;1;2;19;
Avery Bradley;G;31:57;5;11;2;3;2;2;0;5;5;2;1;0;2;3;14;
Avery Bradley;G;37:48;12;18;2;3;0;2;2;3;5;0;1;0;2;1;26;
Avery Bradley;G;31:11;6;14;1;1;0;0;1;5;6;0;1;0;1;2;13;
Avery Bradley;G;37:01;8;16;1;4;1;2;3;5;8;3;2;0;2;3;18;
Avery Bradley;G;31:22;2;10;0;3;4;4;1;4;5;2;0;1;1;1;8;
