Ben Gordon;;9:33;1;7;0;3;0;0;0;1;1;1;0;0;2;1;2;
Ben Gordon;;6:59;1;3;1;2;0;0;0;0;0;1;1;0;0;0;3;
Ben Gordon;;19:57;1;7;0;1;2;2;2;0;2;2;0;0;1;1;4;
Ben Gordon;;8:46;1;3;0;1;2;4;0;1;1;1;1;0;0;1;4;
Ben Gordon;;17:15;2;8;0;2;4;4;0;1;1;2;1;0;2;1;8;
Ben Gordon;;6:35;0;0;0;0;1;2;0;0;0;1;0;0;0;1;1;
Ben Gordon;;13:20;2;8;0;1;0;0;0;2;2;0;0;0;2;0;4;
Ben Gordon;;9:36;2;4;0;2;0;1;0;1;1;3;0;0;0;0;4;
Ben Gordon;;13:46;4;9;1;1;3;3;0;1;1;1;2;0;0;0;12;
Ben Gordon;;25:07;3;8;1;2;2;2;1;5;6;5;0;0;1;1;9;
Ben Gordon;;23:48;2;7;0;1;0;0;0;2;2;1;0;0;0;1;4;
Ben Gordon;;24:59;5;11;0;3;0;0;0;2;2;1;1;1;2;2;10;
Ben Gordon;;26:20;2;6;1;2;0;0;0;1;1;1;1;0;4;2;5;
Ben Gordon;;8:37;0;1;0;0;0;0;0;1;1;0;0;0;2;0;0;
Ben Gordon;;13:54;3;7;1;2;3;3;0;1;1;0;1;0;0;1;10;
Ben Gordon;;12:21;2;5;0;1;0;0;0;1;1;0;0;1;1;4;4;
Ben Gordon;;14:14;2;4;2;2;0;0;0;2;2;1;1;0;3;1;6;
Ben Gordon;;11:34;1;4;0;2;0;0;0;2;2;0;0;0;1;0;2;
Ben Gordon;;12:05;3;6;1;1;0;0;0;0;0;0;1;0;0;1;7;
