╔═══════════════╤═══════════════╗
║Name		│Ben McLemore	║
╟───────────────┼───────────────╢
║Number		│16		║
╟───────────────┼───────────────╢
║Position	│G		║
╟───────────────┼───────────────╢
║Height		│6-5		║
╟───────────────┼───────────────╢
║Weight		│195		║
╟───────────────┼───────────────╢
║Birth		│FEB 11, 1993	║
╟───────────────┼───────────────╢
║Age		│21		║
╟───────────────┼───────────────╢
║Exp		│R		║
╟───────────────┼───────────────╢
║School		│Kansas		║
╚═══════════════╧═══════════════╝
Ben McLemore;G;23:10;0;5;0;3;0;0;1;2;3;0;0;0;2;2;0;
Ben McLemore;G;21:39;2;8;1;4;0;0;1;2;3;0;0;1;1;1;5;
Ben McLemore;;17:53;1;2;0;0;0;0;0;1;1;2;0;0;0;2;2;
Ben McLemore;;18:12;0;4;0;1;0;0;1;1;2;1;0;0;0;3;0;
Ben McLemore;;26:03;2;7;1;3;4;4;0;1;1;0;0;0;1;4;9;
Ben McLemore;;18:51;3;9;1;2;0;0;1;2;3;0;0;0;0;3;7;
Ben McLemore;;6:38;0;0;0;0;0;0;0;1;1;0;0;1;0;2;0;
Ben McLemore;;13:22;3;6;1;1;0;0;0;1;1;0;0;0;0;0;7;
Ben McLemore;;20:36;3;6;1;3;2;2;0;3;3;1;0;0;1;2;9;
Ben McLemore;;7:01;0;1;0;0;0;0;0;1;1;0;0;1;0;1;0;
Ben McLemore;;35:08;3;10;3;7;2;2;0;1;1;0;0;0;2;5;11;
Ben McLemore;;10:54;1;5;1;3;0;0;0;1;1;0;0;0;0;3;3;
Ben McLemore;;29:21;6;12;2;4;4;6;0;3;3;3;2;0;1;3;18;
Ben McLemore;;25:29;6;12;1;5;1;1;3;6;9;2;0;0;3;4;14;
Ben McLemore;;26:08;2;6;0;3;2;2;1;1;2;1;1;0;3;0;6;
Ben McLemore;;14:22;2;4;0;2;0;0;2;0;2;0;1;0;1;3;4;
Ben McLemore;;19:44;2;7;0;1;0;0;0;3;3;1;1;0;0;0;4;
Ben McLemore;;20:06;2;7;0;2;1;1;0;0;0;2;0;0;2;1;5;
Ben McLemore;;24:21;2;5;1;1;1;2;1;2;3;0;2;0;0;2;6;
Ben McLemore;;20:44;3;11;1;2;1;1;1;3;4;2;1;1;1;1;8;
Ben McLemore;;25:16;5;12;0;2;1;1;2;4;6;1;1;0;1;1;11;
Ben McLemore;;23:29;3;6;2;5;1;2;0;0;0;2;0;0;0;2;9;
Ben McLemore;;18:09;0;2;0;1;0;0;0;3;3;1;0;0;1;1;0;
Ben McLemore;G;18:58;1;4;1;2;1;2;2;2;4;0;0;0;0;5;4;
Ben McLemore;G;27:13;4;9;1;3;2;2;1;3;4;0;0;0;1;3;11;
Ben McLemore;G;35:32;2;10;1;4;1;1;2;2;4;1;3;1;2;2;6;
Ben McLemore;G;38:15;4;16;1;7;6;6;0;1;1;0;4;0;0;1;15;
Ben McLemore;G;29:43;0;4;0;4;0;0;0;2;2;2;2;0;1;3;0;
Ben McLemore;G;20:47;3;7;1;3;0;0;0;1;1;1;0;0;5;3;7;
Ben McLemore;G;28:54;3;4;0;1;4;4;0;4;4;0;0;0;0;4;10;
Ben McLemore;G;26:03;2;5;0;0;0;0;0;2;2;1;0;1;0;1;4;
Ben McLemore;G;30:26;4;11;2;7;4;4;1;1;2;1;1;1;3;3;14;
Ben McLemore;G;29:42;3;4;1;2;1;3;0;4;4;0;0;1;1;2;8;
Ben McLemore;G;25:07;4;9;1;3;0;0;0;0;0;1;0;0;1;2;9;
Ben McLemore;G;28:07;5;7;3;5;2;2;0;1;1;1;1;0;3;4;15;
Ben McLemore;G;35:36;3;12;0;7;0;0;1;5;6;1;1;0;2;2;6;
Ben McLemore;G;19:00;2;4;0;0;0;0;1;3;4;0;0;0;1;6;4;
Ben McLemore;G;50:07;5;17;1;7;0;0;3;2;5;2;0;0;3;5;11;
Ben McLemore;G;26:21;4;7;1;4;0;0;0;4;4;1;0;0;2;5;9;
Ben McLemore;G;34:06;6;15;3;8;0;0;1;3;4;0;1;0;0;1;15;
Ben McLemore;G;31:00;6;12;4;7;0;0;0;1;1;1;1;0;0;3;16;
Ben McLemore;G;45:56;5;16;3;7;5;6;0;1;1;3;2;1;1;3;18;
Ben McLemore;G;33:24;4;9;1;2;1;1;1;1;2;2;0;0;2;5;10;
Ben McLemore;G;38:22;5;11;1;4;3;4;2;3;5;1;0;1;4;1;14;
Ben McLemore;G;45:07;5;11;1;4;1;1;2;2;4;0;1;0;1;2;12;
Ben McLemore;G;40:34;0;7;0;3;3;4;0;3;3;1;0;1;3;1;3;
Ben McLemore;G;27:45;2;9;1;5;0;1;0;2;2;1;0;0;0;2;5;
Ben McLemore;G;39:07;3;9;1;4;4;4;1;7;8;2;0;0;2;1;11;
Ben McLemore;G;32:08;6;13;1;3;3;4;0;1;1;0;0;0;1;3;16;
Ben McLemore;G;32:21;3;7;2;4;6;6;0;1;1;0;0;0;0;3;14;
Ben McLemore;G;38:51;6;11;3;6;4;5;1;2;3;2;0;2;1;4;19;
Ben McLemore;G;42:20;9;20;3;9;10;15;0;5;5;5;1;0;2;1;31;
Ben McLemore;;16:56;1;7;1;5;1;2;0;1;1;0;0;1;1;1;4;
Ben McLemore;;13:23;1;2;0;0;0;2;0;0;0;1;0;0;0;4;2;
Ben McLemore;;30:04;8;17;3;9;0;0;3;1;4;1;1;0;2;2;19;
Ben McLemore;;22:46;6;12;3;7;0;0;2;4;6;1;2;0;0;1;15;
Ben McLemore;;7:01;0;0;0;0;0;0;0;0;0;0;0;0;0;4;0;
Ben McLemore;;27:50;4;8;3;3;2;2;1;2;3;1;1;0;2;2;13;
Ben McLemore;G;14:52;1;8;0;2;0;0;0;0;0;2;0;0;1;0;2;
Ben McLemore;G;31:41;2;6;1;4;2;2;1;5;6;2;1;1;0;2;7;
Ben McLemore;G;19:28;2;6;1;3;0;0;1;4;5;1;0;0;2;1;5;
Ben McLemore;G;33:60;5;13;4;10;5;5;0;5;5;0;0;1;1;3;19;
Ben McLemore;G;24:10;3;7;0;3;2;2;0;5;5;0;1;0;0;1;8;
Ben McLemore;G;15:42;2;7;1;2;0;0;0;1;1;1;1;0;1;4;5;
Ben McLemore;G;26:16;5;14;3;6;2;3;1;0;1;0;0;0;2;2;15;
Ben McLemore;G;34:43;5;12;1;6;3;3;2;2;4;3;2;0;2;3;14;
Ben McLemore;G;18:23;1;5;0;2;2;2;0;0;0;0;2;0;1;0;4;
Ben McLemore;G;28:30;4;12;2;6;4;5;0;3;3;3;1;0;1;3;14;
Ben McLemore;G;31:52;8;17;4;7;0;0;3;3;6;1;2;0;2;1;20;
Ben McLemore;G;38:00;6;17;1;6;2;4;0;9;9;1;2;1;0;3;15;
Ben McLemore;G;33:58;1;7;1;4;0;0;1;3;4;3;0;0;0;5;3;
Ben McLemore;G;33:29;1;8;1;2;1;2;0;2;2;0;0;0;1;2;4;
Ben McLemore;G;26:54;1;6;0;1;2;2;1;1;2;1;0;0;3;1;4;
Ben McLemore;G;22:31;1;4;0;2;2;2;1;0;1;0;0;0;2;4;4;
Ben McLemore;G;30:03;2;10;1;5;2;2;0;3;3;3;0;0;1;3;7;
Ben McLemore;G;34:20;5;6;0;0;0;0;0;5;5;1;0;0;1;2;10;
Ben McLemore;G;32:37;8;13;4;7;0;0;2;2;4;1;1;0;2;2;20;
Ben McLemore;G;17:06;3;3;2;2;1;2;0;0;0;2;1;0;0;4;9;
Ben McLemore;G;23:08;1;2;1;2;0;0;0;2;2;0;0;1;1;4;3;
Ben McLemore;G;23:58;1;4;0;1;0;0;0;5;5;1;0;0;3;1;2;
Ben McLemore;G;30:44;2;7;1;3;0;0;0;0;0;0;0;0;2;4;5;
Ben McLemore;G;25:07;5;12;2;7;1;2;1;3;4;3;0;0;0;5;13;
