╔═══════════════╤═══════════════════════╗
║Name		│Beno Udrih		║
╟───────────────┼───────────────────────╢
║Number		│19			║
╟───────────────┼───────────────────────╢
║Position	│G			║
╟───────────────┼───────────────────────╢
║Height		│6-3			║
╟───────────────┼───────────────────────╢
║Weight		│210			║
╟───────────────┼───────────────────────╢
║Birth		│JUL 05, 1982		║
╟───────────────┼───────────────────────╢
║Age		│31			║
╟───────────────┼───────────────────────╢
║Exp		│9			║
╟───────────────┼───────────────────────╢
║School		│Sempeter, Slovenia	║
╚═══════════════╧═══════════════════════╝
Beno Udrih;G;32:17;4;9;0;2;2;2;1;1;2;7;1;0;2;0;10;
Beno Udrih;G;34:12;5;13;0;1;0;0;1;3;4;7;2;0;0;3;10;
Beno Udrih;G;32:54;2;6;0;1;0;0;0;3;3;8;2;0;3;2;4;
Beno Udrih;;7:56;0;3;0;2;0;0;0;1;1;2;0;0;1;0;0;
Beno Udrih;;12:43;2;3;1;1;1;2;1;1;2;5;1;1;1;0;6;
Beno Udrih;;16:14;0;3;0;1;0;0;0;0;0;4;0;1;1;0;0;
Beno Udrih;;3:35;0;1;0;0;0;0;0;1;1;1;0;0;1;0;0;
Beno Udrih;;7:18;1;3;1;1;0;0;0;0;0;2;0;0;0;1;3;
Beno Udrih;;10:06;1;1;0;0;0;0;0;1;1;2;1;0;2;1;2;
Beno Udrih;;3:44;2;4;2;2;0;0;0;0;0;1;0;0;0;0;6;
Beno Udrih;;0:51;0;0;0;0;2;2;0;0;0;0;0;0;0;0;2;
Beno Udrih;;6:04;0;1;0;0;2;2;0;0;0;0;0;0;0;0;2;
Beno Udrih;;1:52;0;0;0;0;1;2;0;0;0;0;0;1;1;0;1;
Beno Udrih;;6:15;2;3;0;0;0;0;0;0;0;0;0;0;1;1;4;
Beno Udrih;;7:43;0;1;0;0;0;0;0;1;1;0;0;0;0;2;0;
Beno Udrih;;12:15;3;6;0;0;0;0;0;0;0;2;0;0;0;0;6;
Beno Udrih;;5:30;2;2;0;0;0;0;0;0;0;1;0;0;1;0;4;
Beno Udrih;;0:54;0;0;0;0;0;0;0;0;0;0;0;0;0;0;0;
Beno Udrih;;10:33;1;4;0;0;0;0;0;1;1;2;0;0;2;2;2;
Beno Udrih;;3:36;0;0;0;0;0;2;0;0;0;1;0;0;0;1;0;
Beno Udrih;;3:56;0;1;0;0;0;0;0;0;0;1;0;0;0;2;0;
Beno Udrih;;19:43;3;9;0;1;0;0;1;0;1;1;1;0;1;3;6;
Beno Udrih;G;18:28;0;3;0;2;0;0;1;0;1;4;0;0;2;0;0;
Beno Udrih;G;37:50;8;15;3;4;0;0;2;6;8;4;0;0;2;4;19;
Beno Udrih;G;25:01;1;7;0;3;0;0;1;3;4;5;0;0;2;2;2;
Beno Udrih;G;30:60;5;7;3;3;0;0;0;5;5;5;1;0;1;1;13;
Beno Udrih;;3:29;0;0;0;0;0;0;0;0;0;1;0;0;2;2;0;
Beno Udrih;;5:26;0;1;0;0;0;0;1;0;1;1;0;0;1;0;0;
Beno Udrih;;6:45;1;2;0;0;0;0;0;0;0;1;0;0;1;1;2;
Beno Udrih;;6:33;1;2;0;0;0;0;0;1;1;3;0;0;1;0;2;
Beno Udrih;;12:34;2;5;1;2;0;0;0;1;1;0;1;0;0;0;5;
Beno Udrih;;17:28;4;5;0;0;0;0;0;2;2;2;1;0;4;1;8;
Beno Udrih;;9:19;1;3;0;1;0;0;0;0;0;1;0;0;2;2;2;
Beno Udrih;;18:02;3;7;0;0;4;4;0;2;2;1;2;0;1;0;10;
Beno Udrih;;29:40;3;7;1;2;5;6;0;2;2;5;1;0;0;1;12;
Beno Udrih;G;36:19;7;11;4;6;0;0;0;3;3;4;2;0;0;5;18;
Beno Udrih;G;30:36;2;6;0;2;0;0;0;2;2;6;2;1;2;3;4;
Beno Udrih;;22:33;2;3;0;1;6;6;0;1;1;6;0;0;1;1;10;
Beno Udrih;G;29:53;1;6;0;1;0;0;1;3;4;6;0;0;2;1;2;
Beno Udrih;G;37:44;6;11;1;1;2;2;0;4;4;10;4;0;1;6;15;
Beno Udrih;G;20:38;2;3;1;1;0;0;0;0;0;3;1;0;4;2;5;
