╔═══════════════╤═══════════════╗
║Name		│Bernard James	║
╟───────────────┼───────────────╢
║Number		│5		║
╟───────────────┼───────────────╢
║Position	│C		║
╟───────────────┼───────────────╢
║Height		│6-10		║
╟───────────────┼───────────────╢
║Weight		│240		║
╟───────────────┼───────────────╢
║Birth		│FEB 07, 1985	║
╟───────────────┼───────────────╢
║Age		│29		║
╟───────────────┼───────────────╢
║Exp		│1		║
╟───────────────┼───────────────╢
║School		│Florida State	║
╚═══════════════╧═══════════════╝
Bernard James;;0:48;0;0;0;0;0;0;0;0;0;0;0;0;0;0;0;
Bernard James;;4:25;0;0;0;0;0;0;0;0;0;0;0;0;0;0;0;
Bernard James;;3:45;0;0;0;0;0;0;0;1;1;0;1;0;0;0;0;
Bernard James;;1:29;0;0;0;0;0;0;0;0;0;0;0;1;0;0;0;
Bernard James;;0:54;0;0;0;0;0;0;0;0;0;0;0;0;0;0;0;
Bernard James;;3:35;0;0;0;0;0;0;0;2;2;0;0;0;0;1;0;
Bernard James;;5:00;0;0;0;0;0;0;0;1;1;0;0;2;0;0;0;
Bernard James;;0:54;0;0;0;0;0;0;1;0;1;1;0;0;0;0;0;
Bernard James;;2:08;1;1;0;0;0;0;0;0;0;1;0;0;0;1;2;
Bernard James;;2:29;0;0;0;0;0;0;0;0;0;0;0;0;0;0;0;
Bernard James;;10:28;0;1;0;0;0;0;0;4;4;0;1;0;1;5;0;
Bernard James;;4:05;1;1;0;0;0;3;2;0;2;0;0;1;3;2;2;
Bernard James;;7:27;0;1;0;0;0;0;0;0;0;0;0;0;0;2;0;
Bernard James;;4:07;0;0;0;0;0;0;0;0;0;0;0;0;0;0;0;
Bernard James;;1:11;0;0;0;0;0;0;1;0;1;0;0;0;1;0;0;
Bernard James;;0:32;0;0;0;0;0;0;0;0;0;0;0;0;0;0;0;
Bernard James;;5:10;0;0;0;0;0;0;0;0;0;1;0;0;0;1;0;
Bernard James;;6:26;0;1;0;0;0;0;0;4;4;0;0;1;1;1;0;
Bernard James;;7:14;2;2;0;0;1;1;0;2;2;0;0;0;0;3;5;
Bernard James;;1:19;0;0;0;0;0;0;0;0;0;0;0;0;1;0;0;
Bernard James;;6:31;0;0;0;0;0;0;0;1;1;0;0;0;1;1;0;
Bernard James;;7:39;0;0;0;0;0;0;1;0;1;0;0;0;2;2;0;
Bernard James;;0:26;0;0;0;0;0;0;1;0;1;0;0;0;0;0;0;
Bernard James;;10:17;2;3;0;0;1;1;2;2;4;0;0;0;0;1;5;
Bernard James;;11:28;2;4;0;0;1;2;3;3;6;0;0;1;0;0;5;
Bernard James;;22:00;2;6;0;1;3;3;2;4;6;0;1;1;0;3;7;
Bernard James;;9:40;0;2;0;0;0;0;1;2;3;0;0;1;0;0;0;
Bernard James;;1:56;0;0;0;0;0;0;0;1;1;0;0;0;0;0;0;
Bernard James;;1:34;1;1;0;0;0;1;1;0;1;0;0;0;0;1;2;
Bernard James;;1:03;0;0;0;0;0;0;0;0;0;0;0;0;0;0;0;
