╔═══════════════╤═══════════════════════╗
║Name		│Bismack Biyombo	║
╟───────────────┼───────────────────────╢
║Number		│0			║
╟───────────────┼───────────────────────╢
║Position	│C-F			║
╟───────────────┼───────────────────────╢
║Height		│6-9			║
╟───────────────┼───────────────────────╢
║Weight		│245			║
╟───────────────┼───────────────────────╢
║Birth		│AUG 28, 1992		║
╟───────────────┼───────────────────────╢
║Age		│21			║
╟───────────────┼───────────────────────╢
║Exp		│2			║
╟───────────────┼───────────────────────╢
║School		│Lubumbashi, DR Congo	║
╚═══════════════╧═══════════════════════╝
Bismack Biyombo;;17:36;3;5;0;0;2;3;1;4;5;1;0;1;2;0;8;
Bismack Biyombo;;19:12;2;3;0;0;2;3;0;4;4;0;1;0;1;1;6;
Bismack Biyombo;;9:29;0;1;0;0;1;2;0;1;1;0;0;0;1;6;1;
Bismack Biyombo;;13:28;0;1;0;0;0;2;0;3;3;0;0;1;0;2;0;
Bismack Biyombo;;20:07;0;1;0;0;4;4;0;7;7;0;0;4;1;2;4;
Bismack Biyombo;;9:05;0;1;0;0;0;0;1;1;2;0;0;1;0;3;0;
Bismack Biyombo;;8:35;1;2;0;0;0;0;0;0;0;0;0;0;0;0;2;
Bismack Biyombo;;3:04;0;0;0;0;0;0;0;1;1;0;0;0;1;1;0;
Bismack Biyombo;;9:44;3;3;0;0;1;2;1;2;3;0;0;1;0;1;7;
Bismack Biyombo;;9:58;1;1;0;0;0;0;0;1;1;1;0;1;1;2;2;
Bismack Biyombo;;12:16;0;0;0;0;0;0;1;4;5;0;0;0;0;0;0;
Bismack Biyombo;;17:15;3;4;0;0;2;2;3;5;8;1;0;3;0;1;8;
Bismack Biyombo;;10:20;0;0;0;0;0;0;1;1;2;0;0;0;1;1;0;
Bismack Biyombo;;15:45;1;4;0;0;2;2;1;8;9;0;0;1;1;2;4;
Bismack Biyombo;;9:16;1;1;0;0;0;0;1;2;3;0;0;1;0;0;2;
Bismack Biyombo;;16:15;1;1;0;0;2;2;1;3;4;0;0;3;0;1;4;
Bismack Biyombo;;8:37;1;2;0;0;0;0;2;4;6;0;0;1;1;4;2;
Bismack Biyombo;;9:49;0;1;0;0;0;0;2;0;2;0;0;0;0;3;0;
Bismack Biyombo;;9:44;5;5;0;0;0;0;2;2;4;0;0;1;0;2;10;
Bismack Biyombo;;19:12;3;3;0;0;0;2;2;4;6;0;0;2;1;3;6;
Bismack Biyombo;;10:04;1;1;0;0;1;4;1;2;3;0;0;1;0;1;3;
Bismack Biyombo;;13:16;0;1;0;0;1;2;3;5;8;0;0;5;1;2;1;
Bismack Biyombo;;13:56;0;2;0;0;0;0;2;6;8;0;0;1;2;0;0;
Bismack Biyombo;;17:03;3;3;0;0;0;2;2;5;7;0;0;2;0;2;6;
Bismack Biyombo;;13:04;0;3;0;0;0;0;2;3;5;0;1;0;0;1;0;
Bismack Biyombo;;12:05;2;2;0;0;1;2;0;3;3;0;0;3;1;1;5;
Bismack Biyombo;;5:21;0;0;0;0;0;0;0;1;1;0;0;0;0;1;0;
Bismack Biyombo;;6:11;0;1;0;0;0;0;1;0;1;0;0;0;0;0;0;
Bismack Biyombo;;2:41;0;0;0;0;0;0;1;1;2;0;0;1;0;1;0;
Bismack Biyombo;;17:38;3;5;0;0;0;0;3;2;5;0;0;3;0;3;6;
Bismack Biyombo;;8:46;0;2;0;0;0;0;1;3;4;0;0;0;1;2;0;
Bismack Biyombo;;11:38;0;2;0;0;0;0;1;1;2;0;0;0;0;1;0;
Bismack Biyombo;;9:49;1;1;0;0;0;0;1;2;3;0;0;1;0;1;2;
Bismack Biyombo;;11:08;2;3;0;0;0;0;0;2;2;0;0;1;1;0;4;
Bismack Biyombo;;7:45;2;2;0;0;0;0;1;3;4;0;0;1;2;3;4;
Bismack Biyombo;;10:58;1;2;0;0;0;0;2;4;6;0;0;1;0;3;2;
Bismack Biyombo;;15:05;0;0;0;0;0;0;2;3;5;0;1;0;0;2;0;
Bismack Biyombo;;5:56;0;1;0;0;0;0;3;2;5;0;0;0;0;1;0;
Bismack Biyombo;;11:42;0;0;0;0;1;2;1;4;5;1;0;0;0;4;1;
Bismack Biyombo;;11:24;0;0;0;0;0;0;0;2;2;0;0;2;1;2;0;
Bismack Biyombo;;7:57;2;2;0;0;0;0;0;0;0;0;1;1;0;0;4;
Bismack Biyombo;;17:25;1;3;0;0;0;0;4;3;7;0;0;2;1;3;2;
Bismack Biyombo;;11:15;1;1;0;0;0;0;1;2;3;0;0;2;0;0;2;
Bismack Biyombo;;11:51;0;1;0;0;0;0;4;3;7;0;0;0;0;2;0;
Bismack Biyombo;;10:12;1;1;0;0;0;0;0;2;2;0;0;0;1;2;2;
Bismack Biyombo;;8:40;0;1;0;0;0;0;0;3;3;0;0;2;0;4;0;
Bismack Biyombo;;11:58;0;0;0;0;2;4;1;0;1;1;0;1;0;1;2;
Bismack Biyombo;;13:14;1;1;0;0;0;1;3;3;6;1;0;2;0;0;2;
Bismack Biyombo;;11:18;2;3;0;0;0;2;2;5;7;0;1;1;0;1;4;
Bismack Biyombo;;16:35;2;4;0;0;0;0;1;4;5;0;0;0;0;2;4;
Bismack Biyombo;C;36:49;5;6;0;0;1;2;1;9;10;0;0;2;1;3;11;
Bismack Biyombo;C;25:30;0;0;0;0;0;2;1;5;6;0;0;1;0;1;0;
Bismack Biyombo;C;18:35;0;1;0;0;1;2;1;5;6;0;0;1;4;2;1;
Bismack Biyombo;C;39:49;3;4;0;0;2;6;4;7;11;0;0;3;0;2;8;
Bismack Biyombo;C;26:06;0;1;0;0;3;4;1;10;11;1;0;1;1;1;3;
Bismack Biyombo;;16:55;1;1;0;0;0;2;1;5;6;0;0;0;0;2;2;
Bismack Biyombo;;15:01;2;3;0;0;0;0;1;3;4;0;0;1;0;2;4;
Bismack Biyombo;C;31:39;0;1;0;0;0;0;4;8;12;0;0;3;2;2;0;
Bismack Biyombo;C;20:53;1;2;0;0;2;2;2;6;8;0;0;0;0;2;4;
Bismack Biyombo;C;20:47;2;2;0;0;2;2;1;3;4;0;0;1;0;2;6;
Bismack Biyombo;C;22:33;4;6;0;0;1;3;1;5;6;0;0;0;0;4;9;
Bismack Biyombo;;5:21;0;0;0;0;0;0;0;3;3;0;0;0;0;0;0;
Bismack Biyombo;;10:57;1;1;0;0;2;4;2;2;4;0;0;0;0;0;4;
Bismack Biyombo;;19:39;3;4;0;0;1;2;4;10;14;0;0;1;2;1;7;
Bismack Biyombo;;9:54;1;1;0;0;0;0;0;4;4;0;0;1;0;0;2;
Bismack Biyombo;;9:40;0;1;0;0;0;0;3;2;5;0;1;0;0;0;0;
Bismack Biyombo;;7:23;2;2;0;0;0;0;1;2;3;0;0;1;0;1;4;
Bismack Biyombo;;17:18;2;2;0;0;2;3;2;5;7;1;1;0;1;3;6;
Bismack Biyombo;;14:04;3;4;0;0;0;0;1;4;5;0;0;2;2;2;6;
Bismack Biyombo;;19:52;0;1;0;0;0;2;3;6;9;0;0;2;1;4;0;
Bismack Biyombo;;13:29;0;1;0;0;1;2;0;1;1;0;0;0;2;3;1;
Bismack Biyombo;;14:35;1;1;0;0;1;2;1;3;4;0;0;4;0;1;3;
Bismack Biyombo;;17:02;2;3;0;0;1;2;2;8;10;0;0;2;0;1;5;
Bismack Biyombo;;13:46;2;5;0;0;0;0;1;3;4;0;0;1;0;0;4;
Bismack Biyombo;;13:28;1;2;0;0;0;0;3;1;4;0;0;2;1;3;2;
Bismack Biyombo;;14:20;1;1;0;0;4;4;2;1;3;0;0;2;1;0;6;
Bismack Biyombo;;12:20;1;1;0;0;0;0;0;4;4;0;0;1;0;1;2;
