╔═══════════════╤═══════════════╗
║Name		│Blake Griffin	║
╟───────────────┼───────────────╢
║Number		│32		║
╟───────────────┼───────────────╢
║Position	│F		║
╟───────────────┼───────────────╢
║Height		│6-10		║
╟───────────────┼───────────────╢
║Weight		│251		║
╟───────────────┼───────────────╢
║Birth		│MAR 16, 1989	║
╟───────────────┼───────────────╢
║Age		│25		║
╟───────────────┼───────────────╢
║Exp		│3		║
╟───────────────┼───────────────╢
║School		│Oklahoma	║
╚═══════════════╧═══════════════╝
Blake Griffin;F;38:07;14;20;1;2;2;4;2;10;12;2;0;0;4;4;31;
Blake Griffin;F;41:08;7;18;0;1;11;13;5;10;15;5;0;1;0;3;25;
Blake Griffin;F;35:03;7;15;0;0;5;7;2;5;7;2;0;0;1;2;19;
Blake Griffin;F;23:47;5;12;0;1;6;8;2;6;8;6;3;0;2;4;16;
Blake Griffin;F;41:23;9;14;0;0;11;17;1;5;6;8;2;0;2;4;29;
Blake Griffin;F;29:48;12;15;0;0;9;11;2;10;12;4;4;2;4;2;33;
Blake Griffin;F;40:04;5;11;0;1;13;16;1;6;7;8;1;0;5;3;23;
Blake Griffin;F;39:41;12;20;1;3;7;9;0;7;7;2;3;1;4;5;32;
Blake Griffin;F;34:36;6;18;0;1;7;8;3;5;8;4;1;1;1;4;19;
Blake Griffin;F;32:49;9;16;0;2;7;12;3;2;5;5;1;0;4;3;25;
Blake Griffin;F;37:26;11;20;0;0;5;6;1;6;7;6;1;0;3;3;27;
Blake Griffin;F;37:06;11;18;0;0;4;7;4;9;13;7;0;0;0;2;26;
Blake Griffin;F;39:24;10;18;0;0;10;13;2;3;5;2;1;0;0;5;30;
Blake Griffin;F;28:26;8;13;0;1;4;5;2;3;5;2;2;1;3;3;20;
Blake Griffin;F;37:23;12;20;0;0;5;8;1;8;9;4;1;1;6;4;29;
Blake Griffin;F;39:33;11;21;0;0;5;10;1;2;3;2;3;0;2;1;27;
Blake Griffin;F;35:25;9;19;0;0;7;12;4;7;11;4;0;0;1;2;25;
Blake Griffin;F;37:34;13;21;0;0;10;16;6;5;11;5;1;0;0;4;36;
Blake Griffin;F;42:17;16;34;1;3;10;17;9;6;15;6;0;0;4;5;43;
Blake Griffin;F;28:19;13;18;0;1;10;13;1;7;8;2;2;1;2;5;36;
Blake Griffin;F;24:52;11;14;0;0;4;4;0;11;11;6;1;0;2;3;26;
Blake Griffin;F;39:15;13;21;0;0;10;12;2;8;10;1;0;0;1;3;36;
Blake Griffin;F;38:12;14;24;1;1;6;10;3;9;12;4;2;0;3;1;35;
Blake Griffin;F;39:42;10;21;0;0;8;14;5;8;13;2;0;1;2;4;28;
Blake Griffin;F;36:30;6;15;1;1;7;10;2;5;7;6;0;1;4;5;20;
Blake Griffin;F;33:04;6;12;0;2;10;14;0;4;4;3;1;0;4;5;22;
Blake Griffin;F;40:20;11;25;0;2;1;1;6;10;16;3;2;1;2;2;23;
Blake Griffin;F;31:40;8;17;0;0;4;6;0;5;5;1;0;1;3;1;20;
Blake Griffin;F;36:32;9;18;0;0;4;8;2;3;5;6;1;1;3;3;22;
Blake Griffin;F;25:47;8;12;0;0;4;6;2;9;11;7;2;0;5;3;20;
Blake Griffin;F;37:51;11;19;0;0;5;9;3;5;8;5;1;0;7;5;27;
Blake Griffin;F;31:42;14;16;0;0;9;10;2;4;6;3;1;0;6;6;37;
Blake Griffin;F;42:00;13;28;0;0;4;8;5;10;15;3;3;0;3;2;30;
Blake Griffin;F;36:22;7;17;0;1;6;6;1;4;5;5;2;0;2;2;20;
Blake Griffin;F;37:32;9;18;0;0;3;4;0;11;11;8;0;1;1;4;21;
Blake Griffin;F;41:44;7;25;0;0;12;12;8;4;12;4;2;2;2;3;26;
Blake Griffin;F;37:26;12;17;0;1;1;2;1;6;7;7;1;1;3;2;25;
Blake Griffin;F;38:18;10;19;0;0;7;9;2;12;14;6;1;3;5;0;27;
Blake Griffin;F;38:53;6;13;0;0;9;15;2;6;8;3;2;2;3;3;21;
Blake Griffin;F;40:03;8;14;0;0;2;3;4;9;13;4;0;2;4;5;18;
Blake Griffin;F;6:11;2;3;0;0;3;3;0;1;1;1;0;1;0;1;7;
Blake Griffin;F;33:42;7;15;0;0;9;10;4;2;6;3;1;0;3;3;23;
Blake Griffin;F;39:39;9;23;0;0;7;7;4;6;10;11;1;1;1;5;25;
Blake Griffin;F;30:47;7;14;0;0;9;13;0;7;7;6;3;0;3;3;23;
Blake Griffin;F;39:11;11;23;0;1;8;11;5;7;12;1;0;0;3;4;30;
Blake Griffin;F;36:29;9;15;1;2;8;9;0;4;4;9;2;1;2;4;27;
Blake Griffin;F;29:33;9;17;0;1;6;6;0;5;5;4;2;1;3;1;24;
Blake Griffin;F;40:09;8;15;0;0;3;10;2;5;7;3;1;0;4;1;19;
Blake Griffin;F;34:13;9;12;0;1;5;8;0;10;10;2;2;1;3;6;23;
Blake Griffin;F;41:23;6;13;0;1;8;8;3;14;17;7;0;2;2;2;20;
Blake Griffin;F;31:45;8;13;0;0;2;4;2;5;7;2;1;1;2;5;18;
Blake Griffin;F;40:03;10;20;0;0;3;6;0;13;13;2;2;1;1;2;23;
Blake Griffin;F;38:18;11;15;1;1;4;5;2;12;14;2;1;0;3;3;27;
Blake Griffin;F;34:01;9;16;1;1;3;6;1;6;7;2;1;0;3;5;22;
Blake Griffin;F;39:18;11;22;0;0;3;4;1;9;10;5;0;0;0;3;25;
Blake Griffin;F;37:59;8;14;0;0;6;9;6;6;12;7;3;0;5;5;22;
Blake Griffin;F;39:59;12;19;0;0;6;11;3;9;12;2;0;1;3;5;30;
Blake Griffin;F;33:18;11;21;0;0;1;3;5;6;11;1;2;1;1;4;23;
Blake Griffin;F;38:19;10;19;0;0;0;0;1;9;10;2;2;2;2;4;20;
Blake Griffin;F;36:39;12;23;0;0;3;4;2;8;10;5;2;0;3;1;27;
Blake Griffin;F;40:14;3;10;1;2;9;13;3;7;10;4;1;0;6;5;16;
Blake Griffin;F;27:18;6;10;0;0;3;4;2;10;12;2;1;3;2;4;15;
Blake Griffin;F;35:44;6;13;0;0;3;6;3;10;13;2;0;1;3;3;15;
Blake Griffin;F;38:57;7;15;0;0;7;10;2;10;12;1;0;0;4;4;21;
Blake Griffin;F;36:32;6;13;0;0;4;5;3;9;12;2;1;0;5;3;16;
Blake Griffin;F;36:34;10;17;0;0;4;4;1;6;7;4;0;1;0;2;24;
Blake Griffin;F;30:00;5;15;0;0;4;4;5;4;9;5;1;0;2;3;14;
Blake Griffin;F;37:26;3;12;0;0;4;6;3;7;10;4;1;0;2;4;10;
Blake Griffin;F;39:33;9;14;0;2;8;14;0;8;8;0;1;3;1;5;26;
Blake Griffin;F;41:32;7;16;0;1;4;4;1;6;7;4;1;0;4;3;18;
Blake Griffin;F;29:43;2;8;0;0;8;13;3;8;11;3;1;0;3;2;12;
Blake Griffin;F;39:01;6;13;0;1;4;4;1;8;9;5;2;1;3;2;16;
Blake Griffin;F;33:57;8;14;0;0;11;15;2;7;9;2;0;0;3;3;27;
Blake Griffin;F;31:54;8;16;2;3;3;4;3;7;10;5;0;1;3;6;21;
Blake Griffin;F;35:43;8;17;0;1;8;10;5;11;16;4;1;1;3;2;24;
Blake Griffin;F;40:48;11;20;0;0;10;11;3;7;10;2;4;0;2;6;32;
Blake Griffin;F;32:31;8;16;0;1;4;6;3;11;14;5;0;0;4;3;20;
Blake Griffin;F;41:15;15;27;1;1;4;5;3;8;11;1;1;2;2;2;35;
Blake Griffin;F;38:09;13;20;0;0;14;17;1;9;10;3;1;1;8;2;40;
Blake Griffin;F;28:28;5;15;0;0;5;7;2;3;5;1;1;0;4;4;15;
