╔═══════════════╤═══════════════════════════════╗
║Name		│Boris Diaw			║
╟───────────────┼───────────────────────────────╢
║Number		│33				║
╟───────────────┼───────────────────────────────╢
║Position	│F				║
╟───────────────┼───────────────────────────────╢
║Height		│6-8				║
╟───────────────┼───────────────────────────────╢
║Weight		│250				║
╟───────────────┼───────────────────────────────╢
║Birth		│APR 16, 1982			║
╟───────────────┼───────────────────────────────╢
║Age		│32				║
╟───────────────┼───────────────────────────────╢
║Exp		│10				║
╟───────────────┼───────────────────────────────╢
║School		│Cormeille-en-Parisis, France	║
╚═══════════════╧═══════════════════════════════╝
Boris Diaw;;10:48;0;0;0;0;0;0;1;0;1;0;0;0;2;0;0;
Boris Diaw;;25:56;5;6;1;1;0;0;2;1;3;1;1;0;2;1;11;
Boris Diaw;C;28:34;2;5;0;0;2;2;2;3;5;6;1;1;1;2;6;
Boris Diaw;C;21:27;3;4;1;1;0;0;0;5;5;4;1;0;0;3;7;
Boris Diaw;;22:20;0;0;0;0;0;0;0;2;2;1;0;2;2;0;0;
Boris Diaw;;24:13;1;3;1;1;0;0;0;2;2;1;0;0;2;1;3;
Boris Diaw;C;37:42;6;9;0;1;2;2;0;4;4;2;3;0;1;1;14;
Boris Diaw;C;20:50;2;3;0;0;0;1;1;0;1;3;0;0;4;2;4;
Boris Diaw;;31:58;5;8;2;2;2;2;0;3;3;3;1;0;1;4;14;
Boris Diaw;;22:02;8;10;3;4;2;2;0;5;5;2;1;1;5;1;21;
Boris Diaw;C;27:11;6;10;3;3;0;0;0;1;1;3;0;0;3;2;15;
Boris Diaw;C;33:32;9;20;2;2;2;3;4;7;11;4;0;2;3;5;22;
Boris Diaw;;28:42;1;4;0;1;2;2;0;3;3;2;0;0;2;4;4;
Boris Diaw;;29:28;5;6;0;0;4;6;1;2;3;1;1;1;1;1;14;
Boris Diaw;C;31:45;2;8;1;2;0;0;1;1;2;2;2;0;1;3;5;
Boris Diaw;;17:27;2;5;0;1;0;0;1;2;3;0;0;0;2;1;4;
Boris Diaw;C;33:28;5;9;2;3;1;1;1;3;4;4;0;1;2;2;13;
Boris Diaw;;22:59;6;9;0;0;0;0;0;4;4;3;0;1;0;2;12;
Boris Diaw;C;31:32;8;12;1;2;1;1;1;2;3;4;0;0;2;0;18;
Boris Diaw;C;31:59;6;10;0;0;0;1;2;6;8;3;1;0;1;4;12;
Boris Diaw;F;30:32;5;14;1;3;0;0;3;2;5;2;2;1;2;2;11;
Boris Diaw;C;23:00;1;5;0;0;0;0;2;3;5;2;1;0;1;0;2;
Boris Diaw;;26:22;5;10;0;2;2;2;1;1;2;4;1;0;1;1;12;
Boris Diaw;;29:54;2;5;0;0;0;0;1;5;6;7;0;2;1;2;4;
Boris Diaw;;26:07;6;14;1;4;1;2;4;6;10;2;1;1;2;2;14;
Boris Diaw;;24:53;7;7;2;2;0;0;1;4;5;3;1;2;1;3;16;
Boris Diaw;C;36:55;5;5;2;2;4;5;2;6;8;5;1;0;4;1;16;
Boris Diaw;;21:46;3;5;0;1;2;5;2;6;8;2;0;0;0;2;8;
Boris Diaw;;27:47;2;2;2;2;2;2;0;7;7;2;3;0;2;3;8;
Boris Diaw;;24:26;1;5;1;2;0;0;2;2;4;2;0;0;0;3;3;
Boris Diaw;;16:06;3;3;0;0;0;0;1;3;4;2;0;1;1;1;6;
Boris Diaw;;19:12;3;5;0;0;0;0;0;5;5;2;0;0;3;2;6;
Boris Diaw;;24:18;3;8;2;5;0;0;1;5;6;6;0;1;2;3;8;
Boris Diaw;;16:13;1;4;0;1;0;0;0;3;3;1;0;0;1;1;2;
Boris Diaw;F;31:40;2;14;0;4;1;2;0;3;3;5;1;0;0;1;5;
Boris Diaw;C;28:22;3;6;1;2;0;0;0;6;6;7;0;0;3;0;7;
Boris Diaw;;20:43;3;7;0;1;1;3;3;3;6;3;1;0;1;1;7;
Boris Diaw;;23:20;5;7;1;2;0;0;0;6;6;5;1;0;4;1;11;
Boris Diaw;C;24:14;3;8;0;1;0;0;1;3;4;0;0;2;3;2;6;
Boris Diaw;;25:44;5;8;2;4;2;2;2;2;4;4;0;0;0;4;14;
Boris Diaw;C;33:29;3;9;0;3;2;2;1;2;3;5;0;0;0;0;8;
Boris Diaw;;24:58;4;6;0;2;0;0;1;2;3;2;0;0;4;3;8;
Boris Diaw;;18:40;0;2;0;1;0;0;0;4;4;1;1;0;3;3;0;
Boris Diaw;C;22:48;6;13;1;2;0;0;2;4;6;5;0;0;5;4;13;
Boris Diaw;;19:32;0;3;0;0;0;0;2;1;3;0;1;0;1;3;0;
Boris Diaw;;34:01;4;12;1;1;2;2;1;7;8;6;2;0;0;0;11;
Boris Diaw;;24:58;5;11;1;2;0;0;1;5;6;6;0;0;0;3;11;
Boris Diaw;;16:45;0;4;0;0;0;0;0;3;3;4;0;0;1;0;0;
Boris Diaw;;20:20;6;9;1;3;1;2;0;4;4;1;0;1;0;2;14;
Boris Diaw;F;22:23;5;11;1;3;3;5;1;0;1;1;1;0;3;1;14;
Boris Diaw;;30:49;6;7;1;1;1;1;1;4;5;4;0;0;2;3;14;
Boris Diaw;;26:17;4;10;1;3;0;0;2;6;8;1;1;1;0;1;9;
Boris Diaw;C;26:42;5;14;0;2;1;2;2;3;5;3;0;1;1;0;11;
Boris Diaw;;15:30;4;8;0;1;0;1;0;0;0;1;0;0;0;3;8;
Boris Diaw;C;25:00;1;1;0;0;2;2;0;1;1;1;0;0;0;1;4;
Boris Diaw;F;27:30;4;8;0;1;0;0;2;3;5;3;0;0;5;1;8;
Boris Diaw;;18:11;7;8;1;1;0;0;1;5;6;2;0;0;1;1;15;
Boris Diaw;;28:13;6;9;1;3;4;4;0;5;5;2;2;2;2;1;17;
Boris Diaw;;23:57;6;10;0;3;0;0;1;0;1;2;2;2;5;2;12;
Boris Diaw;;18:10;3;7;0;2;1;1;0;1;1;1;0;0;0;3;7;
Boris Diaw;;30:34;5;11;0;2;3;4;0;5;5;2;1;0;1;3;13;
Boris Diaw;;19:03;3;6;2;4;2;2;1;2;3;2;0;0;1;1;10;
Boris Diaw;;16:07;3;4;0;0;0;0;1;3;4;0;0;0;2;2;6;
Boris Diaw;C;11:10;2;3;1;1;0;0;0;2;2;0;0;1;1;0;5;
Boris Diaw;;29:53;7;9;1;2;1;2;0;2;2;3;1;1;0;0;16;
Boris Diaw;;25:30;3;9;0;1;0;0;1;3;4;2;1;0;3;3;6;
Boris Diaw;;18:20;1;3;0;0;0;0;0;1;1;1;0;0;1;1;2;
Boris Diaw;;27:17;4;11;0;0;1;1;2;2;4;4;0;0;1;3;9;
Boris Diaw;;29:28;6;11;0;2;0;0;0;3;3;2;0;1;1;3;12;
Boris Diaw;;23:20;2;3;0;1;0;0;0;4;4;3;1;0;0;1;4;
Boris Diaw;;21:02;4;7;0;1;1;2;0;2;2;2;1;1;2;1;9;
Boris Diaw;;26:30;4;7;0;0;0;0;0;3;3;4;1;0;2;1;8;
Boris Diaw;F;32:29;4;9;0;1;1;2;1;2;3;6;1;1;2;2;9;
Boris Diaw;;28:56;6;9;0;0;2;2;1;4;5;5;0;0;0;1;14;
Boris Diaw;;27:51;4;9;0;0;1;2;0;4;4;1;0;0;0;2;9;
Boris Diaw;;20:25;2;5;0;1;0;0;2;3;5;2;1;0;0;0;4;
Boris Diaw;;26:57;5;6;0;0;0;0;2;3;5;5;0;0;2;2;10;
Boris Diaw;;24:53;4;8;0;0;6;7;1;5;6;7;0;1;0;2;14;
Boris Diaw;;16:58;4;5;0;0;0;0;1;2;3;4;1;0;0;2;8;
