╔═══════════════╤═══════════════╗
║Name		│Bradley Beal	║
╟───────────────┼───────────────╢
║Number		│3		║
╟───────────────┼───────────────╢
║Position	│G		║
╟───────────────┼───────────────╢
║Height		│6-5		║
╟───────────────┼───────────────╢
║Weight		│207		║
╟───────────────┼───────────────╢
║Birth		│JUN 28, 1993	║
╟───────────────┼───────────────╢
║Age		│21		║
╟───────────────┼───────────────╢
║Exp		│1		║
╟───────────────┼───────────────╢
║School		│Florida	║
╚═══════════════╧═══════════════╝
Bradley Beal;G;29:40;4;13;2;5;0;1;1;1;2;3;3;0;2;2;10;
Bradley Beal;G;28:19;6;16;0;3;0;0;2;3;5;5;0;1;1;1;12;
Bradley Beal;G;25:05;4;15;1;2;0;0;0;2;2;3;0;0;2;3;9;
Bradley Beal;G;30:59;10;18;1;3;0;0;0;2;2;3;0;0;0;4;21;
Bradley Beal;G;29:33;6;13;3;6;2;4;0;1;1;4;0;0;1;2;17;
Bradley Beal;G;28:20;6;18;3;4;2;4;0;2;2;0;2;2;3;3;17;
Bradley Beal;G;26:50;4;16;0;4;5;5;1;1;2;2;1;0;0;3;13;
Bradley Beal;G;29:57;6;12;1;3;0;0;1;3;4;4;1;0;1;1;13;
Bradley Beal;G;28:37;7;13;2;5;3;3;0;5;5;4;0;0;0;3;19;
Bradley Beal;G;22:36;6;10;2;2;0;0;0;2;2;0;2;0;1;4;14;
Bradley Beal;G;30:10;2;14;1;7;2;3;0;3;3;2;2;0;3;2;7;
Bradley Beal;G;29:34;8;15;3;4;3;3;2;7;9;8;0;1;2;3;22;
Bradley Beal;G;30:18;7;16;0;4;0;0;1;2;3;4;0;1;3;1;14;
Bradley Beal;G;30:56;8;15;1;2;0;0;0;6;6;3;4;0;0;3;17;
Bradley Beal;G;30:45;5;16;0;3;4;4;0;5;5;8;3;0;1;3;14;
Bradley Beal;G;30:34;8;19;4;7;0;0;1;6;7;4;1;0;6;1;20;
Bradley Beal;G;30:44;8;15;0;3;4;6;0;0;0;3;2;0;0;2;20;
Bradley Beal;G;34:08;3;12;1;6;0;0;0;1;1;4;0;0;2;1;7;
Bradley Beal;G;34:51;5;16;1;3;2;3;1;2;3;6;0;0;0;0;13;
Bradley Beal;G;34:21;7;16;0;2;5;6;0;5;5;3;1;0;2;0;19;
Bradley Beal;G;34:23;4;15;1;1;0;0;1;0;1;5;1;0;2;2;9;
Bradley Beal;G;34:01;6;10;4;5;0;0;0;6;6;5;1;0;2;2;16;
Bradley Beal;G;36:49;15;24;5;7;2;2;1;4;5;2;0;0;2;4;37;
Bradley Beal;G;36:11;8;24;4;10;0;0;2;2;4;5;2;0;2;2;20;
Bradley Beal;G;36:46;2;10;1;4;4;4;0;3;3;5;1;0;3;2;9;
Bradley Beal;G;35:13;7;16;2;4;3;3;1;4;5;6;0;1;0;2;19;
Bradley Beal;G;37:07;4;13;0;5;3;3;0;2;2;4;0;0;1;1;11;
Bradley Beal;G;37:47;8;15;0;1;1;2;2;3;5;3;2;0;0;2;17;
Bradley Beal;G;35:34;7;13;1;1;6;9;0;0;0;4;0;0;0;1;21;
Bradley Beal;G;41:07;3;14;1;4;2;2;1;8;9;4;1;0;0;2;9;
Bradley Beal;G;29:24;5;12;1;4;0;0;2;1;3;5;2;1;2;3;11;
Bradley Beal;G;36:09;7;15;1;2;6;6;0;1;1;2;1;0;1;2;21;
Bradley Beal;G;34:41;9;19;2;6;2;2;0;5;5;1;1;0;1;3;22;
Bradley Beal;G;36:09;8;18;5;8;2;2;1;1;2;0;0;1;2;2;23;
Bradley Beal;G;36:23;7;18;3;7;1;1;3;2;5;2;0;0;3;2;18;
Bradley Beal;G;36:33;7;18;2;5;2;3;0;3;3;1;1;0;2;3;18;
Bradley Beal;G;42:05;8;19;2;5;2;2;1;3;4;2;1;1;2;1;20;
Bradley Beal;G;36:53;6;14;2;6;1;3;1;1;2;5;0;0;1;1;15;
Bradley Beal;G;42:29;7;23;2;8;3;6;1;1;2;6;1;0;1;5;19;
Bradley Beal;G;34:45;6;18;2;6;4;5;2;2;4;1;1;0;2;1;18;
Bradley Beal;G;38:17;5;13;4;6;4;6;0;2;2;3;1;0;2;1;18;
Bradley Beal;G;38:10;8;18;3;5;2;2;3;4;7;3;2;1;2;0;21;
Bradley Beal;G;33:12;3;11;0;3;2;2;0;3;3;5;2;0;2;1;8;
Bradley Beal;G;35:14;2;13;1;3;2;2;0;3;3;2;0;0;0;3;7;
Bradley Beal;G;37:13;5;15;0;1;4;4;1;5;6;5;1;0;1;2;14;
Bradley Beal;G;39:52;8;12;2;3;2;3;0;2;2;5;0;1;4;3;20;
Bradley Beal;G;31:17;7;8;1;1;4;4;0;2;2;2;1;0;3;3;19;
Bradley Beal;G;39:10;12;22;1;8;3;5;2;3;5;0;2;0;1;0;28;
Bradley Beal;G;38:24;7;16;0;3;0;2;2;1;3;5;2;0;1;2;14;
Bradley Beal;G;42:42;4;15;0;5;0;0;0;5;5;3;0;2;1;2;8;
Bradley Beal;G;35:21;4;10;2;5;6;10;2;2;4;1;3;0;1;4;16;
Bradley Beal;G;36:54;12;22;2;7;0;0;0;3;3;5;0;1;2;2;26;
Bradley Beal;G;26:14;5;9;3;5;2;3;0;3;3;5;1;1;3;1;15;
Bradley Beal;G;35:54;10;14;3;5;4;4;0;7;7;3;2;0;1;3;27;
Bradley Beal;G;38:15;6;18;2;6;3;3;1;3;4;2;0;0;3;3;17;
Bradley Beal;G;35:30;4;18;2;5;0;1;1;2;3;3;1;1;5;2;10;
Bradley Beal;G;40:53;6;14;4;8;3;6;1;2;3;3;0;0;5;4;19;
Bradley Beal;G;38:44;7;20;3;9;0;2;1;4;5;8;3;1;2;3;17;
Bradley Beal;G;46:27;11;20;3;6;4;4;0;3;3;2;0;0;2;0;29;
Bradley Beal;G;42:11;13;23;6;8;2;2;1;5;6;0;1;0;1;0;34;
Bradley Beal;G;36:41;2;10;0;2;5;6;0;3;3;7;0;0;0;4;9;
Bradley Beal;G;35:07;9;19;1;3;0;0;0;2;2;2;1;1;1;0;19;
Bradley Beal;G;47:26;11;25;4;9;2;2;1;3;4;1;2;0;3;1;28;
Bradley Beal;G;38:22;9;21;2;3;5;5;1;4;5;2;3;0;2;2;25;
Bradley Beal;G;40:46;9;20;6;7;2;2;3;4;7;7;0;0;6;3;26;
Bradley Beal;G;42:33;7;21;2;9;1;1;1;3;4;2;0;0;1;4;17;
Bradley Beal;G;40:17;7;19;1;7;3;3;0;5;5;6;1;0;2;4;18;
Bradley Beal;G;30:08;9;16;3;5;0;0;2;5;7;0;0;0;3;3;21;
Bradley Beal;G;28:37;4;10;3;4;4;4;1;3;4;0;2;0;2;1;15;
Bradley Beal;G;28:00;3;12;1;4;2;2;0;3;3;3;1;0;1;0;9;
Bradley Beal;G;26:07;5;12;2;3;2;2;0;3;3;1;0;0;2;4;14;
Bradley Beal;G;20:01;6;12;3;4;0;0;1;1;2;4;0;0;0;0;15;
Bradley Beal;G;29:20;6;13;1;4;0;0;0;4;4;2;1;0;3;2;13;
