╔═══════════════╤═══════════════╗
║Name		│Brandan Wright	║
╟───────────────┼───────────────╢
║Number		│34		║
╟───────────────┼───────────────╢
║Position	│F		║
╟───────────────┼───────────────╢
║Height		│6-10		║
╟───────────────┼───────────────╢
║Weight		│210		║
╟───────────────┼───────────────╢
║Birth		│OCT 05, 1987	║
╟───────────────┼───────────────╢
║Age		│26		║
╟───────────────┼───────────────╢
║Exp		│5		║
╟───────────────┼───────────────╢
║School		│North Carolina	║
╚═══════════════╧═══════════════╝
Brandan Wright;;18:11;5;7;0;0;0;0;1;2;3;1;2;0;3;2;10;
Brandan Wright;;22:50;6;8;0;0;0;0;3;2;5;1;0;0;1;4;12;
Brandan Wright;;21:31;3;5;0;0;1;2;4;1;5;1;0;0;0;5;7;
Brandan Wright;;17:48;4;7;0;0;0;0;2;1;3;3;0;0;0;4;8;
Brandan Wright;;19:58;4;6;0;0;1;2;0;2;2;0;1;0;1;3;9;
Brandan Wright;;14:48;2;6;0;0;1;2;5;1;6;0;0;0;0;3;5;
Brandan Wright;;24:57;2;3;0;0;4;4;0;4;4;0;3;2;1;2;8;
Brandan Wright;;22:41;1;5;0;0;0;0;3;3;6;0;0;2;1;2;2;
Brandan Wright;;13:03;6;7;0;0;1;1;3;4;7;1;0;0;0;1;13;
Brandan Wright;;17:06;4;6;0;0;0;1;2;3;5;0;0;1;3;2;8;
Brandan Wright;;19:58;4;8;0;0;0;0;1;2;3;2;1;1;0;0;8;
Brandan Wright;;13:00;3;5;0;0;4;4;2;2;4;1;0;0;1;1;10;
Brandan Wright;;25:10;5;7;0;0;3;5;0;3;3;0;1;0;1;2;13;
Brandan Wright;;11:44;3;3;0;0;2;2;0;0;0;0;0;0;0;3;8;
Brandan Wright;;16:00;2;2;0;0;4;4;0;3;3;0;0;3;1;1;8;
Brandan Wright;;11:59;3;4;0;0;0;0;1;0;1;0;0;0;1;1;6;
Brandan Wright;;25:43;4;6;0;0;2;5;4;6;10;0;1;0;0;0;10;
Brandan Wright;;22:26;4;7;0;0;6;7;4;3;7;0;1;0;1;1;14;
Brandan Wright;;18:13;6;8;0;0;5;7;2;2;4;1;0;0;0;2;17;
Brandan Wright;;12:59;3;5;0;0;2;2;1;4;5;0;0;1;0;2;8;
Brandan Wright;;20:33;3;4;0;0;2;2;1;5;6;0;1;2;1;1;8;
Brandan Wright;;11:47;4;7;0;0;0;0;2;1;3;0;0;1;0;0;8;
Brandan Wright;;11:42;3;3;0;0;1;2;1;4;5;0;1;1;1;1;7;
Brandan Wright;;22:45;5;13;0;0;2;2;3;2;5;0;0;1;1;0;12;
Brandan Wright;;14:35;3;4;0;0;0;0;3;3;6;1;0;1;3;3;6;
Brandan Wright;;13:40;4;7;0;0;1;1;1;3;4;0;0;1;0;3;9;
Brandan Wright;;20:35;6;8;0;0;0;0;2;2;4;0;0;1;0;1;12;
Brandan Wright;;23:43;3;4;0;0;2;2;3;5;8;1;3;3;0;0;8;
Brandan Wright;;8:38;0;2;0;0;0;0;0;0;0;1;0;0;0;1;0;
Brandan Wright;;17:38;4;6;0;0;0;2;3;3;6;2;2;2;0;3;8;
Brandan Wright;;25:00;9;13;0;0;0;0;2;1;3;0;1;2;1;2;18;
Brandan Wright;;15:50;3;4;0;0;0;0;0;2;2;1;0;1;0;0;6;
Brandan Wright;;11:50;2;2;0;0;0;0;0;2;2;0;0;0;1;0;4;
Brandan Wright;;15:47;3;5;0;0;3;4;2;4;6;1;0;1;1;1;9;
Brandan Wright;;15:07;4;7;0;0;0;0;0;1;1;0;1;1;0;2;8;
Brandan Wright;;19:15;4;6;0;0;0;0;3;5;8;0;1;2;1;2;8;
Brandan Wright;;17:10;5;5;0;0;0;0;2;1;3;0;1;0;0;0;10;
Brandan Wright;;20:31;3;3;0;0;1;4;1;2;3;1;0;0;0;1;7;
Brandan Wright;;20:49;6;9;0;0;1;1;1;2;3;3;0;1;0;3;13;
Brandan Wright;;17:48;2;2;0;0;1;2;1;1;2;0;0;1;0;0;5;
Brandan Wright;;20:33;1;3;0;0;1;2;3;3;6;2;2;1;1;2;3;
Brandan Wright;;24:08;3;3;0;0;2;4;1;3;4;0;1;2;1;3;8;
Brandan Wright;;19:25;2;2;0;0;2;2;2;4;6;1;0;3;0;0;6;
Brandan Wright;;25:23;5;6;0;0;4;4;4;1;5;0;0;1;1;0;14;
Brandan Wright;;16:25;4;7;0;0;0;0;0;3;3;1;1;1;0;3;8;
Brandan Wright;;26:52;10;10;0;0;3;3;2;3;5;1;1;2;1;2;23;
Brandan Wright;;6:04;1;4;0;0;0;0;0;1;1;0;0;0;0;0;2;
Brandan Wright;;10:36;0;3;0;0;0;0;2;1;3;0;0;0;1;0;0;
Brandan Wright;;17:09;4;6;0;0;0;0;2;1;3;0;0;0;1;1;8;
Brandan Wright;;32:15;5;8;0;0;2;2;5;6;11;1;1;3;1;3;12;
Brandan Wright;;24:41;5;5;0;0;0;0;2;1;3;0;0;0;0;4;10;
Brandan Wright;;18:47;9;10;0;0;1;3;1;5;6;1;0;0;0;1;19;
Brandan Wright;;13:14;0;3;0;0;4;4;1;1;2;0;0;3;1;0;4;
Brandan Wright;;26:03;5;8;0;0;3;6;5;1;6;0;0;2;1;2;13;
Brandan Wright;;28:42;8;10;0;0;3;4;2;4;6;1;0;4;0;1;19;
Brandan Wright;;19:08;3;3;0;0;0;0;1;2;3;1;2;0;0;4;6;
Brandan Wright;;15:32;3;3;0;0;0;0;0;2;2;0;2;1;0;2;6;
Brandan Wright;;17:40;6;8;0;0;2;2;0;3;3;0;1;0;1;1;14;
