╔═══════════════╤═══════════════╗
║Name		│Brandon Davies	║
╟───────────────┼───────────────╢
║Number		│20		║
╟───────────────┼───────────────╢
║Position	│F		║
╟───────────────┼───────────────╢
║Height		│6-10		║
╟───────────────┼───────────────╢
║Weight		│240		║
╟───────────────┼───────────────╢
║Birth		│JUL 25, 1991	║
╟───────────────┼───────────────╢
║Age		│22		║
╟───────────────┼───────────────╢
║Exp		│R		║
╟───────────────┼───────────────╢
║School		│Brigham Young	║
╚═══════════════╧═══════════════╝
Brandon Davies;;7:56;1;2;0;0;0;0;1;0;1;1;0;1;0;1;2;
Brandon Davies;;8:39;0;0;0;0;0;0;0;0;0;0;0;1;0;2;0;
Brandon Davies;;7:14;0;0;0;0;0;0;0;2;2;0;1;0;0;3;0;
Brandon Davies;;15:14;1;4;0;0;0;0;1;1;2;0;1;0;0;0;2;
Brandon Davies;;23:53;3;4;0;0;5;7;1;3;4;1;2;0;1;3;11;
Brandon Davies;;10:09;1;3;0;0;0;0;1;1;2;0;0;0;1;3;2;
Brandon Davies;;13:07;0;2;0;0;0;0;1;0;1;0;0;0;1;2;0;
Brandon Davies;;10:50;0;1;0;0;0;0;0;2;2;1;0;0;2;5;0;
Brandon Davies;;16:06;4;7;0;0;1;1;3;1;4;0;0;0;4;0;9;
Brandon Davies;;4:16;1;2;0;0;1;1;0;1;1;1;0;0;1;2;3;
Brandon Davies;;4:24;0;0;0;0;1;2;0;1;1;1;0;0;0;0;1;
Brandon Davies;;3:19;0;0;0;0;0;2;0;1;1;0;0;0;0;1;0;
Brandon Davies;;3:27;1;2;0;0;0;0;1;0;1;0;0;0;0;0;2;
Brandon Davies;;11:10;0;3;0;1;2;4;3;3;6;0;0;0;1;2;2;
Brandon Davies;;13:34;2;2;0;0;0;0;0;4;4;0;0;0;1;1;4;
Brandon Davies;;12:22;1;2;1;2;0;0;0;3;3;0;1;0;1;2;3;
Brandon Davies;;14:49;2;3;0;0;2;2;0;3;3;0;0;0;0;1;6;
Brandon Davies;;10:53;2;3;0;1;1;3;0;0;0;1;1;0;0;4;5;
Brandon Davies;;9:59;1;2;0;0;0;0;1;1;2;0;0;0;1;0;2;
Brandon Davies;;8:04;1;2;0;0;2;3;0;2;2;1;0;0;0;1;4;
Brandon Davies;;9:01;1;4;0;0;0;0;2;4;6;0;1;1;1;0;2;
Brandon Davies;;12:13;0;4;0;1;0;0;1;2;3;2;1;0;1;6;0;
Brandon Davies;;12:41;5;6;0;0;1;2;3;0;3;0;1;0;1;3;11;
Brandon Davies;;19:11;4;6;1;2;2;2;0;1;1;1;0;1;1;1;11;
Brandon Davies;;2:20;1;1;0;0;0;0;0;0;0;0;0;0;0;0;2;
Brandon Davies;;11:32;1;4;0;0;2;3;1;0;1;1;2;0;0;0;4;
Brandon Davies;;7:36;0;1;0;0;0;0;0;0;0;0;1;0;0;2;0;
Brandon Davies;;10:56;1;3;0;0;2;2;2;1;3;0;1;0;1;2;4;
Brandon Davies;;14:27;2;4;0;0;0;0;1;1;2;1;0;1;1;1;4;
Brandon Davies;;12:49;0;3;0;1;1;2;0;2;2;1;0;1;0;3;1;
Brandon Davies;;10:04;0;1;0;0;0;0;0;2;2;0;0;0;0;1;0;
Brandon Davies;;13:56;2;4;0;0;0;0;3;5;8;0;0;0;1;1;4;
Brandon Davies;;17:20;2;5;0;0;0;0;1;3;4;0;0;0;0;2;4;
Brandon Davies;;10:48;0;2;0;1;1;2;0;3;3;0;0;0;1;3;1;
Brandon Davies;;14:00;0;0;0;0;1;2;0;0;0;0;0;0;1;0;1;
Brandon Davies;;6:47;1;2;0;0;0;0;2;0;2;2;0;0;1;4;2;
Brandon Davies;;17:13;1;2;0;0;1;2;0;1;1;1;0;1;3;1;3;
Brandon Davies;;10:60;0;0;0;0;0;0;1;2;3;3;1;0;0;1;0;
Brandon Davies;;14:22;1;2;0;0;2;2;0;0;0;1;1;0;0;1;4;
Brandon Davies;;9:53;0;3;0;1;0;0;1;1;2;2;2;0;0;2;0;
Brandon Davies;;9:53;2;3;0;0;0;0;0;2;2;1;0;1;2;3;4;
Brandon Davies;;16:29;0;1;0;0;1;2;0;1;1;1;0;0;0;3;1;
Brandon Davies;;13:16;2;5;0;0;1;1;1;2;3;0;0;0;1;2;5;
Brandon Davies;;11:18;0;1;0;0;0;0;0;1;1;0;1;0;0;0;0;
Brandon Davies;;8:45;1;2;0;0;0;0;2;1;3;0;0;0;1;2;2;
Brandon Davies;;22:45;0;3;0;0;0;0;1;1;2;2;0;0;1;4;0;
Brandon Davies;;16:17;3;7;0;0;3;4;2;4;6;1;3;0;2;4;9;
Brandon Davies;;6:17;2;2;0;0;0;0;0;0;0;0;0;0;0;1;4;
Brandon Davies;;8:42;1;3;0;0;0;0;0;0;0;0;1;0;1;1;2;
Brandon Davies;;7:41;0;0;0;0;0;0;0;1;1;1;0;0;0;3;0;
Brandon Davies;;6:10;0;0;0;0;1;2;1;1;2;0;2;0;0;2;1;
