╔═══════════════╤═══════════════╗
║Name		│Brandon Knight	║
╟───────────────┼───────────────╢
║Number		│11		║
╟───────────────┼───────────────╢
║Position	│G		║
╟───────────────┼───────────────╢
║Height		│6-3		║
╟───────────────┼───────────────╢
║Weight		│189		║
╟───────────────┼───────────────╢
║Birth		│DEC 02, 1991	║
╟───────────────┼───────────────╢
║Age		│22		║
╟───────────────┼───────────────╢
║Exp		│2		║
╟───────────────┼───────────────╢
║School		│Kentucky	║
╚═══════════════╧═══════════════╝
Brandon Knight;G;32:02;3;12;1;5;1;2;0;2;2;3;2;0;1;2;8;
Brandon Knight;G;35:33;8;12;1;1;8;9;1;3;4;8;1;1;4;2;25;
Brandon Knight;G;35:54;8;15;0;3;2;2;0;0;0;4;1;0;2;2;18;
Brandon Knight;G;30:31;5;21;0;6;2;2;2;2;4;1;3;0;2;3;12;
Brandon Knight;G;34:40;6;15;1;8;0;0;1;1;2;4;1;0;3;1;13;
Brandon Knight;G;28:04;4;11;2;4;6;6;3;1;4;4;1;0;1;2;16;
Brandon Knight;G;40:29;10;17;5;8;2;2;0;2;2;4;1;0;4;0;27;
Brandon Knight;G;33:44;9;16;3;6;5;7;0;4;4;7;0;0;4;3;26;
Brandon Knight;G;32:16;8;16;2;4;3;3;0;1;1;3;0;0;3;1;21;
Brandon Knight;G;41:18;5;17;2;5;4;8;1;6;7;9;1;0;6;2;16;
Brandon Knight;G;23:01;4;12;0;4;0;1;0;0;0;3;1;1;1;0;8;
Brandon Knight;G;35:54;11;15;5;7;0;0;0;4;4;5;1;1;4;4;27;
Brandon Knight;G;28:13;3;12;0;5;3;4;0;2;2;7;0;0;2;2;9;
Brandon Knight;G;38:05;6;15;1;5;11;11;0;2;2;8;2;0;4;1;24;
Brandon Knight;G;26:27;3;9;2;5;2;2;0;0;0;4;0;0;1;1;10;
Brandon Knight;G;40:40;8;19;2;5;5;6;3;3;6;7;1;0;3;2;23;
Brandon Knight;G;46:05;10;23;4;8;1;1;0;3;3;7;0;0;4;3;25;
Brandon Knight;G;37:45;4;17;2;4;6;8;0;2;2;8;2;0;1;2;16;
Brandon Knight;G;34:57;10;20;2;3;1;1;0;2;2;5;1;0;4;1;23;
Brandon Knight;G;40:42;7;18;2;4;6;8;0;5;5;4;0;0;5;1;22;
Brandon Knight;G;44:58;8;17;1;6;5;6;0;2;2;9;0;0;0;3;22;
Brandon Knight;G;34:48;3;13;0;4;12;12;0;0;0;7;2;1;2;0;18;
Brandon Knight;G;38:38;12;23;3;9;3;6;1;4;5;8;1;1;0;3;30;
Brandon Knight;G;20:42;5;10;1;2;4;6;1;4;5;4;0;0;2;2;15;
Brandon Knight;G;29:04;10;20;3;7;0;0;0;2;2;5;1;0;1;3;23;
Brandon Knight;G;31:33;6;13;1;3;1;1;0;1;1;5;0;0;4;1;14;
Brandon Knight;G;25:58;4;7;1;2;2;3;0;1;1;5;2;0;0;2;11;
Brandon Knight;G;32:49;7;13;2;4;9;10;1;4;5;6;0;0;1;0;25;
Brandon Knight;G;41:19;5;17;2;7;3;4;1;2;3;5;1;0;1;1;15;
Brandon Knight;G;33:55;9;20;2;5;5;5;0;2;2;2;3;0;2;4;25;
Brandon Knight;G;43:54;9;23;1;9;5;5;0;3;3;6;1;0;3;1;24;
Brandon Knight;G;32:12;9;17;1;6;2;5;0;1;1;4;1;0;5;2;21;
Brandon Knight;G;34:33;6;13;1;2;7;8;2;3;5;4;0;0;0;4;20;
Brandon Knight;G;26:32;5;13;0;1;4;5;2;0;2;2;0;0;3;1;14;
Brandon Knight;G;35:41;9;21;3;7;0;0;3;5;8;7;3;0;2;2;21;
Brandon Knight;G;37:00;8;20;3;7;5;7;0;8;8;4;2;1;4;5;24;
Brandon Knight;G;37:46;9;16;1;2;8;12;0;2;2;6;1;0;2;3;27;
Brandon Knight;G;23:00;2;12;0;4;2;3;0;2;2;7;0;2;3;2;6;
Brandon Knight;G;35:04;3;12;1;3;2;2;0;3;3;3;3;0;6;1;9;
Brandon Knight;G;45:36;12;21;2;4;4;6;0;0;0;3;0;1;4;3;30;
Brandon Knight;G;38:48;6;18;1;7;0;0;3;1;4;5;0;1;1;0;13;
Brandon Knight;G;38:06;7;21;0;4;11;14;3;6;9;7;0;0;0;3;25;
Brandon Knight;G;41:42;4;11;2;8;1;1;1;4;5;2;1;1;5;2;11;
Brandon Knight;G;38:10;8;17;2;5;4;5;0;3;3;3;1;1;4;6;22;
Brandon Knight;G;33:02;6;15;0;4;3;4;1;3;4;4;1;1;2;4;15;
Brandon Knight;G;39:08;8;21;1;7;8;12;0;4;4;10;0;0;1;0;25;
Brandon Knight;G;38:02;8;17;3;6;5;6;0;4;4;4;2;0;4;2;24;
Brandon Knight;G;42:37;7;17;1;4;3;4;0;2;2;4;2;1;2;3;18;
Brandon Knight;G;39:43;12;18;3;6;4;4;2;5;7;4;0;0;3;5;31;
Brandon Knight;G;1:45;0;0;0;0;0;0;0;1;1;0;0;0;1;0;0;
Brandon Knight;;14:42;3;7;0;1;0;0;0;0;0;1;0;0;1;0;6;
Brandon Knight;;23:36;0;2;0;2;6;6;0;0;0;6;1;0;4;3;6;
Brandon Knight;;25:49;1;8;1;4;0;0;0;1;1;7;0;0;4;1;3;
Brandon Knight;G;21:16;2;7;0;1;4;6;0;0;0;4;0;0;6;2;8;
Brandon Knight;G;30:03;2;12;1;4;2;2;0;4;4;5;1;0;5;0;7;
Brandon Knight;G;30:13;7;11;1;3;2;3;0;3;3;2;2;0;2;2;17;
Brandon Knight;G;30:57;7;14;3;3;3;4;1;8;9;8;1;1;3;2;20;
Brandon Knight;G;30:54;5;15;3;7;2;2;1;3;4;6;1;0;0;2;15;
Brandon Knight;G;19:36;4;11;1;4;3;5;0;1;1;3;0;0;1;2;12;
Brandon Knight;G;32:52;6;16;1;4;7;8;1;5;6;6;3;0;4;4;20;
Brandon Knight;G;37:06;3;12;2;5;2;2;3;3;6;3;1;0;3;2;10;
Brandon Knight;G;43:53;8;23;1;3;2;2;1;9;10;2;0;0;6;2;19;
Brandon Knight;G;17:49;2;7;0;3;4;4;0;1;1;1;0;0;0;3;8;
Brandon Knight;G;29:14;3;9;0;0;5;5;0;2;2;4;0;0;3;1;11;
Brandon Knight;G;23:40;7;16;1;6;1;1;0;2;2;1;2;0;1;1;16;
Brandon Knight;G;44:47;13;23;6;11;4;6;1;8;9;2;0;1;8;4;36;
Brandon Knight;G;34:40;6;20;1;5;4;4;1;13;14;8;3;1;0;1;17;
Brandon Knight;G;33:11;7;13;2;4;5;5;0;4;4;6;0;0;0;3;21;
Brandon Knight;G;37:26;11;23;2;5;2;2;1;7;8;14;0;0;2;3;26;
Brandon Knight;G;28:16;4;13;1;4;2;4;1;1;2;5;2;0;2;2;11;
Brandon Knight;G;33:38;6;15;1;5;5;7;1;1;2;5;1;0;4;2;18;
Brandon Knight;G;38:48;15;25;3;8;4;6;2;6;8;2;4;0;2;1;37;
