╔═══════════════╤═══════════════════════╗
║Name		│Brandon Jennings	║
╟───────────────┼───────────────────────╢
║Number		│7			║
╟───────────────┼───────────────────────╢
║Position	│G			║
╟───────────────┼───────────────────────╢
║Height		│6-1			║
╟───────────────┼───────────────────────╢
║Weight		│169			║
╟───────────────┼───────────────────────╢
║Birth		│SEP 23, 1989		║
╟───────────────┼───────────────────────╢
║Age		│24			║
╟───────────────┼───────────────────────╢
║Exp		│4			║
╟───────────────┼───────────────────────╢
║School		│Oak Hill Academy (VA)	║
╚═══════════════╧═══════════════════════╝
Brandon Jennings;G;35:02;2;14;0;6;0;0;1;1;2;11;2;0;2;1;4;
Brandon Jennings;G;31:20;2;12;1;6;0;0;1;2;3;5;2;0;1;3;5;
Brandon Jennings;G;33:49;6;19;3;8;7;9;0;3;3;9;0;0;3;3;22;
Brandon Jennings;G;28:04;4;10;4;6;7;8;2;1;3;6;2;0;3;2;19;
Brandon Jennings;G;42:25;4;14;0;5;0;0;2;6;8;18;1;0;3;2;8;
Brandon Jennings;G;32:08;4;13;1;4;2;2;0;1;1;6;2;0;2;1;11;
Brandon Jennings;G;31:58;4;13;3;8;3;4;1;1;2;8;3;0;3;1;14;
Brandon Jennings;G;28:19;0;7;0;3;0;0;0;0;0;6;0;0;1;5;0;
Brandon Jennings;G;36:59;11;23;3;8;5;6;1;3;4;4;2;1;2;2;30;
Brandon Jennings;G;36:49;7;20;2;8;12;14;0;1;1;7;2;1;1;4;28;
Brandon Jennings;G;37:38;10;18;2;5;4;8;1;2;3;7;0;0;6;4;26;
Brandon Jennings;G;33:38;7;19;2;7;4;7;2;2;4;8;3;0;2;2;20;
Brandon Jennings;G;36:46;6;17;2;7;6;7;0;2;2;4;0;0;1;0;20;
Brandon Jennings;G;40:44;7;15;2;7;10;12;3;1;4;7;3;2;3;1;26;
Brandon Jennings;G;43:09;5;23;2;10;3;4;2;0;2;10;2;0;3;4;15;
Brandon Jennings;G;38:52;8;13;5;7;5;5;2;8;10;9;1;0;8;0;26;
Brandon Jennings;G;40:16;11;22;6;11;7;7;0;1;1;12;2;0;2;1;35;
Brandon Jennings;G;32:25;8;18;2;4;3;3;1;3;4;6;2;0;0;0;21;
Brandon Jennings;G;35:32;3;14;3;11;0;2;1;3;4;5;0;0;2;0;9;
Brandon Jennings;G;38:33;7;18;2;6;8;9;0;2;2;7;1;0;1;2;24;
Brandon Jennings;G;35:07;7;18;4;8;2;4;1;3;4;6;3;0;2;1;20;
Brandon Jennings;G;29:03;3;12;2;9;4;6;1;1;2;14;0;0;1;4;12;
Brandon Jennings;G;29:15;1;7;0;3;0;0;0;1;1;3;0;0;1;1;2;
Brandon Jennings;G;36:51;4;13;2;6;1;1;1;3;4;10;2;0;0;2;11;
Brandon Jennings;G;13:23;0;2;0;1;0;0;0;1;1;1;0;0;2;2;0;
Brandon Jennings;G;27:36;4;13;2;8;1;1;0;0;0;8;0;0;2;2;11;
Brandon Jennings;G;29:36;4;10;1;3;0;0;1;1;2;11;0;0;4;1;9;
Brandon Jennings;G;31:45;4;7;1;1;0;1;0;2;2;9;1;0;1;3;9;
Brandon Jennings;G;30:48;6;13;1;3;4;8;0;5;5;5;1;0;1;1;17;
Brandon Jennings;G;38:33;5;13;1;4;3;4;0;1;1;7;0;0;1;5;14;
Brandon Jennings;G;27:48;1;10;1;7;2;2;0;2;2;6;1;0;0;3;5;
Brandon Jennings;G;31:54;10;15;4;6;0;4;1;3;4;2;1;0;3;4;24;
Brandon Jennings;G;37:16;3;13;2;7;2;3;0;4;4;12;2;0;2;1;10;
Brandon Jennings;G;30:21;3;8;1;5;0;0;1;1;2;5;0;0;4;1;7;
Brandon Jennings;G;14:26;0;2;0;1;0;0;1;0;1;2;0;0;2;4;0;
Brandon Jennings;G;32:11;5;16;4;11;5;7;2;5;7;7;3;0;3;0;19;
Brandon Jennings;G;29:36;6;9;3;5;0;0;0;1;1;8;0;0;3;0;15;
Brandon Jennings;G;41:14;6;14;5;9;0;0;0;5;5;13;2;0;2;1;17;
Brandon Jennings;G;28:16;2;8;0;4;4;6;0;0;0;7;1;0;1;1;8;
Brandon Jennings;G;10:42;1;5;0;2;0;0;0;3;3;2;1;0;0;0;2;
Brandon Jennings;G;38:26;7;17;5;9;1;3;1;2;3;13;1;0;1;5;20;
Brandon Jennings;G;35:07;4;11;2;5;2;3;0;2;2;9;1;0;1;2;12;
Brandon Jennings;G;26:39;3;11;2;6;1;2;1;4;5;5;1;0;4;2;9;
Brandon Jennings;G;33:24;6;15;4;8;4;5;1;2;3;3;0;0;2;1;20;
Brandon Jennings;G;33:33;3;10;1;4;0;0;1;1;2;6;0;0;1;2;7;
Brandon Jennings;G;31:13;5;17;1;6;6;8;0;1;1;7;0;0;4;2;17;
Brandon Jennings;G;33:40;7;17;1;5;2;2;0;4;4;3;1;1;3;3;17;
Brandon Jennings;G;28:32;6;18;2;9;3;4;0;3;3;7;1;0;2;0;17;
Brandon Jennings;G;34:02;2;9;0;5;2;3;0;4;4;7;0;0;8;3;6;
Brandon Jennings;;30:56;5;12;1;2;3;6;1;2;3;4;4;0;2;0;14;
Brandon Jennings;G;36:00;6;20;1;6;4;5;2;1;3;6;2;0;4;2;17;
Brandon Jennings;G;35:25;7;17;4;10;4;6;0;5;5;11;4;0;3;4;22;
Brandon Jennings;G;31:38;11;24;1;4;5;5;1;3;4;5;3;0;2;2;28;
Brandon Jennings;G;27:02;5;14;0;4;3;4;1;0;1;2;0;0;3;2;13;
Brandon Jennings;G;39:29;5;14;1;5;0;2;2;4;6;9;1;0;1;3;11;
Brandon Jennings;G;38:60;8;22;4;8;3;3;3;2;5;14;0;0;3;3;23;
Brandon Jennings;G;26:34;1;3;0;0;0;0;0;0;0;7;0;1;1;0;2;
Brandon Jennings;G;40:34;9;21;3;6;0;1;3;4;7;6;1;0;4;0;21;
Brandon Jennings;G;38:12;4;16;0;4;0;0;1;1;2;14;1;0;5;4;8;
Brandon Jennings;G;40:43;2;10;0;2;10;10;0;2;2;10;1;0;3;0;14;
Brandon Jennings;G;35:50;5;10;4;6;1;2;1;1;2;13;2;0;4;4;15;
Brandon Jennings;G;33:22;5;13;1;4;1;1;0;1;1;4;1;0;2;1;12;
Brandon Jennings;G;41:11;8;17;0;1;3;5;1;1;2;9;0;0;4;3;19;
Brandon Jennings;G;37:45;7;16;3;8;3;3;2;4;6;12;0;0;5;2;20;
Brandon Jennings;G;43:39;5;9;2;4;3;4;0;4;4;5;4;0;7;1;15;
Brandon Jennings;G;41:38;4;16;2;5;7;8;0;2;2;11;3;1;6;1;17;
Brandon Jennings;G;41:55;12;22;5;8;4;4;0;3;3;5;2;0;3;1;33;
Brandon Jennings;G;33:38;6;14;1;4;6;7;0;4;4;6;2;0;6;3;19;
Brandon Jennings;G;31:12;8;16;2;7;2;5;0;4;4;7;1;0;6;2;20;
Brandon Jennings;G;46:20;10;23;4;10;1;2;1;4;5;4;6;0;4;3;25;
Brandon Jennings;G;35:04;3;14;0;3;2;3;0;3;3;4;0;0;1;4;8;
Brandon Jennings;G;45:21;6;16;1;4;2;3;1;7;8;10;0;0;2;3;15;
Brandon Jennings;G;37:18;4;13;2;5;8;9;1;2;3;8;1;0;1;1;18;
Brandon Jennings;G;40:23;9;21;5;8;5;6;1;3;4;14;1;0;4;1;28;
Brandon Jennings;G;37:21;10;20;3;7;3;5;0;1;1;5;1;1;0;2;26;
Brandon Jennings;G;31:39;2;11;0;4;4;5;0;1;1;10;1;0;1;1;8;
Brandon Jennings;G;32:05;6;11;2;5;7;8;0;4;4;13;2;0;3;0;21;
Brandon Jennings;G;31:14;7;16;1;4;6;7;2;2;4;8;1;0;2;2;21;
Brandon Jennings;G;31:53;4;13;2;4;3;4;2;2;4;6;0;0;7;2;13;
Brandon Jennings;G;39:04;5;16;2;8;3;4;0;0;0;14;3;0;6;5;15;
