╔═══════════════╤═══════════════╗
║Name		│Brandon Bass	║
╟───────────────┼───────────────╢
║Number		│30		║
╟───────────────┼───────────────╢
║Position	│F		║
╟───────────────┼───────────────╢
║Height		│6-8		║
╟───────────────┼───────────────╢
║Weight		│250		║
╟───────────────┼───────────────╢
║Birth		│APR 30, 1985	║
╟───────────────┼───────────────╢
║Age		│29		║
╟───────────────┼───────────────╢
║Exp		│8		║
╟───────────────┼───────────────╢
║School		│Louisiana State║
╚═══════════════╧═══════════════╝
Brandon Bass;F;22:27;3;8;0;0;0;0;1;2;3;0;0;2;3;1;6;
Brandon Bass;F;34:34;8;10;0;0;0;0;6;5;11;0;0;1;0;2;16;
Brandon Bass;F;22:59;1;5;0;0;2;2;1;4;5;0;0;0;1;2;4;
Brandon Bass;F;25:45;3;10;0;0;9;11;1;6;7;1;1;1;1;4;15;
Brandon Bass;F;31:57;6;10;0;0;2;3;0;5;5;2;1;1;2;4;14;
Brandon Bass;F;16:47;4;5;0;0;1;1;1;2;3;1;0;0;3;4;9;
Brandon Bass;F;25:10;3;6;0;0;1;2;1;3;4;2;0;0;2;1;7;
Brandon Bass;;25:14;6;15;0;0;2;3;3;4;7;0;0;0;1;4;14;
Brandon Bass;;24:50;1;5;0;0;5;6;3;3;6;1;0;0;2;1;7;
Brandon Bass;;19:13;4;10;0;0;2;2;3;2;5;1;1;1;0;1;10;
Brandon Bass;;19:09;2;7;0;0;0;0;3;2;5;1;0;1;0;3;4;
Brandon Bass;;18:15;5;7;0;0;5;5;2;1;3;2;1;1;2;1;15;
Brandon Bass;;22:10;4;10;0;0;0;0;0;2;2;0;0;1;2;3;8;
Brandon Bass;;23:28;5;7;0;0;1;1;2;2;4;0;1;0;1;3;11;
Brandon Bass;F;34:21;6;6;0;0;5;6;2;6;8;1;1;0;2;1;17;
Brandon Bass;F;17:29;2;5;0;0;0;0;2;2;4;2;0;0;0;1;4;
Brandon Bass;F;20:38;4;8;0;0;3;4;2;3;5;0;1;2;1;4;11;
Brandon Bass;F;36:29;9;15;0;0;1;1;3;6;9;1;0;1;0;3;19;
Brandon Bass;F;35:52;7;10;0;0;4;4;3;3;6;1;0;1;1;3;18;
Brandon Bass;F;21:25;1;8;0;0;0;0;1;4;5;0;0;1;2;3;2;
Brandon Bass;F;14:45;2;4;0;0;2;2;0;2;2;0;0;0;0;3;6;
Brandon Bass;F;26:47;5;10;0;0;2;2;2;5;7;0;1;1;1;2;12;
Brandon Bass;F;21:06;5;8;0;0;2;2;2;3;5;1;0;0;1;4;12;
Brandon Bass;F;32:46;7;12;0;0;4;4;1;7;8;0;1;2;3;2;18;
Brandon Bass;F;32:24;8;15;0;0;4;5;3;5;8;1;1;0;2;1;20;
Brandon Bass;F;30:01;4;10;0;0;4;6;1;2;3;1;1;0;2;2;12;
Brandon Bass;F;39:23;2;11;0;0;4;4;5;3;8;1;1;2;2;3;8;
Brandon Bass;F;27:08;5;11;0;0;4;4;2;6;8;1;1;1;3;2;14;
Brandon Bass;F;31:31;7;13;0;0;2;2;2;3;5;2;1;0;1;2;16;
Brandon Bass;F;23:32;4;5;0;0;3;3;3;5;8;1;0;0;1;0;11;
Brandon Bass;F;26:43;4;6;0;0;1;1;3;3;6;0;0;0;2;5;9;
Brandon Bass;F;23:37;2;8;0;0;1;2;1;2;3;1;0;1;0;1;5;
Brandon Bass;F;22:50;3;8;0;0;5;6;1;2;3;1;0;0;1;3;11;
Brandon Bass;F;32:05;3;9;0;0;1;1;3;2;5;1;1;1;1;2;7;
Brandon Bass;F;21:44;4;12;0;0;0;0;2;3;5;0;0;1;1;2;8;
Brandon Bass;F;23:10;3;11;0;0;1;1;4;1;5;1;0;1;3;3;7;
Brandon Bass;F;16:57;2;5;0;0;1;2;0;2;2;1;0;0;2;0;5;
Brandon Bass;F;29:46;8;12;0;0;2;2;3;1;4;0;1;0;0;0;18;
Brandon Bass;F;25:05;4;8;0;0;1;2;4;0;4;0;0;0;3;0;9;
Brandon Bass;F;26:13;2;3;0;0;0;0;1;4;5;0;0;0;0;0;4;
Brandon Bass;F;22:47;3;5;0;1;2;2;2;2;4;0;0;0;2;1;8;
Brandon Bass;F;29:17;6;12;0;1;0;0;2;1;3;1;0;0;2;2;12;
Brandon Bass;F;31:28;7;10;0;0;4;4;3;6;9;3;0;4;2;1;18;
Brandon Bass;F;15:05;2;2;0;0;4;4;0;1;1;0;0;0;1;1;8;
Brandon Bass;F;30:28;5;10;0;0;2;2;6;5;11;0;1;1;0;0;12;
Brandon Bass;F;33:41;6;8;0;0;6;8;4;2;6;1;1;0;2;3;18;
Brandon Bass;F;33:02;3;7;0;0;0;0;1;2;3;0;0;0;0;1;6;
Brandon Bass;F;34:22;7;12;0;0;4;4;3;6;9;3;0;2;0;0;18;
Brandon Bass;F;34:24;7;11;0;0;5;5;2;3;5;3;0;1;1;5;19;
Brandon Bass;F;38:02;3;11;0;0;3;4;4;4;8;2;0;2;1;5;9;
Brandon Bass;F;25:39;7;9;0;1;2;3;1;6;7;1;0;0;0;2;16;
Brandon Bass;F;32:13;6;7;0;0;5;5;1;1;2;2;2;0;1;2;17;
Brandon Bass;F;34:40;6;11;0;0;5;6;3;5;8;2;0;1;0;3;17;
Brandon Bass;F;37:26;2;8;0;0;2;2;1;7;8;3;2;1;2;5;6;
Brandon Bass;F;23:00;3;11;0;1;0;0;1;3;4;1;1;3;1;2;6;
Brandon Bass;F;31:17;9;15;0;0;2;3;3;1;4;2;0;2;3;4;20;
Brandon Bass;F;36:43;6;14;0;0;4;4;3;4;7;1;0;1;0;3;16;
Brandon Bass;F;14:56;3;7;0;0;0;0;0;0;0;1;0;0;0;4;6;
Brandon Bass;F;30:07;5;12;0;0;0;0;2;2;4;2;0;1;1;3;10;
Brandon Bass;F;27:05;2;9;0;0;3;3;1;7;8;2;0;1;0;4;7;
Brandon Bass;F;29:09;3;11;0;0;0;0;1;6;7;1;0;2;0;2;6;
Brandon Bass;F;30:28;6;10;0;0;3;4;1;6;7;1;0;1;4;3;15;
Brandon Bass;F;20:12;4;8;0;0;1;2;2;0;2;0;0;0;0;2;9;
Brandon Bass;;20:09;3;7;0;0;0;0;1;0;1;1;1;1;1;1;6;
Brandon Bass;;22:26;4;8;0;0;0;0;0;3;3;1;0;0;1;4;8;
Brandon Bass;F;32:50;5;11;0;0;7;7;2;5;7;1;1;2;3;1;17;
Brandon Bass;F;38:12;7;10;0;0;2;2;4;1;5;0;0;1;1;2;16;
Brandon Bass;F;31:28;2;6;0;0;2;2;2;11;13;1;0;4;2;2;6;
Brandon Bass;F;29:51;5;8;1;1;1;2;1;7;8;4;1;2;1;2;12;
Brandon Bass;F;26:19;3;7;0;0;0;0;1;6;7;0;1;1;0;0;6;
Brandon Bass;F;34:22;4;9;0;0;8;9;1;8;9;0;0;1;1;4;16;
Brandon Bass;F;30:43;4;7;0;0;6;6;3;5;8;4;0;3;2;3;14;
Brandon Bass;F;32:22;4;8;0;0;8;9;3;5;8;1;3;1;1;3;16;
Brandon Bass;F;28:58;4;12;0;0;5;8;4;7;11;1;0;1;0;2;13;
Brandon Bass;F;41:25;6;12;0;0;5;7;1;11;12;1;2;2;1;2;17;
Brandon Bass;F;36:32;5;9;0;0;0;0;1;7;8;1;0;0;3;3;10;
Brandon Bass;F;13:33;0;5;0;0;0;0;1;2;3;0;1;0;0;5;0;
Brandon Bass;F;28:09;4;6;0;0;3;4;1;6;7;1;1;0;2;3;11;
Brandon Bass;F;35:16;4;9;0;0;3;4;1;10;11;4;1;1;1;2;11;
Brandon Bass;F;25:14;2;9;0;0;2;2;0;3;3;1;1;1;0;3;6;
Brandon Bass;F;33:43;5;8;1;1;4;4;4;2;6;4;0;2;1;1;15;
Brandon Bass;F;23:37;2;6;0;0;5;6;0;2;2;0;0;1;3;3;9;
