╔═══════════════╤═══════════════╗
║Name		│Brandon Rush	║
╟───────────────┼───────────────╢
║Number		│25		║
╟───────────────┼───────────────╢
║Position	│G		║
╟───────────────┼───────────────╢
║Height		│6-6		║
╟───────────────┼───────────────╢
║Weight		│233		║
╟───────────────┼───────────────╢
║Birth		│JUL 07, 1985	║
╟───────────────┼───────────────╢
║Age		│28		║
╟───────────────┼───────────────╢
║Exp		│5		║
╟───────────────┼───────────────╢
║School		│Kansas		║
╚═══════════════╧═══════════════╝
Brandon Rush;;10:50;2;4;1;2;0;0;0;1;1;1;0;0;0;1;5;
Brandon Rush;;17:56;1;4;0;2;0;0;0;2;2;3;0;1;1;1;2;
Brandon Rush;;13:50;3;3;1;1;0;0;0;1;1;2;1;0;1;2;7;
Brandon Rush;;21:41;1;1;0;0;1;1;0;2;2;1;1;1;0;1;3;
Brandon Rush;;22:56;3;3;2;2;0;0;0;2;2;0;0;0;1;4;8;
Brandon Rush;;27:37;1;6;1;4;0;0;0;1;1;1;0;0;1;0;3;
Brandon Rush;;7:14;1;3;0;2;0;0;0;2;2;1;0;0;1;0;2;
Brandon Rush;;6:42;2;5;1;4;0;0;0;0;0;0;0;0;0;1;5;
Brandon Rush;;10:22;0;0;0;0;0;0;0;1;1;1;0;0;0;3;0;
Brandon Rush;;15:12;1;2;0;0;0;0;0;1;1;1;0;1;0;2;2;
Brandon Rush;;6:55;0;0;0;0;0;0;0;1;1;0;0;0;0;1;0;
Brandon Rush;;13:06;1;3;1;2;0;0;0;3;3;1;0;0;0;1;3;
Brandon Rush;;13:45;2;7;1;6;0;0;0;1;1;0;0;0;0;0;5;
Brandon Rush;;3:57;0;1;0;0;1;2;0;0;0;0;0;0;0;0;1;
Brandon Rush;;11:60;1;4;1;3;0;0;0;0;0;0;1;1;0;1;3;
Brandon Rush;;4:47;0;1;0;1;0;0;0;0;0;0;1;0;0;2;0;
Brandon Rush;;6:08;1;3;1;2;0;0;0;0;0;0;0;0;1;0;3;
Brandon Rush;;6:07;0;0;0;0;0;0;0;1;1;0;0;0;0;0;0;
Brandon Rush;;6:26;0;1;0;0;0;0;0;0;0;0;0;0;0;0;0;
Brandon Rush;;6:55;1;4;1;2;0;0;0;1;1;0;0;0;0;0;3;
Brandon Rush;;7:58;0;2;0;1;0;0;0;1;1;0;0;0;0;0;0;
Brandon Rush;;5:13;1;3;1;3;0;0;0;2;2;0;0;0;0;0;3;
Brandon Rush;;2:40;0;1;0;0;0;0;0;0;0;1;0;0;0;0;0;
Brandon Rush;;7:37;1;2;0;0;0;1;1;1;2;0;0;1;2;1;2;
Brandon Rush;;5:32;0;2;0;1;0;0;1;3;4;1;0;0;2;0;0;
Brandon Rush;;9:46;0;0;0;0;0;0;0;0;0;1;0;0;2;2;0;
Brandon Rush;;12:31;0;2;0;1;0;0;0;1;1;2;0;0;1;0;0;
Brandon Rush;;10:20;1;1;0;0;0;0;1;0;1;0;0;0;1;2;2;
Brandon Rush;;23:01;2;6;0;1;1;1;0;2;2;2;1;0;2;1;5;
Brandon Rush;;19:30;3;4;3;4;0;0;0;2;2;2;0;2;0;0;9;
Brandon Rush;;9:57;0;1;0;0;0;0;1;1;2;1;0;1;1;3;0;
Brandon Rush;;4:18;1;3;1;2;0;0;0;0;0;0;0;0;0;1;3;
Brandon Rush;;20:37;0;1;0;0;0;0;0;1;1;0;0;0;0;0;0;
Brandon Rush;;10:44;0;1;0;0;0;0;0;0;0;1;0;0;1;0;0;
Brandon Rush;;16:06;0;4;0;1;0;0;1;2;3;1;0;1;2;0;0;
Brandon Rush;;8:01;0;2;0;0;0;0;0;0;0;0;0;0;0;1;0;
Brandon Rush;;5:41;0;0;0;0;0;0;0;2;2;0;0;0;0;0;0;
Brandon Rush;;4:01;0;0;0;0;0;0;0;1;1;0;0;0;0;0;0;
