╔═══════════════╤═══════════════╗
║Name		│Brian Roberts	║
╟───────────────┼───────────────╢
║Number		│22		║
╟───────────────┼───────────────╢
║Position	│G		║
╟───────────────┼───────────────╢
║Height		│6-1		║
╟───────────────┼───────────────╢
║Weight		│173		║
╟───────────────┼───────────────╢
║Birth		│DEC 03, 1985	║
╟───────────────┼───────────────╢
║Age		│28		║
╟───────────────┼───────────────╢
║Exp		│1		║
╟───────────────┼───────────────╢
║School		│Dayton		║
╚═══════════════╧═══════════════╝
Brian Roberts;;14:43;1;3;1;1;0;0;2;3;5;4;0;0;0;1;3;
Brian Roberts;;14:45;3;6;1;1;4;4;0;1;1;5;0;0;2;0;11;
Brian Roberts;;14:24;2;5;0;1;2;3;0;1;1;1;0;0;0;0;6;
Brian Roberts;;17:04;3;5;0;1;4;5;0;1;1;1;1;0;0;2;10;
Brian Roberts;;19:02;3;7;2;4;3;3;0;2;2;3;1;0;2;2;11;
Brian Roberts;G;24:41;4;11;1;2;0;0;2;5;7;1;0;0;2;3;9;
Brian Roberts;G;31:20;2;10;0;3;3;3;0;3;3;8;2;0;1;2;7;
Brian Roberts;G;34:50;7;12;3;5;2;3;0;4;4;4;0;0;2;4;19;
Brian Roberts;G;29:18;4;11;1;4;1;1;0;1;1;4;1;0;2;3;10;
Brian Roberts;G;34:52;3;7;1;2;2;3;0;3;3;5;0;0;1;2;9;
Brian Roberts;G;28:06;5;7;3;3;0;0;0;2;2;3;0;0;0;2;13;
Brian Roberts;G;29:30;6;10;0;2;3;3;0;2;2;6;0;0;0;0;15;
Brian Roberts;G;21:44;4;6;1;2;4;4;0;2;2;2;1;0;1;3;13;
Brian Roberts;G;30:45;6;9;1;3;2;2;0;2;2;2;0;0;4;1;15;
Brian Roberts;G;32:21;4;8;2;2;2;2;0;4;4;6;0;0;4;4;12;
Brian Roberts;G;26:09;3;10;0;4;3;3;0;3;3;3;0;0;2;1;9;
Brian Roberts;G;29:42;3;10;0;2;0;0;1;1;2;5;1;0;1;1;6;
Brian Roberts;G;29:45;4;11;1;3;0;0;1;0;1;2;0;0;3;5;9;
Brian Roberts;G;36:37;7;14;1;3;4;4;0;3;3;6;2;0;3;2;19;
Brian Roberts;G;29:20;7;13;1;1;1;1;0;4;4;6;0;0;1;3;16;
Brian Roberts;G;23:39;4;9;2;3;2;2;1;1;2;4;4;0;3;2;12;
Brian Roberts;G;27:46;7;14;3;4;1;1;0;3;3;2;2;0;2;1;18;
Brian Roberts;G;38:10;6;14;2;2;3;3;1;3;4;5;1;0;0;2;17;
Brian Roberts;G;29:20;4;8;1;3;1;1;0;0;0;4;1;0;2;1;10;
Brian Roberts;G;33:11;7;15;2;4;4;4;0;4;4;3;1;0;1;1;20;
Brian Roberts;G;28:50;2;13;0;3;3;4;0;1;1;9;2;0;3;1;7;
Brian Roberts;G;18:40;1;4;0;2;2;2;2;1;3;7;0;1;2;0;4;
Brian Roberts;G;29:04;6;9;3;5;2;2;0;2;2;3;0;0;2;0;17;
Brian Roberts;G;20:49;3;8;0;1;1;1;0;2;2;3;1;0;3;6;7;
Brian Roberts;G;22:25;1;8;0;3;2;2;0;1;1;2;0;0;2;1;4;
Brian Roberts;G;35:27;6;13;1;5;2;2;0;2;2;2;1;0;1;2;15;
Brian Roberts;G;28:57;6;10;1;2;6;7;0;0;0;2;0;0;3;4;19;
Brian Roberts;G;27:03;4;9;2;3;4;4;0;1;1;1;0;1;0;1;14;
Brian Roberts;G;27:04;3;7;0;2;2;2;0;1;1;5;1;0;2;3;8;
Brian Roberts;G;29:48;5;12;1;4;1;1;0;1;1;3;1;0;2;3;12;
Brian Roberts;G;39:16;8;14;1;2;2;2;0;0;0;5;1;0;1;3;19;
Brian Roberts;G;32:25;4;12;0;4;3;3;1;3;4;3;2;0;1;3;11;
Brian Roberts;G;28:49;4;10;1;3;2;2;0;3;3;2;0;1;3;2;11;
Brian Roberts;G;33:31;4;12;0;4;8;8;0;2;2;5;0;0;1;5;16;
Brian Roberts;G;24:47;3;7;2;4;0;0;0;0;0;6;2;1;1;0;8;
Brian Roberts;G;35:59;6;11;3;5;2;2;0;3;3;6;1;1;3;1;17;
Brian Roberts;;28:41;7;16;1;2;3;3;0;3;3;5;1;0;0;2;18;
Brian Roberts;G;21:53;4;12;1;4;0;0;0;1;1;2;0;0;1;1;9;
Brian Roberts;G;20:09;3;8;0;1;0;0;0;1;1;6;0;0;2;1;6;
Brian Roberts;G;30:31;5;11;3;5;5;5;1;1;2;6;0;0;1;1;18;
Brian Roberts;G;36:19;6;17;0;5;1;2;1;3;4;4;2;0;3;1;13;
Brian Roberts;G;20:11;1;8;0;2;0;0;1;3;4;2;0;0;2;1;2;
Brian Roberts;;7:38;0;4;0;1;2;2;1;0;1;0;0;0;0;1;2;
Brian Roberts;;4:02;0;0;0;0;3;4;0;1;1;1;0;0;0;1;3;
Brian Roberts;;14:43;1;2;0;0;0;0;0;1;1;2;0;0;0;1;2;
Brian Roberts;;15:51;2;4;0;1;0;0;0;1;1;1;0;0;2;0;4;
Brian Roberts;;15:32;3;4;2;2;5;5;1;2;3;3;2;0;1;2;13;
Brian Roberts;;29:35;7;14;3;6;0;0;0;1;1;5;3;0;0;4;17;
Brian Roberts;;16:06;2;4;1;3;0;0;0;2;2;3;1;0;1;1;5;
Brian Roberts;;11:37;0;5;0;2;0;0;0;0;0;2;0;0;0;6;0;
Brian Roberts;;10:24;1;5;0;2;0;0;0;0;0;1;0;0;0;2;2;
Brian Roberts;;8:54;1;5;0;2;0;0;0;0;0;1;0;0;1;2;2;
Brian Roberts;;19:55;5;9;3;5;1;1;0;0;0;6;0;0;0;5;14;
Brian Roberts;;10:37;0;2;0;0;0;0;1;1;2;3;0;0;1;1;0;
Brian Roberts;;8:57;2;5;0;1;2;2;0;1;1;0;0;0;1;0;6;
Brian Roberts;;10:55;0;2;0;0;0;0;0;0;0;0;0;1;1;1;0;
Brian Roberts;;14:15;2;5;0;2;0;0;0;1;1;1;0;0;1;3;4;
Brian Roberts;;15:06;2;4;1;2;0;0;0;0;0;2;0;0;0;2;5;
Brian Roberts;;13:48;1;3;0;1;2;2;0;0;0;4;0;0;1;2;4;
Brian Roberts;;11:43;1;2;0;0;0;0;0;2;2;1;0;0;0;0;2;
Brian Roberts;;12:23;3;4;1;2;2;2;0;1;1;1;0;0;0;2;9;
Brian Roberts;;18:42;3;9;2;3;0;0;0;2;2;3;0;0;0;0;8;
Brian Roberts;;20:32;1;6;0;2;4;4;0;4;4;4;0;0;0;0;6;
Brian Roberts;;21:26;3;6;0;2;0;0;0;1;1;3;2;0;1;1;6;
Brian Roberts;;19:24;0;4;0;1;0;0;0;4;4;0;1;0;3;1;0;
Brian Roberts;G;19:33;2;3;1;1;0;0;0;0;0;2;1;1;1;4;5;
Brian Roberts;;13:30;1;4;0;1;2;2;0;1;1;1;0;0;2;0;4;
