╔═══════════════╤═══════════════╗
║Name		│Brook Lopez	║
╟───────────────┼───────────────╢
║Number		│11		║
╟───────────────┼───────────────╢
║Position	│C		║
╟───────────────┼───────────────╢
║Height		│7-0		║
╟───────────────┼───────────────╢
║Weight		│275		║
╟───────────────┼───────────────╢
║Birth		│APR 01, 1988	║
╟───────────────┼───────────────╢
║Age		│26		║
╟───────────────┼───────────────╢
║Exp		│5		║
╟───────────────┼───────────────╢
║School		│Stanford	║
╚═══════════════╧═══════════════╝
Brook Lopez;C;33:37;9;18;0;0;3;5;2;3;5;1;0;4;1;3;21;
Brook Lopez;C;20:25;4;7;0;0;5;6;0;6;6;0;1;2;3;5;13;
Brook Lopez;C;32:54;8;15;0;0;5;5;2;4;6;0;1;5;1;1;21;
Brook Lopez;C;25:00;10;13;0;0;7;9;2;5;7;2;2;1;1;2;27;
Brook Lopez;C;37:11;10;14;0;0;3;5;3;2;5;0;0;1;1;3;23;
Brook Lopez;C;32:06;6;13;0;0;4;4;2;5;7;0;1;1;2;4;16;
Brook Lopez;C;26:39;6;12;0;0;4;4;4;5;9;0;0;5;1;3;16;
Brook Lopez;C;36:03;9;16;0;0;9;10;4;3;7;0;0;3;4;4;27;
Brook Lopez;C;21:25;5;9;0;0;6;7;1;0;1;0;0;2;0;0;16;
Brook Lopez;C;31:16;7;16;0;1;6;11;2;7;9;1;0;0;2;1;20;
Brook Lopez;C;21:14;3;9;0;0;6;6;1;1;2;1;1;1;1;4;12;
Brook Lopez;C;34:31;9;18;0;0;6;7;8;1;9;1;1;1;1;1;24;
Brook Lopez;C;40:07;11;13;0;0;10;11;2;5;7;4;0;2;2;5;32;
Brook Lopez;C;37:23;10;13;0;0;4;5;1;2;3;2;0;1;1;4;24;
Brook Lopez;C;27:44;6;13;0;0;4;4;1;6;7;1;0;0;1;3;16;
Brook Lopez;C;31:54;7;11;0;0;8;9;2;3;5;3;0;0;4;4;22;
Brook Lopez;C;44:02;9;19;0;0;4;7;2;5;7;0;2;1;2;5;22;
