╔═══════════════╤═══════════════╗
║Name		│Byron Mullens	║
╟───────────────┼───────────────╢
║Number		│30		║
╟───────────────┼───────────────╢
║Position	│C		║
╟───────────────┼───────────────╢
║Height		│7-0		║
╟───────────────┼───────────────╢
║Weight		│275		║
╟───────────────┼───────────────╢
║Birth		│FEB 14, 1989	║
╟───────────────┼───────────────╢
║Age		│25		║
╟───────────────┼───────────────╢
║Exp		│4		║
╟───────────────┼───────────────╢
║School		│Ohio State	║
╚═══════════════╧═══════════════╝
Byron Mullens;;1:22;2;2;2;2;0;0;0;0;0;0;0;0;0;0;6;
Byron Mullens;;4:57;2;2;1;1;0;0;0;1;1;0;0;0;1;0;5;
Byron Mullens;;3:18;0;1;0;0;0;0;0;2;2;0;0;0;0;0;0;
Byron Mullens;;6:04;0;3;0;1;1;2;0;2;2;0;0;0;1;1;1;
Byron Mullens;;2:17;1;1;1;1;0;0;0;0;0;0;0;0;0;0;3;
Byron Mullens;;2:14;0;2;0;1;0;0;0;0;0;0;0;0;0;0;0;
Byron Mullens;;5:28;1;2;0;1;0;0;0;1;1;0;0;0;2;3;2;
Byron Mullens;;3:40;1;3;1;2;0;0;1;1;2;0;0;0;0;0;3;
Byron Mullens;;1:11;0;1;0;1;0;0;0;0;0;0;0;0;0;0;0;
Byron Mullens;;13:43;4;6;1;2;0;0;1;0;1;1;1;1;1;3;9;
Byron Mullens;;17:06;3;11;0;4;1;4;1;2;3;1;0;0;0;3;7;
Byron Mullens;;12:04;2;5;0;0;2;2;2;5;7;0;1;1;3;1;6;
Byron Mullens;;14:02;2;6;1;3;0;0;1;3;4;0;0;0;0;2;5;
Byron Mullens;;20:15;5;9;3;4;2;2;1;5;6;2;0;0;0;2;15;
Byron Mullens;;9:54;2;4;1;2;1;2;0;2;2;0;0;0;0;0;6;
Byron Mullens;;3:23;0;0;0;0;0;0;0;0;0;0;0;0;2;1;0;
Byron Mullens;;9:40;1;2;1;1;0;0;1;2;3;1;0;1;1;2;3;
Byron Mullens;;23:53;6;9;3;5;0;0;2;3;5;1;2;0;2;3;15;
Byron Mullens;;14:55;0;3;0;2;0;0;0;1;1;0;0;1;0;3;0;
Byron Mullens;;14:59;2;3;1;2;0;0;1;1;2;1;0;0;2;2;5;
Byron Mullens;;14:49;4;5;2;3;2;2;1;2;3;0;2;1;0;1;12;
Byron Mullens;;10:11;1;5;1;4;0;0;0;3;3;0;0;0;1;1;3;
Byron Mullens;;9:34;1;3;1;1;0;0;0;1;1;0;0;3;0;2;3;
Byron Mullens;;17:47;6;11;3;7;0;0;2;6;8;0;1;0;1;1;15;
Byron Mullens;;3:05;0;1;0;1;0;0;0;0;0;1;0;0;0;0;0;
Byron Mullens;;17:44;2;6;1;4;0;2;0;4;4;0;1;0;0;3;5;
Byron Mullens;;20:19;6;12;1;5;0;0;4;3;7;0;1;0;1;1;13;
Byron Mullens;;8:58;0;4;0;4;0;2;1;1;2;1;1;1;1;3;0;
Byron Mullens;;15:12;1;4;1;3;0;0;1;2;3;0;0;0;1;4;3;
Byron Mullens;;15:00;5;6;2;3;0;0;0;4;4;0;2;1;1;5;12;
Byron Mullens;;11:28;0;5;0;4;0;0;0;0;0;0;1;0;2;3;0;
Byron Mullens;;8:12;3;5;0;1;0;0;1;0;1;1;0;0;0;2;6;
Byron Mullens;;1:36;0;0;0;0;0;0;1;0;1;0;0;0;0;0;0;
Byron Mullens;;8:42;1;3;0;1;0;0;1;0;1;0;0;1;0;0;2;
Byron Mullens;;5:03;0;1;0;1;1;2;0;4;4;1;0;0;0;1;1;
Byron Mullens;;9:31;4;4;2;2;0;0;1;1;2;1;0;0;3;2;10;
Byron Mullens;;13:43;2;5;2;4;0;0;0;2;2;0;1;0;0;4;6;
Byron Mullens;;4:42;0;1;0;1;0;0;0;0;0;0;0;0;0;0;0;
Byron Mullens;;6:31;0;0;0;0;0;0;0;0;0;2;0;0;0;3;0;
Byron Mullens;;5:30;2;4;1;3;0;0;0;2;2;0;0;0;0;0;5;
Byron Mullens;;2:27;1;2;0;1;0;0;0;0;0;0;0;0;0;0;2;
Byron Mullens;;5:55;0;0;0;0;0;0;0;0;0;0;0;0;0;0;0;
Byron Mullens;;2:36;0;1;0;1;0;0;0;0;0;0;0;0;1;0;0;
Byron Mullens;;6:51;0;1;0;0;0;0;0;1;1;0;0;0;0;2;0;
Byron Mullens;;4:35;0;1;0;0;0;0;0;1;1;0;1;0;0;0;0;
