╔═══════════════╤═══════════════╗
║Name		│Carlos Boozer	║
╟───────────────┼───────────────╢
║Number		│5		║
╟───────────────┼───────────────╢
║Position	│F		║
╟───────────────┼───────────────╢
║Height		│6-9		║
╟───────────────┼───────────────╢
║Weight		│266		║
╟───────────────┼───────────────╢
║Birth		│NOV 20, 1981	║
╟───────────────┼───────────────╢
║Age		│32		║
╟───────────────┼───────────────╢
║Exp		│11		║
╟───────────────┼───────────────╢
║School		│Duke		║
╚═══════════════╧═══════════════╝
Carlos Boozer;F;29:51;8;16;0;0;0;0;0;7;7;0;1;0;1;3;16;
Carlos Boozer;F;30:35;6;12;0;0;7;12;3;10;13;1;1;0;3;4;19;
Carlos Boozer;F;28:11;6;17;0;0;0;0;2;8;10;1;3;0;2;2;12;
Carlos Boozer;F;32:29;9;15;0;0;1;2;0;7;7;2;0;0;2;3;19;
Carlos Boozer;F;28:01;11;17;0;0;1;1;0;1;1;2;1;0;2;3;23;
Carlos Boozer;F;30:10;5;9;0;0;2;2;1;5;6;1;0;0;3;2;12;
Carlos Boozer;F;27:49;5;8;0;0;5;8;4;9;13;2;1;0;3;1;15;
Carlos Boozer;F;28:01;4;16;0;0;3;4;2;4;6;4;0;0;0;2;11;
Carlos Boozer;F;28:32;10;17;0;0;2;2;3;6;9;1;1;0;3;3;22;
Carlos Boozer;F;24:39;4;8;0;0;2;2;0;4;4;2;0;1;3;3;10;
Carlos Boozer;F;37:16;9;24;0;0;2;2;2;12;14;5;3;0;2;4;20;
Carlos Boozer;F;25:40;6;12;0;0;4;4;3;9;12;1;2;0;2;1;16;
Carlos Boozer;F;21:34;2;8;0;0;0;0;1;3;4;2;0;0;4;4;4;
Carlos Boozer;F;34:57;4;15;0;0;0;2;1;8;9;1;1;0;1;5;8;
Carlos Boozer;F;31:48;9;21;0;0;1;2;4;8;12;1;1;1;1;2;19;
Carlos Boozer;F;27:35;7;13;0;0;1;1;2;8;10;0;0;0;2;4;15;
Carlos Boozer;F;28:35;7;13;0;0;6;7;2;6;8;1;0;1;1;2;20;
Carlos Boozer;F;24:00;4;14;0;1;2;2;0;5;5;1;2;0;0;3;10;
Carlos Boozer;F;24:00;3;8;0;0;2;2;1;6;7;4;1;0;0;1;8;
Carlos Boozer;F;27:56;8;14;0;0;1;2;1;10;11;1;1;2;4;2;17;
Carlos Boozer;F;24:35;6;11;0;0;3;4;4;9;13;0;1;0;2;3;15;
Carlos Boozer;F;24:00;4;9;0;0;1;2;1;5;6;1;0;0;2;3;9;
Carlos Boozer;F;24:00;6;13;0;1;2;2;3;4;7;2;1;0;0;3;14;
Carlos Boozer;F;29:50;4;10;0;0;2;4;4;9;13;0;0;0;5;3;10;
Carlos Boozer;F;24:00;5;10;0;0;0;0;1;4;5;1;0;0;1;1;10;
Carlos Boozer;F;24:00;4;12;0;0;0;0;2;6;8;1;0;0;0;3;8;
Carlos Boozer;F;28:27;4;14;0;0;1;2;1;3;4;2;1;0;1;2;9;
Carlos Boozer;F;27:44;4;9;0;0;0;0;1;4;5;0;1;0;5;4;8;
Carlos Boozer;F;33:18;9;19;0;0;0;0;2;5;7;3;0;0;0;2;18;
Carlos Boozer;F;24:00;4;10;0;0;1;2;1;4;5;4;1;0;1;1;9;
Carlos Boozer;F;24:00;5;13;0;0;2;2;2;9;11;0;0;0;0;2;12;
Carlos Boozer;F;24:00;5;9;0;0;2;2;1;10;11;2;0;1;0;2;12;
Carlos Boozer;F;31:07;5;14;0;0;0;2;2;3;5;1;0;1;2;4;10;
Carlos Boozer;F;24:00;3;7;0;0;1;2;0;6;6;0;0;0;2;5;7;
Carlos Boozer;F;23:49;3;10;0;0;3;3;2;8;10;0;2;0;2;4;9;
Carlos Boozer;F;24:00;8;15;0;0;0;0;2;10;12;2;2;0;1;2;16;
Carlos Boozer;F;24:00;7;10;0;0;0;0;0;6;6;0;0;0;1;4;14;
Carlos Boozer;F;24:00;7;12;0;0;2;2;3;4;7;1;0;0;1;3;16;
Carlos Boozer;F;24:00;5;8;0;0;2;3;1;5;6;2;0;0;4;1;12;
Carlos Boozer;F;24:00;6;16;0;0;2;2;3;8;11;5;1;1;1;2;14;
Carlos Boozer;F;24:00;6;12;0;0;4;4;1;3;4;1;2;0;2;2;16;
Carlos Boozer;F;23:54;3;13;0;0;0;0;1;3;4;0;1;0;4;5;6;
Carlos Boozer;F;24:00;7;8;0;0;4;5;1;6;7;0;0;0;2;2;18;
Carlos Boozer;F;24:00;4;9;0;0;0;0;2;5;7;5;0;0;1;4;8;
Carlos Boozer;F;31:45;6;11;0;0;1;2;1;11;12;5;1;0;1;5;13;
Carlos Boozer;F;24:00;7;12;0;0;0;0;0;11;11;0;0;0;0;2;14;
Carlos Boozer;F;32:24;13;18;0;0;5;5;3;4;7;2;1;1;2;4;31;
Carlos Boozer;F;32:41;5;7;0;0;4;4;1;6;7;3;0;0;3;2;14;
Carlos Boozer;F;31:57;9;16;0;0;4;4;3;7;10;2;0;0;0;3;22;
Carlos Boozer;F;30:45;3;10;0;0;0;0;1;8;9;1;0;0;1;2;6;
Carlos Boozer;F;23:59;7;11;0;0;4;6;2;8;10;2;0;1;2;3;18;
Carlos Boozer;F;33:50;7;11;0;0;3;3;2;5;7;4;1;2;2;5;17;
Carlos Boozer;F;29:10;7;16;0;0;0;0;2;6;8;6;0;0;3;4;14;
Carlos Boozer;F;26:16;6;11;0;0;1;2;2;4;6;1;0;1;3;4;13;
Carlos Boozer;F;33:38;5;17;0;0;2;2;3;14;17;1;0;0;4;4;12;
Carlos Boozer;F;30:18;7;18;0;0;1;4;4;6;10;0;2;1;3;2;15;
Carlos Boozer;F;24:33;6;10;0;0;4;4;2;5;7;0;0;0;4;2;16;
Carlos Boozer;F;25:24;6;13;0;0;2;4;2;4;6;1;0;0;1;1;14;
Carlos Boozer;F;41:25;12;23;0;0;2;2;5;11;16;1;2;1;6;4;26;
Carlos Boozer;F;26:53;3;11;0;0;0;0;1;6;7;3;0;0;2;2;6;
Carlos Boozer;F;29:50;5;13;0;0;2;2;2;5;7;1;1;1;1;4;12;
Carlos Boozer;F;26:28;2;6;0;0;0;0;0;6;6;3;0;1;0;2;4;
Carlos Boozer;F;33:08;10;17;0;0;7;9;4;5;9;1;0;0;4;3;27;
Carlos Boozer;F;33:09;4;16;0;0;5;5;3;4;7;0;0;0;1;2;13;
Carlos Boozer;F;36:56;9;23;0;0;3;4;4;8;12;0;4;1;6;5;21;
Carlos Boozer;F;31:49;6;10;0;0;0;0;3;9;12;0;2;0;4;2;12;
Carlos Boozer;F;37:17;5;16;0;0;4;4;2;10;12;2;0;2;1;4;14;
Carlos Boozer;F;27:05;4;18;0;0;0;0;2;5;7;1;1;1;2;3;8;
Carlos Boozer;F;31:50;3;10;0;0;0;0;1;12;13;3;0;0;1;3;6;
Carlos Boozer;F;29:27;7;15;0;0;3;4;3;3;6;2;2;0;5;3;17;
Carlos Boozer;F;26:51;2;7;0;0;6;8;2;7;9;2;1;0;0;2;10;
Carlos Boozer;F;30:32;8;14;0;0;3;5;1;8;9;4;0;1;3;2;19;
Carlos Boozer;F;24:46;6;11;0;0;2;2;0;6;6;0;1;0;3;4;14;
Carlos Boozer;F;29:19;6;15;0;0;1;2;0;4;4;1;1;0;0;3;13;
Carlos Boozer;F;31:03;9;16;0;0;3;4;3;7;10;0;1;0;4;2;21;
Carlos Boozer;F;24:27;1;8;0;0;2;2;0;5;5;0;0;0;3;2;4;
