╔═══════════════╤═══════════════╗
║Name		│Carl Landry	║
╟───────────────┼───────────────╢
║Number		│24		║
╟───────────────┼───────────────╢
║Position	│F		║
╟───────────────┼───────────────╢
║Height		│6-9		║
╟───────────────┼───────────────╢
║Weight		│248		║
╟───────────────┼───────────────╢
║Birth		│SEP 19, 1983	║
╟───────────────┼───────────────╢
║Age		│30		║
╟───────────────┼───────────────╢
║Exp		│6		║
╟───────────────┼───────────────╢
║School		│Purdue		║
╚═══════════════╧═══════════════╝
Carl Landry;;8:51;3;4;0;0;0;1;1;3;4;0;0;0;0;1;6;
Carl Landry;;12:00;2;8;0;0;2;2;3;3;6;0;0;0;2;2;6;
Carl Landry;;25:52;2;8;0;0;1;2;5;4;9;0;0;0;0;2;5;
Carl Landry;;18:52;1;4;0;0;4;4;0;2;2;0;2;0;1;2;6;
Carl Landry;;12:05;1;2;0;0;0;0;0;2;2;0;0;0;0;6;2;
Carl Landry;;23:10;4;5;0;0;0;0;1;8;9;0;0;0;0;2;8;
Carl Landry;;12:25;2;2;0;0;0;0;0;1;1;2;0;1;1;2;4;
Carl Landry;;13:10;0;2;0;0;0;0;0;2;2;1;0;0;0;2;0;
Carl Landry;;10:57;2;2;0;0;0;0;1;0;1;0;0;0;1;0;4;
Carl Landry;;1:44;1;1;0;0;1;1;1;1;2;0;0;0;0;1;3;
Carl Landry;;8:06;0;1;0;0;0;0;0;1;1;0;0;0;0;0;0;
Carl Landry;;2:53;0;0;0;0;0;0;0;2;2;0;0;0;0;2;0;
Carl Landry;;7:03;2;2;0;0;2;2;0;1;1;0;0;0;0;1;6;
Carl Landry;;8:32;0;0;0;0;0;0;1;2;3;1;0;0;2;4;0;
Carl Landry;F;21:24;4;7;0;0;1;1;1;4;5;0;0;0;0;2;9;
Carl Landry;;24:52;4;6;0;0;2;2;0;6;6;0;1;0;1;4;10;
Carl Landry;;11:22;1;2;0;0;1;2;1;0;1;1;0;0;1;0;3;
Carl Landry;;9:40;2;4;0;0;0;0;0;0;0;0;0;0;0;1;4;
