╔═══════════════╤═══════════════╗
║Name		│Carmelo Anthony║
╟───────────────┼───────────────╢
║Number		│7		║
╟───────────────┼───────────────╢
║Position	│F		║
╟───────────────┼───────────────╢
║Height		│6-8		║
╟───────────────┼───────────────╢
║Weight		│235		║
╟───────────────┼───────────────╢
║Birth		│MAY 29, 1984	║
╟───────────────┼───────────────╢
║Age		│30		║
╟───────────────┼───────────────╢
║Exp		│10		║
╟───────────────┼───────────────╢
║School		│Syracuse	║
╚═══════════════╧═══════════════╝
Carmelo Anthony;F;38:40;10;20;2;4;5;5;1;11;12;4;1;1;3;5;27;
Carmelo Anthony;F;37:54;10;23;2;4;3;3;1;7;8;2;0;0;2;4;25;
Carmelo Anthony;F;36:30;6;16;1;3;6;8;2;5;7;5;3;1;1;1;19;
Carmelo Anthony;F;38:57;13;24;6;7;2;4;1;3;4;2;4;1;2;4;34;
Carmelo Anthony;F;42:21;12;24;3;8;2;3;1;7;8;5;2;0;2;4;29;
Carmelo Anthony;F;36:11;8;21;0;3;2;3;2;7;9;7;1;0;3;2;18;
Carmelo Anthony;F;45:48;9;24;3;6;8;9;3;13;16;4;1;1;5;5;29;
Carmelo Anthony;F;38:25;9;22;0;4;2;2;0;6;6;3;0;1;2;1;20;
Carmelo Anthony;F;31:22;8;17;3;3;9;9;3;4;7;1;0;1;2;1;28;
Carmelo Anthony;F;40:20;4;23;2;7;16;16;7;13;20;3;2;0;4;5;26;
Carmelo Anthony;F;38:46;8;19;2;4;8;13;3;9;12;2;2;0;2;0;26;
Carmelo Anthony;F;40:35;10;23;6;8;2;3;1;3;4;7;2;1;3;4;28;
Carmelo Anthony;F;38:39;23;35;6;11;10;10;1;12;13;0;0;0;0;1;62;
Carmelo Anthony;F;40:13;14;31;2;7;5;6;1;3;4;5;0;1;2;2;35;
Carmelo Anthony;F;28:18;8;15;3;5;5;7;2;7;9;3;4;0;3;3;24;
Carmelo Anthony;F;30:23;8;17;3;5;10;12;0;5;5;1;1;1;2;2;29;
Carmelo Anthony;F;40:51;8;17;1;4;9;13;1;7;8;4;1;0;7;4;26;
Carmelo Anthony;F;36:35;13;25;5;10;5;6;1;4;5;3;0;0;4;3;36;
Carmelo Anthony;F;40:09;11;28;1;6;3;3;2;6;8;0;1;2;1;3;26;
Carmelo Anthony;F;32:39;12;21;4;9;3;3;0;3;3;2;1;1;3;1;31;
Carmelo Anthony;F;36:29;5;19;1;5;4;5;4;3;7;5;1;0;1;5;15;
Carmelo Anthony;F;48:25;12;28;5;11;7;7;1;10;11;3;0;0;3;3;36;
Carmelo Anthony;F;42:10;8;22;1;5;5;8;4;7;11;2;2;0;1;2;22;
Carmelo Anthony;F;39:56;16;29;2;6;8;12;2;2;4;2;3;2;2;2;42;
Carmelo Anthony;F;45:19;14;24;4;7;4;5;2;9;11;4;1;0;2;3;36;
Carmelo Anthony;F;37:28;13;25;4;8;5;6;0;4;4;3;0;1;3;4;35;
Carmelo Anthony;F;41:42;14;29;7;12;9;9;4;5;9;4;0;1;4;3;44;
Carmelo Anthony;F;35:52;11;20;3;8;4;6;3;4;7;2;0;1;4;4;29;
Carmelo Anthony;F;37:29;7;26;1;6;8;8;7;9;16;2;1;0;2;3;23;
Carmelo Anthony;F;38:25;8;17;2;4;3;3;0;2;2;3;0;0;4;3;21;
Carmelo Anthony;F;40:43;11;21;4;7;2;4;0;5;5;2;3;0;6;4;28;
Carmelo Anthony;F;43:11;14;27;3;10;2;4;0;5;5;5;3;0;5;2;33;
Carmelo Anthony;F;31:44;10;19;3;7;6;8;0;4;4;8;2;1;2;1;29;
Carmelo Anthony;F;39:21;10;23;4;7;2;2;1;6;7;4;3;2;3;3;26;
Carmelo Anthony;F;32:04;9;24;0;7;4;4;2;7;9;5;1;0;3;3;22;
Carmelo Anthony;F;39:11;11;25;4;7;8;8;0;9;9;2;1;0;0;2;34;
Carmelo Anthony;F;32:31;8;16;1;5;6;6;2;5;7;2;0;2;3;3;23;
Carmelo Anthony;F;42:32;12;23;0;4;10;12;0;3;3;5;3;0;4;4;34;
Carmelo Anthony;F;35:01;5;16;2;5;9;12;0;8;8;5;1;1;1;2;21;
Carmelo Anthony;F;39:54;8;20;4;9;12;12;0;8;8;2;1;2;3;4;32;
Carmelo Anthony;F;38:15;10;21;1;4;8;8;0;9;9;3;1;1;3;3;29;
Carmelo Anthony;F;42:06;12;21;5;8;7;7;0;5;5;3;0;1;5;5;36;
Carmelo Anthony;F;40:02;8;20;2;6;3;5;3;4;7;1;0;1;0;3;21;
Carmelo Anthony;F;34:26;7;21;0;4;5;6;2;7;9;3;0;0;1;4;19;
Carmelo Anthony;F;39:19;11;19;4;7;8;8;0;8;8;3;3;1;3;2;34;
Carmelo Anthony;F;37:21;8;16;0;1;7;8;1;9;10;3;1;1;3;3;23;
Carmelo Anthony;F;38:22;5;14;0;4;0;0;1;7;8;5;4;0;9;3;10;
Carmelo Anthony;F;44:03;4;17;1;4;4;5;3;2;5;6;2;1;1;2;13;
Carmelo Anthony;F;38:53;8;17;1;3;13;14;1;7;8;3;3;0;2;3;30;
Carmelo Anthony;F;28:17;7;13;1;4;2;3;1;0;1;3;1;0;2;4;17;
Carmelo Anthony;F;37:39;7;16;0;2;5;6;2;8;10;1;1;0;3;2;19;
Carmelo Anthony;F;42:01;8;24;2;7;4;5;0;6;6;6;6;2;4;0;22;
Carmelo Anthony;F;44:04;8;21;2;6;4;5;5;12;17;3;0;0;5;4;22;
Carmelo Anthony;F;44:37;10;28;2;5;10;10;1;4;5;2;2;0;2;3;32;
Carmelo Anthony;F;39:15;12;22;1;2;3;5;5;3;8;6;1;1;3;2;28;
Carmelo Anthony;F;34:43;5;10;0;0;6;8;1;7;8;1;1;0;1;3;16;
Carmelo Anthony;F;40:02;9;25;3;6;4;5;0;4;4;2;1;0;2;4;25;
Carmelo Anthony;F;43:49;17;30;2;4;9;11;3;7;10;4;0;1;3;5;45;
Carmelo Anthony;F;33:44;8;21;1;4;6;7;5;7;12;2;1;0;1;4;23;
Carmelo Anthony;F;37:15;8;20;1;3;8;11;4;3;7;1;2;0;7;5;25;
Carmelo Anthony;F;41:49;10;28;0;3;10;10;9;9;18;3;0;2;4;4;30;
Carmelo Anthony;F;40:48;9;19;2;6;3;4;3;9;12;2;0;0;1;2;23;
Carmelo Anthony;F;42:46;13;24;1;4;7;10;2;13;15;3;1;1;2;2;34;
Carmelo Anthony;F;40:32;9;23;0;3;9;10;3;7;10;1;0;0;1;4;27;
Carmelo Anthony;F;40:15;8;22;0;3;11;13;2;5;7;0;0;2;1;4;27;
Carmelo Anthony;F;43:47;9;21;1;7;4;4;1;9;10;3;2;0;3;4;23;
Carmelo Anthony;F;31:04;8;12;1;1;2;2;3;7;10;6;0;1;2;3;19;
Carmelo Anthony;F;29:42;6;10;0;0;8;9;0;11;11;4;3;1;1;1;20;
Carmelo Anthony;F;31:54;5;15;1;2;8;10;1;4;5;1;0;0;2;1;19;
Carmelo Anthony;F;38:33;12;19;3;4;2;2;3;5;8;3;0;0;1;2;29;
Carmelo Anthony;F;40:45;9;21;1;3;11;12;3;7;10;4;3;1;2;4;30;
Carmelo Anthony;F;41:53;9;24;3;7;5;6;2;2;4;3;0;0;0;2;26;
Carmelo Anthony;F;38:01;13;22;3;5;6;6;3;3;6;4;2;0;4;3;35;
Carmelo Anthony;F;42:01;12;20;1;5;7;8;2;3;5;3;0;4;1;3;32;
Carmelo Anthony;F;50:27;8;28;3;6;2;2;4;5;9;4;0;2;4;4;21;
Carmelo Anthony;F;41:48;11;22;2;6;6;7;1;6;7;1;2;2;0;0;30;
Carmelo Anthony;F;24:26;7;14;3;4;2;2;0;3;3;2;0;0;0;1;19;
