╔═══════════════╤═══════════════╗
║Name		│Caron Butler	║
╟───────────────┼───────────────╢
║Number		│2		║
╟───────────────┼───────────────╢
║Position	│F		║
╟───────────────┼───────────────╢
║Height		│6-7		║
╟───────────────┼───────────────╢
║Weight		│228		║
╟───────────────┼───────────────╢
║Birth		│MAR 13, 1980	║
╟───────────────┼───────────────╢
║Age		│34		║
╟───────────────┼───────────────╢
║Exp		│11		║
╟───────────────┼───────────────╢
║School		│Connecticut	║
╚═══════════════╧═══════════════╝
Caron Butler;;16:46;4;8;1;2;0;0;0;3;3;2;1;0;0;0;9;
Caron Butler;;27:05;6;11;4;6;0;0;1;6;7;3;0;1;4;2;16;
Caron Butler;;17:03;1;7;0;2;0;0;1;5;6;2;0;0;1;2;2;
Caron Butler;;8:08;0;2;0;0;0;0;0;2;2;0;1;0;0;1;0;
Caron Butler;;16:02;2;7;1;3;0;0;0;3;3;0;0;1;1;1;5;
Caron Butler;;18:30;5;12;0;2;0;0;0;2;2;2;1;1;1;1;10;
Caron Butler;;5:19;1;4;0;0;0;0;0;1;1;1;0;0;0;1;2;
Caron Butler;;32:29;12;21;2;10;4;4;1;6;7;5;1;1;0;5;30;
Caron Butler;;16:51;1;6;0;2;0;0;0;3;3;1;0;0;0;4;2;
Caron Butler;;15:03;5;9;0;1;0;0;0;2;2;1;1;0;2;1;10;
Caron Butler;;23:10;4;8;3;6;0;0;3;2;5;1;1;0;3;0;11;
Caron Butler;;26:40;3;9;1;2;2;2;0;5;5;3;0;0;1;1;9;
Caron Butler;;29:13;7;12;4;6;2;2;0;4;4;1;1;1;1;2;20;
Caron Butler;;21:29;2;6;1;3;5;6;0;2;2;0;1;1;1;2;10;
Caron Butler;;14:38;1;6;1;1;0;0;0;5;5;0;0;0;0;0;3;
Caron Butler;;29:11;7;15;7;13;0;0;1;6;7;0;0;0;3;3;21;
Caron Butler;F;31:16;7;17;1;4;2;3;0;4;4;1;1;2;1;0;17;
Caron Butler;;25:42;1;4;0;2;0;0;0;5;5;1;1;1;1;4;2;
Caron Butler;;29:16;4;11;4;8;2;2;0;1;1;1;0;0;0;4;14;
Caron Butler;;23:52;2;6;0;2;0;0;0;2;2;1;1;0;0;1;4;
Caron Butler;;28:30;4;10;3;7;0;0;0;5;5;0;0;0;1;3;11;
Caron Butler;;28:31;4;10;3;9;0;0;0;6;6;2;0;0;1;3;11;
Caron Butler;;22:20;3;10;1;5;0;0;0;2;2;1;0;1;0;1;7;
Caron Butler;;29:17;3;8;3;6;3;3;2;3;5;0;0;0;1;2;12;
Caron Butler;;26:22;3;10;2;6;0;0;1;4;5;2;2;0;0;1;8;
Caron Butler;;35:36;1;9;1;4;1;2;1;1;2;2;5;1;0;6;4;
Caron Butler;;29:03;10;19;3;7;0;0;0;4;4;0;0;0;0;4;23;
Caron Butler;;33:45;4;10;2;6;0;0;0;4;4;1;2;1;0;2;10;
Caron Butler;;26:10;2;10;2;6;0;0;0;3;3;3;0;0;1;1;6;
Caron Butler;;26:06;5;8;5;5;0;0;0;2;2;1;0;0;0;2;15;
Caron Butler;;30:18;1;5;1;4;1;2;0;2;2;2;5;0;0;1;4;
Caron Butler;;35:22;4;10;3;5;2;2;0;4;4;2;0;0;0;4;13;
Caron Butler;;26:20;1;6;1;3;2;2;0;1;1;0;0;1;0;3;5;
Caron Butler;;26:27;8;10;6;6;1;2;0;5;5;2;1;0;0;2;23;
Caron Butler;;19:53;2;5;0;1;0;0;1;2;3;1;0;1;1;3;4;
Caron Butler;;19:53;2;5;1;2;0;0;0;4;4;2;2;0;0;1;5;
Caron Butler;;30:08;6;10;1;3;0;0;0;1;1;0;3;0;0;3;13;
Caron Butler;;27:08;6;9;3;5;4;4;0;3;3;1;2;0;2;4;19;
Caron Butler;;17:57;0;1;0;0;0;0;0;2;2;1;0;0;0;1;0;
Caron Butler;F;33:26;5;9;2;3;2;2;1;3;4;1;1;0;7;4;14;
Caron Butler;F;27:00;2;8;2;4;2;2;2;4;6;1;1;0;0;1;8;
Caron Butler;F;25:06;3;9;1;4;5;6;0;6;6;0;0;0;1;3;12;
Caron Butler;F;29:44;4;12;2;7;0;0;1;3;4;0;1;0;3;3;10;
Caron Butler;F;38:16;7;19;3;9;2;3;1;12;13;3;2;0;3;2;19;
Caron Butler;F;24:52;4;15;2;8;0;0;1;3;4;1;1;0;2;2;10;
Caron Butler;F;42:00;7;17;3;5;3;3;1;4;5;3;1;0;2;1;20;
Caron Butler;F;28:57;4;10;1;3;0;0;0;7;7;1;0;0;0;3;9;
Caron Butler;F;36:18;13;22;4;8;8;11;2;6;8;3;3;0;4;3;38;
Caron Butler;F;20:28;2;8;1;4;0;0;0;2;2;0;1;0;2;2;5;
Caron Butler;;27:21;2;7;2;5;2;2;0;5;5;3;1;1;0;0;8;
Caron Butler;;20:01;2;7;1;5;0;0;0;3;3;2;0;0;0;1;5;
Caron Butler;F;39:42;8;21;2;10;4;6;0;11;11;4;0;1;4;3;22;
Caron Butler;F;29:50;3;11;1;5;4;4;0;4;4;3;1;0;2;3;11;
Caron Butler;;16:30;0;7;0;1;0;0;0;2;2;1;0;0;0;1;0;
Caron Butler;;24:17;3;11;0;2;0;0;0;5;5;4;1;1;0;5;6;
Caron Butler;;8:22;0;1;0;1;0;0;0;1;1;3;0;0;3;1;0;
