╔═══════════════╤═══════════════╗
║Name		│Cartier Martin	║
╟───────────────┼───────────────╢
║Number		│20		║
╟───────────────┼───────────────╢
║Position	│F		║
╟───────────────┼───────────────╢
║Height		│6-7		║
╟───────────────┼───────────────╢
║Weight		│220		║
╟───────────────┼───────────────╢
║Birth		│NOV 20, 1984	║
╟───────────────┼───────────────╢
║Age		│29		║
╟───────────────┼───────────────╢
║Exp		│5		║
╟───────────────┼───────────────╢
║School		│Kansas State	║
╚═══════════════╧═══════════════╝
Cartier Martin;;4:18;0;0;0;0;0;0;0;1;1;0;0;0;0;1;0;
Cartier Martin;;26:03;4;5;2;2;1;2;0;2;2;0;0;0;0;0;11;
Cartier Martin;;8:27;1;3;1;3;1;2;1;0;1;1;1;0;1;1;4;
Cartier Martin;;6:12;0;0;0;0;0;0;0;0;0;1;0;0;0;0;0;
Cartier Martin;;1:58;0;0;0;0;0;0;0;0;0;0;0;0;0;1;0;
Cartier Martin;;3:54;0;0;0;0;0;0;0;2;2;0;0;0;0;0;0;
Cartier Martin;;1:03;0;0;0;0;0;0;0;0;0;0;0;0;0;1;0;
Cartier Martin;;12:00;3;5;2;3;0;0;0;3;3;1;0;0;0;2;8;
Cartier Martin;;9:04;2;3;1;2;0;0;0;0;0;0;1;0;0;0;5;
Cartier Martin;;5:14;1;1;1;1;0;0;0;0;0;0;0;0;1;0;3;
Cartier Martin;;22:29;4;9;1;4;1;2;0;3;3;0;0;0;0;0;10;
Cartier Martin;F;20:18;4;7;3;5;1;2;1;4;5;1;0;1;1;1;12;
Cartier Martin;F;24:11;1;2;0;0;2;2;0;2;2;0;0;0;1;2;4;
Cartier Martin;;19:19;2;4;1;3;1;2;1;3;4;2;0;1;1;1;6;
Cartier Martin;;4:48;0;2;0;0;0;0;0;0;0;0;0;0;0;2;0;
Cartier Martin;;2:18;0;0;0;0;0;0;0;0;0;0;0;0;0;0;0;
Cartier Martin;;6:53;1;2;0;1;2;2;0;0;0;0;0;0;1;3;4;
Cartier Martin;;23:32;7;14;1;5;1;2;3;3;6;0;3;0;0;1;16;
Cartier Martin;;17:06;2;4;0;1;3;3;1;2;3;1;0;0;1;0;7;
Cartier Martin;;10:04;0;4;0;3;0;0;0;3;3;0;0;0;0;1;0;
Cartier Martin;;15:51;1;4;1;3;0;0;0;1;1;0;0;0;0;0;3;
Cartier Martin;;9:26;2;3;1;2;0;0;0;1;1;0;0;0;0;1;5;
Cartier Martin;;4:26;0;3;0;3;0;0;0;0;0;0;0;0;0;0;0;
Cartier Martin;;4:37;0;0;0;0;0;0;0;0;0;0;0;0;0;0;0;
Cartier Martin;;15:51;3;8;2;4;0;1;0;1;1;0;0;0;0;1;8;
Cartier Martin;;12:02;0;2;0;2;2;2;0;1;1;1;1;0;0;2;2;
Cartier Martin;;13:30;3;6;0;2;1;1;0;1;1;1;0;0;0;1;7;
Cartier Martin;F;28:45;5;8;2;5;1;2;0;4;4;2;2;1;1;3;13;
Cartier Martin;;21:59;2;8;2;4;3;4;2;3;5;1;0;0;1;2;9;
Cartier Martin;;12:53;1;4;1;2;0;0;0;0;0;0;1;0;1;1;3;
Cartier Martin;;0:04;0;0;0;0;0;0;0;0;0;0;0;0;0;0;0;
Cartier Martin;;4:22;0;1;0;0;0;0;0;1;1;1;0;0;1;1;0;
Cartier Martin;;4:38;0;0;0;0;0;0;0;1;1;1;1;0;0;0;0;
Cartier Martin;F;35:35;3;11;1;4;3;3;0;4;4;1;0;0;0;1;10;
Cartier Martin;;24:12;5;7;2;3;2;5;1;5;6;1;3;0;1;1;14;
Cartier Martin;;16:45;4;8;3;7;6;6;1;1;2;1;1;0;0;3;17;
Cartier Martin;;23:42;2;4;2;3;2;4;0;2;2;0;0;1;1;1;8;
Cartier Martin;;27:49;3;7;3;6;0;0;0;4;4;3;0;0;1;4;9;
Cartier Martin;;24:51;2;7;1;3;4;4;0;3;3;2;2;0;1;0;9;
Cartier Martin;;23:06;0;7;0;4;1;2;1;2;3;0;3;0;0;4;1;
Cartier Martin;;21:57;3;7;0;3;1;1;0;2;2;2;2;0;0;0;7;
Cartier Martin;;20:13;5;7;3;4;3;4;0;3;3;1;1;0;1;4;16;
Cartier Martin;;26:02;5;13;3;10;0;0;0;4;4;1;0;2;0;0;13;
Cartier Martin;;12:31;0;6;0;3;0;0;0;2;2;0;0;0;1;2;0;
Cartier Martin;;15:41;3;5;2;3;0;0;0;1;1;0;0;0;2;0;8;
Cartier Martin;;20:08;1;6;1;3;2;2;0;1;1;3;1;0;0;2;5;
Cartier Martin;;9:45;1;3;0;1;0;0;0;1;1;1;2;0;3;1;2;
Cartier Martin;;12:56;1;5;0;3;0;0;0;1;1;0;0;0;0;0;2;
Cartier Martin;;15:05;2;5;1;2;0;0;0;2;2;1;0;0;0;1;5;
Cartier Martin;;16:25;2;3;1;1;2;2;0;1;1;0;0;0;1;3;7;
Cartier Martin;G;33:16;5;10;4;7;0;0;0;0;0;0;0;0;1;2;14;
Cartier Martin;;21:47;1;5;1;4;0;0;0;4;4;1;0;0;2;2;3;
Cartier Martin;G;30:43;4;7;2;4;2;3;1;4;5;1;0;1;3;2;12;
Cartier Martin;;19:56;2;7;2;5;0;0;0;1;1;0;1;0;1;5;6;
Cartier Martin;;8:33;1;2;1;2;0;0;0;0;0;0;0;0;0;0;3;
Cartier Martin;;11:04;5;5;2;2;0;0;0;4;4;0;0;0;1;1;12;
Cartier Martin;;5:51;0;1;0;0;0;0;0;2;2;0;0;0;0;1;0;
Cartier Martin;;0:19;0;0;0;0;0;0;0;0;0;0;0;0;0;0;0;
Cartier Martin;;13:58;2;4;2;4;0;0;0;1;1;0;1;0;3;2;6;
