╔═══════════════╤═══════════════╗
║Name		│Channing Frye	║
╟───────────────┼───────────────╢
║Number		│8		║
╟───────────────┼───────────────╢
║Position	│F-C		║
╟───────────────┼───────────────╢
║Height		│6-11		║
╟───────────────┼───────────────╢
║Weight		│245		║
╟───────────────┼───────────────╢
║Birth		│MAY 17, 1983	║
╟───────────────┼───────────────╢
║Age		│31		║
╟───────────────┼───────────────╢
║Exp		│7		║
╟───────────────┼───────────────╢
║School		│Arizona	║
╚═══════════════╧═══════════════╝
Channing Frye;F;35:02;5;14;4;10;0;0;1;5;6;1;1;0;2;2;14;
Channing Frye;F;32:46;7;12;6;9;2;2;0;7;7;1;1;2;2;3;22;
Channing Frye;F;26:44;5;11;1;3;0;0;3;4;7;1;0;0;1;3;11;
Channing Frye;F;36:09;8;17;5;10;1;1;0;5;5;1;0;1;0;3;22;
Channing Frye;F;29:42;4;15;2;10;0;0;1;3;4;2;0;2;1;2;10;
Channing Frye;F;34:05;7;14;5;10;2;4;1;2;3;1;2;0;0;2;21;
Channing Frye;F;40:35;3;12;2;7;2;4;0;5;5;0;1;0;0;4;10;
Channing Frye;F;33:55;9;20;1;6;1;3;3;5;8;1;2;1;3;5;20;
Channing Frye;F;29:56;2;6;0;2;2;2;1;6;7;0;0;0;0;2;6;
Channing Frye;F;27:56;12;16;5;7;1;2;1;4;5;1;1;3;1;4;30;
Channing Frye;F;30:50;3;7;2;3;2;2;1;2;3;0;2;0;2;4;10;
Channing Frye;F;35:52;5;10;4;7;2;2;1;2;3;1;0;0;3;5;16;
Channing Frye;F;30:18;5;9;4;7;2;2;1;4;5;0;0;0;1;4;16;
Channing Frye;F;22:03;1;6;1;6;4;4;1;4;5;2;0;0;1;4;7;
Channing Frye;F;27:40;5;8;2;4;1;1;0;2;2;1;0;1;0;2;13;
Channing Frye;F;37:57;3;8;1;6;0;0;0;8;8;2;0;2;0;2;7;
Channing Frye;F;24:00;3;8;3;7;0;0;1;2;3;1;2;0;0;1;9;
Channing Frye;F;34:33;6;16;2;11;4;4;1;7;8;1;1;2;2;2;18;
Channing Frye;F;22:58;3;11;1;6;1;2;0;0;0;2;0;0;0;4;8;
Channing Frye;F;35:56;6;13;1;3;0;0;1;4;5;5;0;0;4;4;13;
Channing Frye;F;37:39;6;13;3;8;0;0;0;6;6;2;0;0;2;3;15;
Channing Frye;F;30:34;4;9;3;6;0;0;0;8;8;1;0;1;2;5;11;
Channing Frye;F;34:41;4;7;4;6;3;4;0;7;7;2;0;1;2;3;15;
Channing Frye;F;36:38;7;12;2;7;1;2;1;7;8;1;3;1;0;4;17;
Channing Frye;F;35:24;2;11;2;7;0;0;0;5;5;1;2;1;2;3;6;
Channing Frye;F;25:27;2;6;0;3;0;0;1;2;3;2;0;1;3;5;4;
Channing Frye;F;29:27;3;8;1;4;0;0;2;1;3;2;0;2;0;1;7;
Channing Frye;F;22:46;2;5;2;5;2;2;0;4;4;1;0;0;1;2;8;
Channing Frye;F;20:46;4;7;1;2;0;0;2;2;4;2;1;0;0;3;9;
Channing Frye;F;20:27;2;6;0;1;0;0;2;3;5;1;0;0;2;3;4;
Channing Frye;F;23:10;4;8;1;3;2;2;3;2;5;2;0;1;2;0;11;
Channing Frye;F;30:06;6;11;2;4;2;2;1;3;4;1;1;0;3;4;16;
Channing Frye;F;36:48;4;11;2;6;0;0;0;3;3;3;3;0;0;6;10;
Channing Frye;F;35:49;5;14;4;10;3;4;3;3;6;2;1;0;0;3;17;
Channing Frye;F;32:44;1;9;0;4;2;2;0;5;5;2;1;2;1;2;4;
Channing Frye;F;28:49;3;7;1;4;2;2;1;3;4;3;0;3;1;3;9;
Channing Frye;F;19:23;3;9;1;3;0;0;4;2;6;0;0;0;1;3;7;
Channing Frye;F;21:39;5;10;2;5;0;0;0;5;5;1;0;3;2;1;12;
Channing Frye;F;22:52;1;6;0;4;0;0;0;4;4;1;2;1;1;2;2;
Channing Frye;F;15:06;3;5;0;1;0;0;1;2;3;0;0;0;2;4;6;
Channing Frye;F;39:54;7;12;4;9;0;0;0;7;7;0;0;1;1;4;18;
Channing Frye;F;23:47;4;9;2;6;0;0;0;3;3;2;2;0;1;1;10;
Channing Frye;F;30:35;0;4;0;4;3;4;1;5;6;1;2;2;0;4;3;
Channing Frye;F;19:04;1;7;0;4;0;0;0;6;6;1;0;0;0;1;2;
Channing Frye;F;30:43;4;9;4;8;2;2;1;2;3;1;0;1;1;5;14;
Channing Frye;F;18:58;1;6;0;5;0;0;0;4;4;1;0;0;1;2;2;
Channing Frye;F;18:25;1;5;0;3;0;0;0;2;2;0;0;0;0;4;2;
Channing Frye;F;25:45;2;8;0;3;0;0;0;5;5;1;1;1;1;2;4;
Channing Frye;F;33:32;5;9;1;4;2;2;1;5;6;1;0;0;1;1;13;
Channing Frye;F;34:30;7;13;5;6;2;2;0;6;6;0;1;1;1;3;21;
Channing Frye;F;30:02;5;12;2;9;2;2;1;4;5;1;0;1;0;3;14;
Channing Frye;F;20:30;2;6;1;3;0;0;0;4;4;1;1;0;0;3;5;
Channing Frye;F;22:22;3;7;1;5;0;0;0;3;3;0;1;0;1;4;7;
Channing Frye;F;22:15;2;7;0;1;0;0;1;3;4;1;1;2;1;2;4;
Channing Frye;F;33:44;7;14;3;8;2;2;0;5;5;0;1;2;2;4;19;
Channing Frye;F;18:53;2;6;0;2;0;0;0;3;3;0;1;0;1;3;4;
Channing Frye;C;19:47;1;4;1;2;0;0;0;4;4;0;0;0;0;1;3;
Channing Frye;F;30:28;2;10;1;4;2;2;2;7;9;0;1;0;1;2;7;
Channing Frye;F;20:24;1;6;0;2;1;2;1;4;5;0;2;1;2;4;3;
Channing Frye;F;26:11;1;6;0;3;0;0;1;4;5;0;0;0;1;4;2;
Channing Frye;F;28:39;4;8;2;4;3;3;1;4;5;1;1;1;0;4;13;
Channing Frye;F;30:12;7;13;3;6;0;0;4;5;9;1;0;1;1;3;17;
Channing Frye;F;16:23;0;2;0;1;0;0;0;1;1;0;0;2;1;2;0;
Channing Frye;F;27:49;6;10;5;7;3;4;0;3;3;1;2;1;0;4;20;
Channing Frye;F;33:06;6;15;2;9;0;1;1;6;7;1;1;2;2;3;14;
Channing Frye;F;31:31;6;12;4;8;0;0;1;7;8;3;3;0;1;3;16;
Channing Frye;F;41:12;10;12;3;5;2;2;1;8;9;2;1;2;0;3;25;
Channing Frye;F;22:25;5;7;3;5;0;0;1;1;2;1;0;1;0;4;13;
Channing Frye;F;33:41;7;12;3;6;0;0;3;3;6;2;1;0;1;4;17;
Channing Frye;F;24:17;3;5;2;4;0;0;0;7;7;2;0;0;1;4;8;
Channing Frye;F;33:04;6;12;2;6;0;0;0;6;6;3;2;1;0;4;14;
Channing Frye;F;17:37;1;4;0;1;0;0;1;3;4;1;1;0;1;4;2;
Channing Frye;F;26:37;5;10;1;4;0;0;1;3;4;2;0;0;0;1;11;
Channing Frye;F;36:38;3;8;3;6;2;2;1;4;5;0;0;2;3;3;11;
Channing Frye;F;31:23;7;12;5;7;1;2;0;5;5;0;0;0;2;5;20;
Channing Frye;F;26:15;8;11;4;4;2;2;0;5;5;1;2;1;4;3;22;
Channing Frye;F;21:29;1;6;0;2;1;2;1;5;6;1;2;0;1;1;3;
Channing Frye;F;25:55;6;14;4;6;2;2;4;4;8;0;0;0;1;3;18;
Channing Frye;F;27:19;3;10;1;8;0;0;0;8;8;2;0;2;1;1;7;
Channing Frye;F;20:30;3;9;1;5;2;2;1;1;2;2;0;0;1;1;9;
Channing Frye;F;26:19;4;9;0;3;0;0;3;8;11;4;1;2;2;5;8;
Channing Frye;F;20:58;4;10;4;7;0;0;1;2;3;3;2;2;0;1;12;
