╔═══════════════╤═══════════════════════╗
║Name		│Chandler Parsons	║
╟───────────────┼───────────────────────╢
║Number		│25			║
╟───────────────┼───────────────────────╢
║Position	│F			║
╟───────────────┼───────────────────────╢
║Height		│6-9			║
╟───────────────┼───────────────────────╢
║Weight		│227			║
╟───────────────┼───────────────────────╢
║Birth		│OCT 25, 1988		║
╟───────────────┼───────────────────────╢
║Age		│25			║
╟───────────────┼───────────────────────╢
║Exp		│2			║
╟───────────────┼───────────────────────╢
║School		│Florida		║
╚═══════════════╧═══════════════════════╝
Chandler Parsons;F;44:21;6;13;1;5;4;5;1;10;11;2;3;0;2;2;17;
Chandler Parsons;F;39:07;5;13;2;3;2;2;0;7;7;4;1;0;1;3;14;
Chandler Parsons;F;45:08;6;15;2;4;3;4;0;8;8;4;3;1;3;1;17;
Chandler Parsons;F;42:45;4;13;3;9;3;6;0;4;4;2;1;0;4;5;14;
Chandler Parsons;F;36:59;3;10;1;5;1;2;1;7;8;2;1;1;3;1;8;
Chandler Parsons;F;42:13;12;19;3;5;4;4;2;8;10;7;0;2;1;1;31;
Chandler Parsons;F;34:53;7;15;3;7;2;2;4;6;10;4;0;0;2;0;19;
Chandler Parsons;F;43:01;11;17;10;14;2;2;2;2;4;1;0;0;2;3;34;
Chandler Parsons;F;36:14;5;16;1;6;0;0;1;4;5;2;1;0;1;1;11;
Chandler Parsons;F;37:13;3;11;0;2;0;0;2;4;6;4;0;0;0;2;6;
Chandler Parsons;F;38:39;9;17;2;6;6;9;1;3;4;5;1;0;2;5;26;
Chandler Parsons;F;19:22;3;7;1;4;0;0;0;0;0;0;0;0;2;0;7;
Chandler Parsons;F;41:02;8;12;3;3;0;0;1;6;7;6;2;0;0;1;19;
Chandler Parsons;F;35:26;3;8;2;5;0;0;1;2;3;4;2;0;2;1;8;
Chandler Parsons;F;29:53;9;14;0;2;2;2;0;3;3;6;1;0;1;4;20;
Chandler Parsons;F;37:18;7;15;2;4;2;4;5;7;12;6;1;0;2;3;18;
Chandler Parsons;F;30:58;8;14;2;3;0;0;1;4;5;2;2;0;2;1;18;
Chandler Parsons;F;46:30;8;24;3;10;2;3;2;6;8;5;1;1;3;2;21;
Chandler Parsons;F;39:25;5;12;1;4;2;2;1;5;6;7;2;0;2;1;13;
Chandler Parsons;F;29:44;3;8;1;3;3;3;0;8;8;4;0;0;3;2;10;
Chandler Parsons;F;31:30;3;13;1;5;0;0;1;4;5;3;1;0;2;1;7;
Chandler Parsons;F;38:20;5;10;0;3;0;0;1;3;4;8;0;0;3;2;10;
Chandler Parsons;F;40:39;8;20;2;6;1;3;2;4;6;7;1;0;2;2;19;
Chandler Parsons;F;35:10;4;12;1;4;2;2;2;3;5;6;0;0;1;1;11;
Chandler Parsons;F;48:59;7;15;0;3;2;2;1;6;7;3;2;1;1;5;16;
Chandler Parsons;F;45:54;6;17;3;7;4;4;1;5;6;4;2;0;2;2;19;
Chandler Parsons;F;25:48;1;11;0;2;0;0;1;1;2;1;0;0;3;3;2;
Chandler Parsons;F;37:54;4;9;0;1;1;2;0;1;1;5;4;0;2;2;9;
Chandler Parsons;F;28:51;3;5;0;2;0;0;0;2;2;7;1;2;1;3;6;
Chandler Parsons;F;33:49;8;15;2;5;1;1;0;9;9;5;2;0;2;1;19;
Chandler Parsons;F;38:25;7;17;2;7;0;0;0;4;4;6;0;2;1;1;16;
Chandler Parsons;F;38:03;3;11;2;4;3;4;1;3;4;4;0;1;2;2;11;
Chandler Parsons;F;39:10;7;14;2;4;0;0;0;5;5;7;2;0;2;2;16;
Chandler Parsons;F;46:01;9;19;1;5;9;11;1;8;9;2;1;0;2;3;28;
Chandler Parsons;F;41:17;7;15;2;7;0;2;0;8;8;4;1;0;2;2;16;
Chandler Parsons;F;35:38;8;16;1;3;3;3;1;6;7;3;2;0;4;4;20;
Chandler Parsons;F;41:07;5;17;3;9;10;11;1;5;6;3;2;0;1;4;23;
Chandler Parsons;F;42:14;5;11;2;6;3;5;2;1;3;3;2;1;3;3;15;
Chandler Parsons;F;31:34;8;13;2;6;1;2;1;2;3;8;2;1;1;2;19;
Chandler Parsons;F;22:35;5;13;2;4;4;4;1;2;3;4;1;0;2;4;16;
Chandler Parsons;F;42:38;11;19;4;8;1;2;2;5;7;7;4;0;3;2;27;
Chandler Parsons;F;39:37;7;17;2;7;5;7;1;6;7;4;0;0;0;1;21;
Chandler Parsons;F;39:28;4;11;0;3;2;4;0;5;5;3;1;1;0;2;10;
Chandler Parsons;F;35:22;3;8;0;5;3;6;2;5;7;2;1;0;3;1;9;
Chandler Parsons;F;42:17;8;14;2;4;6;6;2;10;12;6;0;1;4;5;24;
Chandler Parsons;F;35:51;6;13;1;3;1;2;0;2;2;4;2;1;3;1;14;
Chandler Parsons;F;32:53;4;11;0;3;1;1;0;6;6;1;2;0;1;4;9;
Chandler Parsons;F;36:44;6;11;1;3;3;4;0;3;3;1;1;0;1;1;16;
Chandler Parsons;F;37:39;9;15;2;5;3;3;0;8;8;3;1;0;3;4;23;
Chandler Parsons;F;46:54;7;16;1;5;3;3;0;5;5;5;1;1;2;5;18;
Chandler Parsons;F;42:32;9;19;1;5;3;6;3;3;6;7;0;4;5;4;22;
Chandler Parsons;F;36:37;7;11;2;5;6;6;0;2;2;2;2;0;0;2;22;
Chandler Parsons;F;34:04;8;13;1;2;3;3;2;4;6;3;1;0;3;0;20;
Chandler Parsons;F;29:52;4;8;1;3;2;3;0;1;1;6;0;1;0;1;11;
Chandler Parsons;F;37:51;7;10;4;5;3;4;1;4;5;11;4;0;2;3;21;
Chandler Parsons;F;36:45;6;14;1;4;1;2;0;6;6;4;0;1;3;0;14;
Chandler Parsons;F;36:36;8;9;1;2;0;0;0;3;3;1;0;0;3;2;17;
Chandler Parsons;F;37:25;6;11;2;6;0;0;0;5;5;4;0;0;2;2;14;
Chandler Parsons;F;26:48;7;7;6;6;1;2;0;6;6;3;2;0;1;1;21;
Chandler Parsons;F;40:29;9;21;4;8;3;4;0;3;3;5;2;1;3;3;25;
Chandler Parsons;F;34:15;3;13;2;5;0;0;1;3;4;5;3;0;2;5;8;
Chandler Parsons;F;38:31;7;12;3;6;1;5;0;4;4;4;0;0;3;3;18;
Chandler Parsons;F;37:57;6;18;2;4;0;0;2;3;5;2;0;0;0;3;14;
Chandler Parsons;F;32:59;9;14;2;4;3;3;0;1;1;3;3;1;2;3;23;
Chandler Parsons;F;40:54;7;15;0;2;5;6;4;3;7;5;2;1;3;4;19;
Chandler Parsons;F;35:41;8;14;3;4;0;1;2;7;9;3;0;1;2;2;19;
Chandler Parsons;F;33:29;6;8;0;1;2;6;2;1;3;2;2;1;1;3;14;
Chandler Parsons;F;43:15;9;15;1;4;1;1;0;7;7;3;1;0;2;2;20;
Chandler Parsons;F;43:35;8;15;1;4;4;4;0;5;5;2;1;0;4;2;21;
Chandler Parsons;F;39:50;8;14;5;9;0;0;0;6;6;6;0;0;1;2;21;
Chandler Parsons;F;43:51;5;12;0;4;5;6;0;11;11;5;1;0;2;1;15;
Chandler Parsons;F;40:07;6;10;1;2;6;6;1;6;7;4;2;0;0;0;19;
Chandler Parsons;F;33:30;5;12;2;6;3;3;1;1;2;1;0;0;0;1;15;
Chandler Parsons;F;40:09;5;11;1;7;2;6;1;4;5;1;1;1;3;4;13;
