╔═══════════════╤═══════════════╗
║Name		│Charles Hayes	║
╟───────────────┼───────────────╢
║Number		│44		║
╟───────────────┼───────────────╢
║Position	│F		║
╟───────────────┼───────────────╢
║Height		│6-6		║
╟───────────────┼───────────────╢
║Weight		│250		║
╟───────────────┼───────────────╢
║Birth		│JUN 11, 1983	║
╟───────────────┼───────────────╢
║Age		│31		║
╟───────────────┼───────────────╢
║Exp		│8		║
╟───────────────┼───────────────╢
║School		│Kentucky	║
╚═══════════════╧═══════════════╝
Charles Hayes;;10:36;1;2;0;0;0;0;0;2;2;1;0;0;0;3;2;
Charles Hayes;;11:35;1;2;0;0;0;0;0;2;2;0;1;0;0;1;2;
Charles Hayes;;16:33;2;4;0;0;1;1;3;4;7;1;0;0;1;5;5;
Charles Hayes;;13:45;1;3;0;0;2;2;1;1;2;0;0;0;1;1;4;
Charles Hayes;;15:03;1;4;0;0;0;0;2;2;4;1;1;0;0;0;2;
Charles Hayes;;16:08;1;3;0;0;0;0;1;5;6;0;0;0;0;2;2;
Charles Hayes;;19:17;0;1;0;0;0;0;3;6;9;1;0;0;1;1;0;
Charles Hayes;;23:14;2;2;0;0;3;3;1;5;6;1;0;1;1;2;7;
Charles Hayes;;25:34;5;9;0;0;2;2;5;8;13;0;1;0;3;4;12;
Charles Hayes;;16:30;0;0;0;0;0;0;1;4;5;1;3;0;0;2;0;
Charles Hayes;;22:33;1;4;0;0;0;0;3;5;8;1;0;1;1;4;2;
Charles Hayes;;13:05;0;1;0;0;2;2;1;4;5;0;0;0;1;3;2;
Charles Hayes;;12:25;1;2;0;0;0;2;2;3;5;1;0;0;2;3;2;
Charles Hayes;;12:19;1;6;0;0;0;0;3;4;7;1;0;0;0;1;2;
Charles Hayes;;12:05;1;2;0;0;0;0;0;2;2;1;0;0;0;2;2;
Charles Hayes;;13:21;1;3;0;1;0;0;2;1;3;2;0;0;0;2;2;
Charles Hayes;;16:16;2;2;0;0;0;0;2;1;3;0;0;0;1;1;4;
Charles Hayes;;17:22;2;3;0;0;1;1;2;3;5;3;2;0;0;6;5;
Charles Hayes;;2:54;0;0;0;0;0;0;0;1;1;0;0;0;0;2;0;
Charles Hayes;;6:52;0;1;0;0;0;0;0;0;0;0;2;0;0;1;0;
Charles Hayes;;2:24;1;1;0;0;0;0;0;0;0;0;1;0;1;0;2;
Charles Hayes;;5:55;0;0;0;0;0;0;0;1;1;0;0;0;0;0;0;
Charles Hayes;;0:23;0;0;0;0;0;0;0;0;0;0;0;0;0;0;0;
Charles Hayes;;10:48;0;1;0;0;0;0;0;4;4;0;2;0;0;2;0;
Charles Hayes;;12:03;1;3;0;0;1;2;2;1;3;1;0;0;2;1;3;
Charles Hayes;;7:08;1;1;0;0;0;0;0;1;1;0;0;0;1;0;2;
Charles Hayes;;18:17;0;3;0;0;0;0;3;5;8;2;2;0;1;0;0;
Charles Hayes;;6:36;1;1;0;0;0;0;0;2;2;0;0;0;1;2;2;
Charles Hayes;;4:16;1;1;0;0;0;0;0;0;0;0;0;0;0;2;2;
Charles Hayes;;17:02;1;1;0;0;0;0;0;2;2;0;0;0;1;4;2;
Charles Hayes;;17:33;2;6;0;0;1;1;4;4;8;2;1;1;0;3;5;
Charles Hayes;;11:45;2;3;0;0;0;0;0;3;3;2;1;1;0;0;4;
Charles Hayes;;15:23;2;4;0;0;2;2;1;3;4;0;1;0;0;2;6;
Charles Hayes;;26:57;0;4;0;0;0;0;3;3;6;1;1;3;1;2;0;
Charles Hayes;;27:07;3;3;0;0;0;0;0;3;3;2;3;0;2;3;6;
Charles Hayes;;9:35;0;2;0;0;0;0;1;2;3;1;0;0;0;1;0;
Charles Hayes;;5:49;0;0;0;0;0;0;0;1;1;0;0;0;0;0;0;
Charles Hayes;;17:11;3;4;0;0;0;0;0;3;3;2;0;2;0;0;6;
Charles Hayes;;15:48;0;2;0;0;0;0;1;3;4;1;0;1;1;3;0;
Charles Hayes;;7:25;0;0;0;0;0;0;0;0;0;0;1;0;1;1;0;
Charles Hayes;;6:34;0;0;0;0;0;0;0;1;1;0;0;0;0;2;0;
Charles Hayes;;14:05;1;3;0;0;0;0;2;8;10;0;0;0;0;2;2;
Charles Hayes;;13:09;0;0;0;0;0;0;0;1;1;0;0;0;2;0;0;
Charles Hayes;;10:56;0;0;0;0;0;0;2;2;4;0;1;1;2;0;0;
Charles Hayes;;11:56;0;1;0;0;0;0;1;2;3;0;0;0;1;2;0;
Charles Hayes;;16:25;1;4;0;0;1;2;0;1;1;0;1;0;0;0;3;
Charles Hayes;;12:43;0;1;0;0;0;0;0;0;0;1;2;0;0;2;0;
Charles Hayes;;7:04;0;2;0;0;0;0;2;0;2;1;0;0;0;0;0;
Charles Hayes;;3:21;0;1;0;0;0;0;0;0;0;0;0;0;0;0;0;
Charles Hayes;;7:40;0;0;0;0;0;0;1;2;3;1;0;0;0;2;0;
Charles Hayes;;8:08;1;3;0;0;1;2;2;1;3;0;1;0;0;2;3;
Charles Hayes;;11:29;0;2;0;0;0;0;2;1;3;0;1;0;1;3;0;
Charles Hayes;;2:48;1;1;0;0;0;0;0;0;0;0;0;0;0;0;2;
Charles Hayes;;7:56;1;1;0;0;0;0;0;0;0;0;2;0;1;1;2;
Charles Hayes;;5:46;1;2;0;0;0;0;2;0;2;1;0;0;0;0;2;
Charles Hayes;;20:59;2;2;0;0;0;0;1;4;5;0;0;0;1;3;4;
Charles Hayes;C;17:30;3;3;0;0;0;0;3;6;9;0;2;0;0;0;6;
Charles Hayes;;15:08;2;3;0;0;2;2;1;3;4;0;1;0;0;2;6;
Charles Hayes;;19:09;2;6;0;0;1;1;3;5;8;2;0;1;1;1;5;
Charles Hayes;;1:53;0;1;0;0;0;0;0;0;0;0;0;0;0;0;0;
Charles Hayes;;1:57;0;0;0;0;0;0;0;0;0;0;0;0;0;1;0;
