╔═══════════════╤═══════════════════════╗
║Name		│Charlie Villanueva	║
╟───────────────┼───────────────────────╢
║Number		│31			║
╟───────────────┼───────────────────────╢
║Position	│F			║
╟───────────────┼───────────────────────╢
║Height		│6-11			║
╟───────────────┼───────────────────────╢
║Weight		│232			║
╟───────────────┼───────────────────────╢
║Birth		│AUG 24, 1984		║
╟───────────────┼───────────────────────╢
║Age		│29			║
╟───────────────┼───────────────────────╢
║Exp		│8			║
╟───────────────┼───────────────────────╢
║School		│Connecticut		║
╚═══════════════╧═══════════════════════╝
Charlie Villanueva;;10:20;2;6;0;1;1;2;2;1;3;1;0;0;0;0;5;
Charlie Villanueva;;11:26;1;4;0;3;0;1;0;1;1;0;0;0;1;1;2;
Charlie Villanueva;;7:59;2;5;1;4;0;0;0;2;2;1;0;0;0;1;5;
Charlie Villanueva;;9:57;2;5;1;3;0;0;1;1;2;1;0;0;1;0;5;
Charlie Villanueva;;6:13;1;3;0;2;0;0;0;1;1;0;0;0;0;0;2;
Charlie Villanueva;;4:44;1;3;0;1;1;2;0;1;1;0;1;0;0;0;3;
Charlie Villanueva;;8:06;1;2;0;1;0;0;0;2;2;0;0;0;0;2;2;
Charlie Villanueva;;12:14;3;5;2;3;1;2;1;3;4;0;0;0;0;1;9;
Charlie Villanueva;;16:42;5;13;3;9;0;0;1;3;4;1;0;0;0;5;13;
Charlie Villanueva;;7:32;0;2;0;2;0;0;0;1;1;0;0;1;0;1;0;
Charlie Villanueva;;5:40;0;2;0;1;0;0;0;0;0;0;0;0;0;2;0;
Charlie Villanueva;;5:25;1;3;0;2;0;0;0;0;0;0;0;0;0;0;2;
Charlie Villanueva;;12:16;3;6;2;4;0;0;1;2;3;0;0;2;0;2;8;
Charlie Villanueva;;12:55;5;9;2;5;0;0;0;2;2;0;1;0;0;0;12;
Charlie Villanueva;;4:12;0;1;0;1;0;0;0;0;0;0;0;0;1;0;0;
Charlie Villanueva;;3:36;1;3;0;1;0;0;0;1;1;0;0;0;0;0;2;
Charlie Villanueva;;14:05;4;8;2;6;0;0;0;2;2;2;1;0;0;0;10;
Charlie Villanueva;;8:02;1;2;1;2;0;0;0;1;1;0;0;0;0;0;3;
Charlie Villanueva;;5:01;2;5;0;1;2;3;0;0;0;0;0;1;0;1;6;
Charlie Villanueva;;13:15;0;5;0;4;3;4;0;4;4;0;1;1;4;0;3;
