╔═══════════════╤═══════════════╗
║Name		│Chase Budinger	║
╟───────────────┼───────────────╢
║Number		│10		║
╟───────────────┼───────────────╢
║Position	│F		║
╟───────────────┼───────────────╢
║Height		│6-7		║
╟───────────────┼───────────────╢
║Weight		│209		║
╟───────────────┼───────────────╢
║Birth		│MAY 22, 1988	║
╟───────────────┼───────────────╢
║Age		│26		║
╟───────────────┼───────────────╢
║Exp		│4		║
╟───────────────┼───────────────╢
║School		│Arizona	║
╚═══════════════╧═══════════════╝
Chase Budinger;;10:51;2;3;1;2;1;2;0;1;1;0;1;0;1;1;6;
Chase Budinger;;15:54;4;9;0;3;0;0;0;2;2;1;0;0;0;3;8;
Chase Budinger;;20:57;2;8;1;2;0;0;1;3;4;1;0;0;0;2;5;
Chase Budinger;;13:24;1;4;1;2;0;0;0;0;0;2;1;0;0;1;3;
Chase Budinger;;17:21;0;4;0;2;0;0;0;0;0;1;0;0;2;1;0;
Chase Budinger;;16:08;1;5;1;2;0;0;0;1;1;0;0;0;2;0;3;
Chase Budinger;;12:39;0;4;0;0;0;0;0;1;1;2;0;0;1;1;0;
Chase Budinger;;14:48;2;5;1;4;0;0;0;2;2;0;0;0;0;1;5;
Chase Budinger;;23:45;2;7;1;3;1;2;0;4;4;0;0;0;0;1;6;
Chase Budinger;;19:36;5;7;2;2;0;0;0;4;4;1;0;0;0;0;12;
Chase Budinger;;14:38;1;5;1;2;0;0;0;2;2;1;0;0;0;2;3;
Chase Budinger;;17:52;1;5;1;5;0;0;0;2;2;1;0;0;0;2;3;
Chase Budinger;;13:30;1;3;0;0;0;0;1;0;1;1;0;0;0;0;2;
Chase Budinger;;7:18;2;2;1;1;0;0;0;3;3;0;0;0;1;2;5;
Chase Budinger;;21:23;2;6;1;4;2;2;1;2;3;0;1;0;2;3;7;
Chase Budinger;;13:41;1;4;0;2;0;0;0;1;1;0;0;0;0;0;2;
Chase Budinger;G;29:00;6;12;3;6;4;5;1;4;5;1;1;0;3;0;19;
Chase Budinger;G;27:47;5;14;1;3;4;4;4;3;7;0;0;0;1;2;15;
Chase Budinger;G;26:36;4;13;3;7;1;2;0;1;1;1;2;0;0;2;12;
Chase Budinger;G;28:22;2;8;1;5;0;0;0;2;2;2;1;0;1;3;5;
Chase Budinger;G;22:49;4;6;3;4;2;2;1;3;4;2;1;0;2;3;13;
Chase Budinger;G;23:54;3;6;2;3;0;0;1;1;2;0;0;0;0;2;8;
Chase Budinger;G;29:48;4;9;1;4;1;2;0;2;2;0;0;0;1;2;10;
Chase Budinger;;13:41;3;6;0;3;0;0;1;1;2;0;0;0;0;2;6;
Chase Budinger;;12:31;1;3;0;2;0;0;0;3;3;0;1;0;0;1;2;
Chase Budinger;;23:24;3;10;1;5;0;0;1;3;4;0;0;0;0;0;7;
Chase Budinger;;15:45;3;5;1;3;0;0;1;2;3;0;0;0;0;3;7;
Chase Budinger;;13:13;1;3;1;2;0;0;1;1;2;0;0;0;0;1;3;
Chase Budinger;;9:31;1;3;0;2;0;0;0;2;2;1;0;0;0;1;2;
Chase Budinger;;15:57;2;4;1;2;0;0;0;1;1;0;1;0;1;2;5;
Chase Budinger;;4:05;0;2;0;2;0;0;0;0;0;0;0;0;0;0;0;
Chase Budinger;;5:28;0;2;0;0;0;0;0;1;1;0;0;0;0;0;0;
Chase Budinger;;26:59;5;14;1;5;0;0;1;1;2;2;1;0;0;3;11;
Chase Budinger;;24:37;3;9;1;3;2;2;0;5;5;2;0;1;1;0;9;
Chase Budinger;;21:46;5;8;2;5;0;0;0;7;7;0;2;0;0;2;12;
Chase Budinger;;23:51;3;7;1;3;4;4;2;3;5;3;2;0;0;1;11;
Chase Budinger;;16:52;2;6;0;2;2;2;0;2;2;1;0;0;2;2;6;
Chase Budinger;;27:14;5;8;1;3;1;1;0;5;5;1;2;1;1;2;12;
Chase Budinger;;15:03;1;5;1;3;0;0;0;1;1;0;0;0;0;0;3;
Chase Budinger;;32:44;6;8;5;7;3;5;2;1;3;4;1;0;2;3;20;
Chase Budinger;G;1:00;0;1;0;0;2;2;0;0;0;0;0;0;0;0;2;
