╔═══════════════╤═══════════════════════╗
║Name		│Chauncey Billups	║
╟───────────────┼───────────────────────╢
║Number		│1			║
╟───────────────┼───────────────────────╢
║Position	│G			║
╟───────────────┼───────────────────────╢
║Height		│6-3			║
╟───────────────┼───────────────────────╢
║Weight		│210			║
╟───────────────┼───────────────────────╢
║Birth		│SEP 25, 1976		║
╟───────────────┼───────────────────────╢
║Age		│37			║
╟───────────────┼───────────────────────╢
║Exp		│16			║
╟───────────────┼───────────────────────╢
║School		│Colorado		║
╚═══════════════╧═══════════════════════╝
Chauncey Billups;;13:56;1;2;0;1;0;0;0;0;0;0;0;0;2;3;2;
Chauncey Billups;;7:56;0;3;0;3;0;0;0;0;0;1;0;0;1;2;0;
Chauncey Billups;;7:23;1;3;1;2;0;0;1;0;1;0;0;0;0;0;3;
Chauncey Billups;;9:08;1;4;0;0;0;0;0;1;1;2;0;0;2;1;2;
Chauncey Billups;G;30:38;4;8;4;5;4;4;1;2;3;5;1;0;1;3;16;
Chauncey Billups;G;31:48;1;7;1;5;2;4;1;0;1;6;0;1;2;4;5;
Chauncey Billups;G;20:44;2;4;1;3;0;0;0;4;4;2;2;0;2;2;5;
Chauncey Billups;G;23:55;2;5;0;3;0;0;0;3;3;1;0;0;1;0;4;
Chauncey Billups;G;28:22;1;6;1;5;0;0;0;5;5;2;2;0;3;1;3;
Chauncey Billups;G;14:14;2;5;0;0;0;0;0;1;1;0;0;0;1;1;4;
Chauncey Billups;G;5:40;0;1;0;0;0;0;0;0;0;1;0;0;0;0;0;
Chauncey Billups;;17:50;2;7;1;3;2;2;0;0;0;5;0;0;0;3;7;
Chauncey Billups;;13:20;0;1;0;1;0;0;0;1;1;5;0;0;1;0;0;
Chauncey Billups;;16:37;2;6;0;3;2;2;1;3;4;4;0;0;1;0;6;
Chauncey Billups;;19:13;2;5;2;5;0;0;0;1;1;1;2;0;2;2;6;
Chauncey Billups;;13:01;1;4;1;3;0;0;0;1;1;3;0;0;3;1;3;
Chauncey Billups;;15:55;1;3;1;3;0;0;0;1;1;2;0;0;1;0;3;
Chauncey Billups;;7:52;1;3;1;1;0;0;0;0;0;1;1;0;1;0;3;
Chauncey Billups;;11:56;0;2;0;2;0;0;0;1;1;1;0;0;1;2;0;
