╔═══════════════╤═══════════════╗
║Name		│Chris Johnson	║
╟───────────────┼───────────────╢
║Number		│12		║
╟───────────────┼───────────────╢
║Position	│F-G		║
╟───────────────┼───────────────╢
║Height		│6-6		║
╟───────────────┼───────────────╢
║Weight		│201		║
╟───────────────┼───────────────╢
║Birth		│APR 29, 1990	║
╟───────────────┼───────────────╢
║Age		│24		║
╟───────────────┼───────────────╢
║Exp		│1		║
╟───────────────┼───────────────╢
║School		│Dayton		║
╚═══════════════╧═══════════════╝
Chris Johnson;;24:57;4;7;2;5;1;1;2;1;3;1;1;0;0;1;11;
Chris Johnson;;29:35;3;9;1;6;2;2;0;2;2;1;4;0;2;2;9;
Chris Johnson;;24:04;3;7;0;3;2;2;1;3;4;1;0;0;0;4;8;
Chris Johnson;;27:57;4;6;2;3;2;2;2;2;4;1;1;0;0;5;12;
Chris Johnson;;22:18;4;7;4;7;0;0;0;1;1;1;0;0;2;0;12;
Chris Johnson;;21:32;2;7;2;3;0;0;0;5;5;4;1;0;1;1;6;
Chris Johnson;;18:57;1;3;1;2;0;0;2;1;3;0;0;0;1;1;3;
Chris Johnson;;3:09;0;1;0;1;0;0;0;0;0;0;0;0;0;2;0;
Chris Johnson;;20:37;2;6;1;3;0;0;1;0;1;0;1;0;0;2;5;
Chris Johnson;;14:57;4;7;4;4;2;2;3;0;3;1;1;1;0;2;14;
Chris Johnson;;24:05;2;5;1;2;0;0;1;3;4;1;0;0;0;3;5;
Chris Johnson;;13:49;0;1;0;1;0;0;0;0;0;1;0;0;0;0;0;
Chris Johnson;;17:15;2;3;2;2;1;2;0;1;1;0;0;0;0;1;7;
Chris Johnson;;13:35;2;5;0;2;0;0;0;2;2;1;1;0;0;0;4;
Chris Johnson;;26:00;2;5;2;5;0;0;1;3;4;0;1;0;0;3;6;
Chris Johnson;;7:39;2;7;0;4;0;0;0;1;1;0;0;0;0;0;4;
Chris Johnson;;25:27;1;7;1;5;2;2;3;4;7;2;1;0;1;3;5;
Chris Johnson;;18:49;1;3;1;2;0;0;0;1;1;0;0;1;0;3;3;
Chris Johnson;;25:49;2;8;1;4;0;0;1;1;2;1;1;0;1;0;5;
Chris Johnson;;7:34;0;1;0;0;2;2;0;1;1;1;0;0;0;1;2;
Chris Johnson;;11:13;2;5;2;3;0;0;0;0;0;2;0;0;1;2;6;
Chris Johnson;;28:06;6;8;2;4;0;0;1;2;3;0;2;0;0;2;14;
Chris Johnson;;29:08;2;5;1;3;0;0;1;3;4;2;0;0;0;3;5;
Chris Johnson;;27:22;3;7;1;4;4;4;0;3;3;1;0;1;3;2;11;
Chris Johnson;;12:50;3;4;2;3;0;0;0;0;0;0;0;0;0;0;8;
Chris Johnson;;20:16;3;5;1;3;2;2;1;4;5;1;0;0;1;1;9;
Chris Johnson;;7:22;0;1;0;1;0;0;0;1;1;0;0;0;1;1;0;
Chris Johnson;;10:05;0;2;0;2;0;0;0;1;1;0;1;0;0;0;0;
Chris Johnson;;26:16;5;8;1;3;2;4;0;1;1;0;1;1;1;1;13;
Chris Johnson;;17:57;2;3;0;1;2;2;0;2;2;0;0;0;1;4;6;
Chris Johnson;;14:30;0;4;0;2;0;0;0;1;1;1;0;0;0;2;0;
Chris Johnson;;35:05;1;7;0;3;3;4;1;1;2;0;2;0;0;1;5;
Chris Johnson;;32:51;3;10;2;6;0;0;3;5;8;1;1;0;1;1;8;
Chris Johnson;;19:23;2;11;1;7;4;4;3;1;4;0;0;0;0;3;9;
Chris Johnson;;11:32;0;2;0;1;0;0;0;0;0;0;0;0;1;1;0;
Chris Johnson;;14:26;3;6;1;3;3;3;1;0;1;1;0;0;1;1;10;
Chris Johnson;;14:03;0;1;0;1;0;0;0;1;1;0;0;0;1;2;0;
Chris Johnson;;22:38;2;7;0;4;3;4;1;3;4;2;1;0;0;1;7;
Chris Johnson;;16:50;3;6;2;4;0;0;0;3;3;0;2;0;2;1;8;
Chris Johnson;;29:13;4;7;2;5;0;1;2;2;4;3;4;0;0;0;10;
