╔═══════════════╤═══════════════╗
║Name		│Chris Bosh	║
╟───────────────┼───────────────╢
║Number		│1		║
╟───────────────┼───────────────╢
║Position	│C-F		║
╟───────────────┼───────────────╢
║Height		│6-11		║
╟───────────────┼───────────────╢
║Weight		│235		║
╟───────────────┼───────────────╢
║Birth		│MAR 24, 1984	║
╟───────────────┼───────────────╢
║Age		│30		║
╟───────────────┼───────────────╢
║Exp		│10		║
╟───────────────┼───────────────╢
║School		│Georgia Tech	║
╚═══════════════╧═══════════════╝
Chris Bosh;C;33:45;6;16;1;2;6;7;0;4;4;0;1;0;1;1;19;
Chris Bosh;C;31:08;9;9;0;0;2;3;0;6;6;0;1;1;0;1;20;
Chris Bosh;C;33:08;2;9;0;2;4;4;3;8;11;1;0;0;1;3;8;
Chris Bosh;C;34:11;3;7;1;2;5;5;2;7;9;3;0;0;0;2;12;
Chris Bosh;C;37:28;3;10;0;1;0;0;1;8;9;4;0;0;2;0;6;
Chris Bosh;C;38:42;4;8;0;1;2;2;4;6;10;1;0;1;2;3;10;
Chris Bosh;C;35:54;10;19;3;6;3;3;3;4;7;2;1;0;0;2;26;
Chris Bosh;C;32:42;11;18;0;0;3;4;3;3;6;4;2;5;3;2;25;
Chris Bosh;C;37:13;10;16;3;6;2;3;2;5;7;0;0;0;3;3;25;
Chris Bosh;C;34:08;7;18;2;6;5;6;0;7;7;2;0;0;4;5;21;
Chris Bosh;C;34:20;7;10;2;3;0;0;0;6;6;0;0;1;2;1;16;
Chris Bosh;C;33:36;15;22;1;3;0;0;2;4;6;0;0;1;0;1;31;
Chris Bosh;C;25:36;9;10;1;2;5;5;1;4;5;3;1;0;1;1;24;
Chris Bosh;C;36:12;7;14;1;4;3;4;1;8;9;1;0;0;2;1;18;
Chris Bosh;C;37:23;2;11;0;3;0;0;0;10;10;0;1;1;0;1;4;
Chris Bosh;C;34:38;5;8;1;2;6;7;3;4;7;1;1;0;3;3;17;
Chris Bosh;C;33:23;6;15;2;6;1;2;1;7;8;4;2;0;0;5;15;
Chris Bosh;C;34:31;3;12;0;3;7;8;2;5;7;1;0;1;0;0;13;
Chris Bosh;C;38:22;8;11;2;2;3;4;2;6;8;1;0;0;2;2;21;
Chris Bosh;C;37:21;8;14;0;1;3;3;1;4;5;2;0;2;4;2;19;
Chris Bosh;C;33:07;8;12;2;4;4;6;0;5;5;1;3;2;3;5;22;
Chris Bosh;C;38:43;6;9;1;2;11;12;0;8;8;3;3;1;3;3;24;
Chris Bosh;F;34:45;10;23;4;9;4;4;3;7;10;0;0;1;0;0;28;
Chris Bosh;C;24:14;3;6;0;1;0;0;1;6;7;0;0;1;0;2;6;
Chris Bosh;C;18:03;5;8;2;3;5;5;0;3;3;0;0;1;1;4;17;
Chris Bosh;C;30:08;6;14;1;3;2;2;1;6;7;0;1;1;0;0;15;
Chris Bosh;C;26:56;1;5;0;2;3;4;0;5;5;0;2;0;1;3;5;
Chris Bosh;C;34:30;10;16;1;2;3;3;2;5;7;1;2;0;3;0;24;
Chris Bosh;C;37:53;6;10;3;5;0;0;0;5;5;1;1;0;0;5;15;
Chris Bosh;C;34:10;10;14;2;3;0;0;1;6;7;1;2;1;0;2;22;
Chris Bosh;C;35:07;9;14;2;4;4;5;1;6;7;1;0;0;2;3;24;
Chris Bosh;C;35:42;4;12;0;4;3;4;3;5;8;1;3;0;4;3;11;
Chris Bosh;F;33:58;7;12;2;6;2;2;1;7;8;0;2;1;1;1;18;
Chris Bosh;F;39:01;8;16;2;5;3;4;0;6;6;1;0;1;2;1;21;
Chris Bosh;C;36:21;3;11;0;4;0;0;0;11;11;1;2;2;0;1;6;
Chris Bosh;F;34:48;4;15;1;6;2;2;1;4;5;0;1;1;4;3;11;
Chris Bosh;F;33:53;5;10;0;3;2;2;0;6;6;3;1;1;2;2;12;
Chris Bosh;F;31:58;5;10;2;3;3;6;0;8;8;0;4;1;0;2;15;
Chris Bosh;F;25:60;3;11;2;6;0;0;0;4;4;1;3;2;1;5;8;
Chris Bosh;F;26:04;6;10;2;3;1;1;1;8;9;3;0;2;0;4;15;
Chris Bosh;C;25:54;4;10;0;2;6;6;3;2;5;3;1;2;1;1;14;
Chris Bosh;C;34:17;8;16;0;4;2;3;1;3;4;2;1;0;1;0;18;
Chris Bosh;C;26:15;7;13;1;4;0;0;0;0;0;2;1;1;2;1;15;
Chris Bosh;C;39:40;7;17;2;5;5;6;3;4;7;1;2;2;4;3;21;
Chris Bosh;C;31:45;5;7;1;3;3;4;2;5;7;0;0;0;3;2;14;
Chris Bosh;C;35:43;5;13;0;4;2;3;2;4;6;1;0;2;2;3;12;
Chris Bosh;C;35:19;6;14;1;3;0;0;1;5;6;0;2;2;4;5;13;
Chris Bosh;C;36:55;4;9;0;2;2;2;1;4;5;0;0;2;0;1;10;
Chris Bosh;C;28:00;5;8;1;4;0;0;0;4;4;2;3;0;5;2;11;
Chris Bosh;C;31:22;6;11;1;2;3;4;1;5;6;0;0;3;1;3;16;
Chris Bosh;C;34:15;8;13;2;3;4;4;3;7;10;1;1;0;4;4;22;
Chris Bosh;C;34:28;4;8;1;2;8;8;0;4;4;1;0;1;3;5;17;
Chris Bosh;C;31:23;8;12;2;3;6;8;3;4;7;2;0;2;2;1;24;
Chris Bosh;C;29:10;4;8;1;2;3;6;2;4;6;1;0;1;0;4;12;
Chris Bosh;C;31:21;7;12;0;2;6;8;1;6;7;1;1;2;0;1;20;
Chris Bosh;C;23:34;3;9;1;2;3;4;1;4;5;3;1;2;1;3;10;
Chris Bosh;C;29:47;4;11;0;1;6;6;1;3;4;0;1;2;0;4;14;
Chris Bosh;C;15:34;3;4;1;2;0;0;0;3;3;0;0;0;2;5;7;
Chris Bosh;C;24:59;8;9;1;1;2;3;1;4;5;0;1;1;0;0;19;
Chris Bosh;C;23:59;7;10;1;2;3;4;2;3;5;0;2;1;2;2;18;
Chris Bosh;C;31:19;6;13;0;1;3;3;0;6;6;0;1;2;2;4;15;
Chris Bosh;C;27:22;2;9;0;0;3;4;0;4;4;0;1;0;2;4;7;
Chris Bosh;C;30:13;3;9;0;3;0;0;0;7;7;2;2;2;2;3;6;
Chris Bosh;C;20:28;2;6;0;0;0;0;0;5;5;1;1;0;1;6;4;
Chris Bosh;C;34:37;8;13;3;4;3;4;1;8;9;0;1;0;1;2;22;
Chris Bosh;C;32:02;5;11;0;2;4;6;2;4;6;0;1;0;2;5;14;
Chris Bosh;C;26:43;4;11;0;0;2;4;0;2;2;1;0;2;1;2;10;
Chris Bosh;C;23:48;4;8;0;1;0;0;0;9;9;1;1;2;0;2;8;
Chris Bosh;C;31:21;5;12;0;4;6;6;1;8;9;3;2;0;2;2;16;
Chris Bosh;C;32:24;6;12;0;3;0;0;1;2;3;1;2;1;2;3;12;
Chris Bosh;C;30:10;10;17;0;0;2;3;2;10;12;1;0;1;0;4;22;
Chris Bosh;C;30:13;8;13;0;1;4;5;2;4;6;1;2;2;0;0;20;
Chris Bosh;C;30:35;5;10;1;3;4;6;0;8;8;2;0;0;2;3;15;
Chris Bosh;C;25:27;11;16;0;0;3;3;2;6;8;1;1;0;3;1;25;
Chris Bosh;C;30:00;5;10;0;0;1;1;2;2;4;0;2;4;2;2;11;
Chris Bosh;C;31:07;9;18;0;2;5;6;4;7;11;2;1;0;0;3;23;
Chris Bosh;C;35:17;8;15;0;2;2;2;1;6;7;1;0;3;4;1;18;
Chris Bosh;C;38:54;15;26;3;3;4;4;4;6;10;1;2;0;2;4;37;
Chris Bosh;C;36:42;8;12;0;0;1;4;1;4;5;0;2;1;2;3;17;
