╔═══════════════╤═══════════════╗
║Name		│Chris Andersen	║
╟───────────────┼───────────────╢
║Number		│11		║
╟───────────────┼───────────────╢
║Position	│F-C		║
╟───────────────┼───────────────╢
║Height		│6-10		║
╟───────────────┼───────────────╢
║Weight		│245		║
╟───────────────┼───────────────╢
║Birth		│JUL 07, 1978	║
╟───────────────┼───────────────╢
║Age		│35		║
╟───────────────┼───────────────╢
║Exp		│11		║
╟───────────────┼───────────────╢
║School		│Blinn J.C.	║
╚═══════════════╧═══════════════╝
Chris Andersen;;17:29;0;1;0;0;2;2;0;2;2;1;0;0;0;1;2;
Chris Andersen;;15:12;1;3;0;1;4;4;2;1;3;0;0;0;2;4;6;
Chris Andersen;;15:53;2;2;0;0;0;0;1;3;4;0;0;0;1;6;4;
Chris Andersen;;23:22;7;7;0;0;1;3;2;5;7;2;1;1;0;2;15;
Chris Andersen;;21:12;1;2;0;0;0;0;1;2;3;1;3;1;1;2;2;
Chris Andersen;;29:06;2;3;0;0;0;2;1;8;9;0;0;1;0;2;4;
Chris Andersen;;17:28;2;4;0;0;4;4;1;1;2;0;0;1;0;2;8;
Chris Andersen;;24:36;5;5;0;0;3;4;3;4;7;0;1;1;2;1;13;
Chris Andersen;;12:53;2;3;0;0;0;0;2;2;4;0;1;1;2;4;4;
Chris Andersen;;16:35;3;4;0;1;2;2;2;3;5;0;0;2;1;2;8;
Chris Andersen;;19:02;4;5;0;0;0;0;4;3;7;0;0;0;0;2;8;
Chris Andersen;;29:22;2;2;0;0;6;9;2;3;5;0;0;2;0;3;10;
Chris Andersen;;21:39;1;2;0;0;0;0;2;1;3;0;2;2;1;1;2;
Chris Andersen;;26:39;4;5;0;0;4;6;2;5;7;0;0;2;0;5;12;
Chris Andersen;;18:28;1;1;0;0;1;2;3;2;5;0;0;0;0;4;3;
Chris Andersen;;17:56;3;5;0;0;0;0;4;2;6;0;1;0;0;4;6;
Chris Andersen;;15:26;3;3;0;0;0;2;1;3;4;0;1;2;0;1;6;
Chris Andersen;;26:49;7;9;1;1;3;3;2;1;3;0;0;1;0;4;18;
Chris Andersen;;20:34;0;0;0;0;0;0;2;6;8;1;0;2;1;3;0;
Chris Andersen;;25:36;3;8;0;2;1;4;3;0;3;1;1;2;2;3;7;
Chris Andersen;;16:41;0;1;0;0;0;0;1;6;7;0;0;2;0;3;0;
Chris Andersen;;19:20;2;3;0;0;1;2;2;3;5;0;0;1;0;3;5;
Chris Andersen;;17:14;3;3;1;1;0;0;0;4;4;0;2;1;1;3;7;
Chris Andersen;;19:57;2;3;0;0;1;1;2;5;7;0;0;5;0;5;5;
Chris Andersen;;17:01;2;3;0;0;2;2;2;4;6;0;1;0;1;4;6;
Chris Andersen;;33:04;1;2;0;0;0;0;2;11;13;0;0;6;0;0;2;
Chris Andersen;;18:22;3;5;0;0;3;3;0;3;3;0;0;2;2;1;9;
Chris Andersen;;18:23;1;2;0;0;2;2;0;6;6;0;1;1;1;1;4;
Chris Andersen;;21:31;6;7;0;1;2;2;2;4;6;0;0;4;0;0;14;
Chris Andersen;;20:58;2;3;0;0;2;2;3;4;7;0;0;1;0;1;6;
Chris Andersen;;21:24;0;2;0;0;3;6;3;5;8;1;0;1;2;3;3;
Chris Andersen;;20:07;6;7;0;0;4;5;6;2;8;0;0;0;0;0;16;
Chris Andersen;;19:11;2;4;0;0;1;1;3;1;4;0;0;1;2;3;5;
Chris Andersen;;15:08;1;1;0;0;3;4;0;2;2;0;2;3;1;3;5;
Chris Andersen;;23:15;4;8;0;0;5;6;5;6;11;0;1;2;1;5;13;
Chris Andersen;;18:43;1;1;0;0;1;2;0;4;4;0;0;3;0;1;3;
Chris Andersen;;21:59;4;6;0;0;5;6;1;5;6;0;1;0;1;1;13;
Chris Andersen;;22:17;3;8;0;0;2;4;5;9;14;0;1;2;0;0;8;
Chris Andersen;;25:12;5;5;0;0;3;3;3;4;7;0;0;2;1;3;13;
Chris Andersen;;17:32;2;4;0;1;4;4;2;5;7;0;1;2;1;1;8;
Chris Andersen;;21:50;4;8;0;0;0;0;5;3;8;0;0;0;1;2;8;
Chris Andersen;;19:21;2;4;0;0;1;2;1;4;5;0;0;0;1;0;5;
Chris Andersen;;16:11;1;4;0;0;3;4;2;4;6;0;0;1;2;4;5;
Chris Andersen;;19:37;1;2;0;0;0;0;1;6;7;0;0;2;1;0;2;
Chris Andersen;;7:05;0;1;0;0;0;0;0;1;1;0;0;1;0;2;0;
Chris Andersen;;16:33;3;5;0;0;0;0;1;7;8;0;2;2;0;2;6;
Chris Andersen;;13:45;0;1;0;0;0;0;0;0;0;1;0;0;3;3;0;
Chris Andersen;;13:35;1;3;0;0;2;3;1;0;1;1;1;0;0;5;4;
Chris Andersen;;16:37;2;3;0;0;4;6;3;2;5;0;0;1;1;2;8;
Chris Andersen;;17:19;3;4;0;0;0;0;1;2;3;0;0;0;2;4;6;
Chris Andersen;;18:50;3;3;0;0;4;5;1;2;3;1;0;1;2;2;10;
Chris Andersen;;16:40;4;5;0;0;2;4;2;2;4;0;0;2;1;0;10;
Chris Andersen;;19:00;4;6;0;0;0;0;3;4;7;2;0;2;2;1;8;
Chris Andersen;;18:13;2;4;0;0;0;0;1;6;7;0;0;0;0;2;4;
Chris Andersen;;23:52;2;2;0;0;6;6;0;7;7;1;1;2;1;2;10;
Chris Andersen;;12:40;0;3;0;0;2;4;2;1;3;0;1;0;0;3;2;
Chris Andersen;;17:44;4;6;0;0;2;2;4;1;5;0;1;2;2;2;10;
Chris Andersen;;16:41;3;4;0;0;0;0;2;2;4;0;0;0;1;3;6;
Chris Andersen;;19:28;5;8;0;0;1;2;2;5;7;0;0;1;0;1;11;
Chris Andersen;;17:47;1;1;0;0;0;0;0;5;5;0;0;2;1;3;2;
Chris Andersen;;18:46;2;3;0;0;1;2;0;4;4;1;0;2;0;3;5;
Chris Andersen;;13:24;1;2;0;0;1;2;0;0;0;0;0;2;1;2;3;
Chris Andersen;;15:58;2;5;0;1;4;4;3;1;4;1;1;0;0;1;8;
Chris Andersen;;19:39;4;5;0;1;1;4;2;2;4;0;0;3;0;1;9;
Chris Andersen;;23:26;4;5;0;0;2;2;2;3;5;1;0;1;0;1;10;
Chris Andersen;;20:46;4;8;0;0;2;4;2;1;3;0;1;1;1;3;10;
Chris Andersen;;17:50;1;4;1;1;0;0;1;4;5;0;0;3;1;1;3;
Chris Andersen;;15:25;0;0;0;0;1;2;0;5;5;1;1;3;0;1;1;
Chris Andersen;;27:50;4;5;0;0;0;0;1;3;4;0;0;0;0;4;8;
Chris Andersen;;20:47;3;5;0;1;0;0;1;6;7;0;2;0;0;2;6;
Chris Andersen;;25:24;3;3;0;0;6;9;3;6;9;2;0;2;1;1;12;
Chris Andersen;;8:20;1;1;0;0;0;0;0;1;1;0;0;1;1;2;2;
