╔═══════════════╤═══════════════╗
║Name		│Chris Paul	║
╟───────────────┼───────────────╢
║Number		│3		║
╟───────────────┼───────────────╢
║Position	│G		║
╟───────────────┼───────────────╢
║Height		│6-0		║
╟───────────────┼───────────────╢
║Weight		│175		║
╟───────────────┼───────────────╢
║Birth		│MAY 06, 1985	║
╟───────────────┼───────────────╢
║Age		│29		║
╟───────────────┼───────────────╢
║Exp		│8		║
╟───────────────┼───────────────╢
║School		│Wake Forest	║
╚═══════════════╧═══════════════╝
Chris Paul;G;32:23;7;14;1;4;2;2;0;4;4;14;1;0;3;1;17;
Chris Paul;G;21:49;5;8;5;6;4;4;0;3;3;6;1;0;1;1;19;
Chris Paul;G;22:44;3;6;0;0;1;2;1;1;2;8;4;0;4;1;7;
Chris Paul;G;38:48;10;15;0;0;0;2;0;4;4;12;3;0;3;3;20;
Chris Paul;G;37:39;1;10;0;1;9;10;0;3;3;9;4;0;2;4;11;
Chris Paul;G;38:53;4;13;1;3;9;11;2;4;6;14;2;0;1;2;18;
Chris Paul;G;39:07;5;12;1;4;7;7;1;7;8;12;0;0;1;2;18;
Chris Paul;G;30:20;6;10;0;0;7;7;0;4;4;13;2;0;0;4;19;
Chris Paul;G;39:00;5;13;0;1;4;5;0;3;3;9;2;0;1;4;14;
Chris Paul;G;30:05;7;11;0;2;7;7;1;2;3;8;2;0;2;0;21;
Chris Paul;G;37:30;4;14;0;2;6;8;0;3;3;9;1;0;5;3;14;
Chris Paul;G;26:02;6;12;1;3;0;1;1;3;4;11;4;1;3;1;13;
Chris Paul;G;35:55;7;14;1;2;4;4;1;0;1;10;2;0;2;4;19;
Chris Paul;G;34:41;7;16;0;1;3;5;1;4;5;11;2;0;3;3;17;
Chris Paul;G;38:17;5;15;1;3;5;6;1;7;8;12;3;0;2;3;16;
Chris Paul;G;35:41;8;12;0;1;2;3;0;6;6;7;3;0;2;2;18;
Chris Paul;G;36:17;7;15;1;3;1;1;0;0;0;15;2;0;0;2;16;
Chris Paul;G;38:47;10;19;0;2;9;11;0;2;2;7;3;0;6;4;29;
Chris Paul;G;37:26;10;15;3;6;5;5;1;3;4;15;6;0;2;2;28;
Chris Paul;G;36:33;5;13;0;1;4;4;0;0;0;7;3;0;0;1;14;
Chris Paul;G;35:18;0;12;0;3;2;2;1;3;4;12;3;0;2;3;2;
Chris Paul;G;39:57;9;18;4;8;9;10;0;4;4;9;3;0;2;3;31;
Chris Paul;G;38:58;10;16;5;9;5;6;1;4;5;12;3;0;1;4;30;
Chris Paul;G;38:01;6;16;2;5;8;8;1;6;7;9;3;0;3;4;22;
Chris Paul;G;35:16;6;17;4;7;4;5;0;2;2;9;3;0;2;3;20;
Chris Paul;G;39:33;7;14;1;7;2;2;2;3;5;9;1;0;1;3;17;
Chris Paul;G;28:22;8;10;4;4;3;4;0;4;4;6;3;0;3;0;23;
Chris Paul;G;39:57;8;17;3;7;6;9;1;4;5;8;2;0;4;4;25;
Chris Paul;G;35:50;6;14;1;4;4;4;2;5;7;10;0;0;2;3;17;
Chris Paul;G;28:29;8;10;3;5;2;4;0;1;1;10;2;0;1;3;21;
Chris Paul;G;35:58;5;13;0;2;5;5;0;6;6;11;5;0;1;4;15;
Chris Paul;G;37:26;12;20;2;6;16;17;1;1;2;15;6;0;6;4;42;
Chris Paul;G;35:57;7;14;3;5;9;9;2;2;4;10;0;0;3;4;26;
Chris Paul;G;33:17;7;13;1;3;8;8;0;3;3;17;2;0;2;2;23;
Chris Paul;G;35:19;8;19;0;2;2;2;2;3;5;10;2;0;4;6;18;
Chris Paul;G;37:26;3;11;0;3;5;5;0;5;5;12;2;0;5;5;11;
Chris Paul;G;37:10;5;13;1;3;3;3;2;3;5;13;2;0;3;5;14;
Chris Paul;G;34:36;7;14;0;2;7;8;1;3;4;11;4;0;6;0;21;
Chris Paul;G;40:52;5;15;0;6;4;4;0;7;7;16;3;1;2;1;14;
Chris Paul;G;34:28;3;12;2;4;4;4;0;7;7;13;3;0;1;2;12;
Chris Paul;G;35:27;5;14;0;2;8;9;1;8;9;11;0;0;2;3;18;
Chris Paul;G;35:16;8;16;2;5;2;3;1;5;6;11;4;0;3;1;20;
Chris Paul;G;35:17;7;11;3;4;0;0;0;5;5;12;0;0;3;2;17;
Chris Paul;G;37:55;7;13;3;4;5;8;0;6;6;9;1;0;2;5;22;
Chris Paul;G;27:12;6;10;1;4;3;4;0;1;1;17;2;1;1;1;16;
Chris Paul;G;26:15;4;9;1;5;6;7;1;4;5;7;2;0;2;0;15;
Chris Paul;G;34:00;6;15;0;1;5;5;0;3;3;10;1;0;1;4;17;
Chris Paul;G;36:52;7;17;0;3;5;6;0;3;3;11;3;0;1;1;19;
Chris Paul;G;27:07;6;11;2;4;1;2;0;4;4;8;2;1;2;3;15;
Chris Paul;G;38:39;4;16;1;6;4;6;1;6;7;15;3;0;3;5;13;
Chris Paul;G;34:21;10;18;2;3;3;5;0;1;1;13;3;0;4;3;25;
Chris Paul;G;36:28;8;16;0;2;6;8;1;6;7;9;2;0;3;0;22;
Chris Paul;G;28:08;6;13;2;3;6;7;0;2;2;2;0;0;0;3;20;
Chris Paul;G;32:49;11;14;5;7;11;11;1;2;3;12;3;0;2;2;38;
Chris Paul;G;35:48;8;13;1;3;6;7;1;7;8;7;4;0;2;1;23;
Chris Paul;G;34:03;4;13;1;4;3;4;1;4;5;11;2;0;1;2;12;
Chris Paul;G;30:21;3;8;0;1;4;5;0;3;3;11;3;0;3;2;10;
Chris Paul;G;43:07;6;19;0;5;7;8;2;4;6;13;2;0;3;0;19;
Chris Paul;G;39:58;9;20;1;3;7;7;0;2;2;11;2;0;3;3;26;
Chris Paul;G;44:50;16;29;2;3;0;1;0;3;3;16;6;0;1;1;34;
Chris Paul;G;37:08;8;16;0;0;5;6;2;8;10;9;5;0;2;3;21;
Chris Paul;G;29:56;5;14;0;0;1;2;0;4;4;7;2;0;4;2;11;
