╔═══════════════╤═══════════════╗
║Name		│Chris Babb	║
╟───────────────┼───────────────╢
║Number		│52		║
╟───────────────┼───────────────╢
║Position	│G		║
╟───────────────┼───────────────╢
║Height		│6-5		║
╟───────────────┼───────────────╢
║Weight		│225		║
╟───────────────┼───────────────╢
║Birth		│FEB 14, 1990	║
╟───────────────┼───────────────╢
║Age		│24		║
╟───────────────┼───────────────╢
║Exp		│R		║
╟───────────────┼───────────────╢
║School		│Iowa State	║
╚═══════════════╧═══════════════╝
Chris Babb;;1:38;0;0;0;0;0;0;0;0;0;0;0;0;0;0;0;
Chris Babb;;23:41;2;5;1;4;0;0;1;4;5;0;0;0;0;0;5;
Chris Babb;;14:34;2;4;2;4;0;0;0;1;1;0;0;0;0;2;6;
Chris Babb;;12:33;1;3;0;2;0;0;0;1;1;1;0;0;0;2;2;
Chris Babb;;9:39;0;1;0;1;0;0;0;1;1;0;0;0;1;2;0;
Chris Babb;;6:51;0;1;0;1;0;0;0;0;0;0;0;0;1;0;0;
Chris Babb;;1:33;1;1;1;1;0;0;0;0;0;0;0;0;0;0;3;
Chris Babb;;1:31;0;0;0;0;0;0;0;0;0;0;0;0;0;1;0;
Chris Babb;;4:36;0;1;0;1;0;0;1;1;2;0;0;0;0;0;0;
Chris Babb;;6:26;0;1;0;1;0;0;0;1;1;1;0;0;0;1;0;
Chris Babb;;13:51;0;4;0;3;0;0;1;1;2;0;5;0;0;2;0;
Chris Babb;;17:50;1;3;1;3;0;0;1;1;2;1;1;0;0;2;3;
Chris Babb;;6:10;1;2;1;2;0;0;0;1;1;0;0;0;0;1;3;
Chris Babb;;11:26;0;4;0;4;0;0;0;1;1;0;0;0;1;0;0;
