╔═══════════════╤═══════════════════════╗
║Name		│Chris Kaman		║
╟───────────────┼───────────────────────╢
║Number		│9			║
╟───────────────┼───────────────────────╢
║Position	│C			║
╟───────────────┼───────────────────────╢
║Height		│7-0			║
╟───────────────┼───────────────────────╢
║Weight		│265			║
╟───────────────┼───────────────────────╢
║Birth		│APR 28, 1982		║
╟───────────────┼───────────────────────╢
║Age		│32			║
╟───────────────┼───────────────────────╢
║Exp		│10			║
╟───────────────┼───────────────────────╢
║School		│Central Michigan	║
╚═══════════════╧═══════════════════════╝
Chris Kaman;;14:02;2;4;0;0;1;2;2;3;5;3;1;2;1;5;5;
Chris Kaman;;19:24;2;6;0;0;2;2;1;5;6;0;0;0;4;3;6;
Chris Kaman;;11:43;3;6;0;1;0;0;1;2;3;1;0;0;1;2;6;
Chris Kaman;;16:00;6;7;0;0;6;6;0;5;5;2;0;0;2;1;18;
Chris Kaman;;6:29;2;3;0;0;0;0;1;0;1;0;0;0;3;1;4;
Chris Kaman;;17:06;2;6;0;0;5;6;0;3;3;1;1;1;4;5;9;
Chris Kaman;;14:06;6;7;0;0;1;1;1;2;3;1;0;0;0;6;13;
Chris Kaman;;25:13;7;14;0;0;3;4;3;5;8;3;1;3;2;3;17;
Chris Kaman;;27:40;13;23;0;1;1;4;0;10;10;3;0;2;3;1;27;
Chris Kaman;C;36:44;11;24;0;0;3;3;4;10;14;4;1;3;3;3;25;
Chris Kaman;C;35:03;7;13;0;0;5;7;3;7;10;6;0;1;2;2;19;
Chris Kaman;C;22:05;4;11;0;0;1;1;0;4;4;2;0;1;1;3;9;
Chris Kaman;;25:53;7;9;0;0;2;2;2;6;8;3;0;0;2;3;16;
Chris Kaman;;18:47;4;8;0;0;0;2;2;2;4;0;0;0;2;1;8;
Chris Kaman;;14:28;3;6;0;0;0;0;0;4;4;0;0;2;1;2;6;
Chris Kaman;;3:48;0;2;0;0;0;0;0;0;0;0;0;1;1;2;0;
Chris Kaman;C;22:40;5;10;0;0;3;3;4;5;9;3;0;1;2;3;13;
Chris Kaman;C;21:27;6;12;0;0;1;2;1;3;4;2;0;0;3;2;13;
Chris Kaman;C;5:37;1;2;0;0;0;0;0;1;1;0;1;0;0;1;2;
Chris Kaman;C;32:02;13;19;0;0;2;2;5;12;17;6;0;0;3;5;28;
Chris Kaman;C;29:04;6;16;0;0;0;0;1;5;6;2;1;3;2;2;12;
Chris Kaman;;19:40;5;10;0;0;0;0;4;4;8;0;1;2;1;1;10;
Chris Kaman;;17:43;5;9;0;0;1;2;2;2;4;0;0;0;0;1;11;
Chris Kaman;;12:40;2;3;0;0;0;0;2;2;4;1;0;0;1;2;4;
Chris Kaman;;16:03;5;7;0;0;0;0;0;5;5;1;0;1;3;5;10;
Chris Kaman;;17:12;5;7;0;0;0;0;2;5;7;0;0;1;3;2;10;
Chris Kaman;C;19:39;3;5;0;0;0;0;2;8;10;1;2;2;4;3;6;
Chris Kaman;C;23:31;7;13;0;0;2;2;0;4;4;2;0;2;2;3;16;
Chris Kaman;C;19:15;4;10;0;0;0;0;0;5;5;0;0;0;3;2;8;
Chris Kaman;;21:24;4;9;0;0;0;0;2;7;9;6;1;0;3;3;8;
Chris Kaman;;18:32;3;9;0;0;2;2;3;1;4;2;0;0;3;4;8;
Chris Kaman;;15:38;3;10;0;0;0;0;0;3;3;0;0;1;0;2;6;
Chris Kaman;;5:24;1;4;0;0;0;0;1;0;1;0;0;0;0;0;2;
Chris Kaman;;12:00;3;4;0;0;3;5;1;1;2;1;0;1;1;2;9;
Chris Kaman;;16:24;3;6;0;0;0;0;0;3;3;0;0;2;0;1;6;
Chris Kaman;C;28:19;5;17;0;1;0;0;2;15;17;1;0;3;2;3;10;
Chris Kaman;;13:19;0;2;0;0;1;2;0;5;5;1;0;0;1;0;1;
Chris Kaman;C;30:03;7;11;0;0;5;6;1;9;10;0;1;3;4;2;19;
Chris Kaman;;9:45;1;2;0;0;2;2;1;2;3;0;0;2;1;1;4;
