╔═══════════════╤═══════════════╗
║Name		│Chris Copeland	║
╟───────────────┼───────────────╢
║Number		│22		║
╟───────────────┼───────────────╢
║Position	│F		║
╟───────────────┼───────────────╢
║Height		│6-8		║
╟───────────────┼───────────────╢
║Weight		│235		║
╟───────────────┼───────────────╢
║Birth		│MAR 17, 1984	║
╟───────────────┼───────────────╢
║Age		│30		║
╟───────────────┼───────────────╢
║Exp		│1		║
╟───────────────┼───────────────╢
║School		│Colorado	║
╚═══════════════╧═══════════════╝
Chris Copeland;;2:40;1;1;0;0;0;0;0;0;0;0;0;0;0;0;2;
Chris Copeland;;4:51;2;3;0;0;0;0;0;1;1;1;0;0;0;2;4;
Chris Copeland;;5:29;1;1;1;1;1;2;1;3;4;0;0;0;0;1;4;
Chris Copeland;;2:17;1;1;1;1;0;0;0;0;0;0;0;1;0;1;3;
Chris Copeland;;6:06;2;3;1;2;1;1;0;1;1;1;0;0;0;2;6;
Chris Copeland;;1:44;1;1;0;0;0;0;0;0;0;0;0;0;0;0;2;
Chris Copeland;;4:15;1;3;0;0;0;0;1;0;1;0;0;0;0;0;2;
Chris Copeland;;7:16;1;4;0;3;2;2;0;0;0;0;0;0;0;1;4;
Chris Copeland;;3:27;1;2;1;2;0;0;1;0;1;0;0;0;0;0;3;
Chris Copeland;;10:45;2;4;1;2;1;2;0;1;1;1;0;0;0;2;6;
Chris Copeland;;6:12;0;2;0;2;1;2;0;1;1;0;0;0;2;0;1;
Chris Copeland;;12:00;3;5;3;5;2;2;0;2;2;0;0;0;2;2;11;
Chris Copeland;;5:32;2;5;1;3;0;0;1;1;2;0;0;0;0;2;5;
Chris Copeland;;0:02;0;0;0;0;0;0;0;0;0;0;0;0;0;0;0;
Chris Copeland;;0:03;0;0;0;0;0;0;0;0;0;0;0;0;0;0;0;
Chris Copeland;;0:18;0;0;0;0;0;0;0;0;0;0;0;0;0;0;0;
Chris Copeland;;7:19;1;3;0;2;0;0;0;0;0;1;0;0;0;2;2;
Chris Copeland;;9:40;2;3;1;2;0;0;0;3;3;1;0;2;1;1;5;
Chris Copeland;;10:47;2;7;1;4;0;0;1;1;2;1;0;0;0;0;5;
Chris Copeland;;5:10;0;0;0;0;0;0;0;2;2;0;0;0;0;0;0;
Chris Copeland;;6:30;0;2;0;1;0;0;0;0;0;0;0;0;0;0;0;
Chris Copeland;;10:52;2;3;1;2;0;0;0;2;2;1;0;0;0;2;5;
Chris Copeland;;3:37;0;0;0;0;0;0;0;0;0;0;0;0;2;0;0;
Chris Copeland;;6:22;2;3;1;2;0;1;0;0;0;1;0;0;0;1;5;
Chris Copeland;;17:04;7;8;4;5;0;0;1;1;2;3;0;1;2;4;18;
Chris Copeland;;3:21;1;2;1;2;0;0;0;0;0;0;0;0;0;0;3;
Chris Copeland;;26:23;7;16;5;11;0;0;1;2;3;2;1;0;2;5;19;
Chris Copeland;;3:35;0;2;0;2;0;0;0;0;0;1;0;0;0;0;0;
Chris Copeland;;1:01;0;1;0;1;0;0;0;0;0;0;0;0;0;0;0;
Chris Copeland;;3:11;1;2;1;2;0;0;0;0;0;0;0;0;0;0;3;
Chris Copeland;;2:52;2;4;2;2;0;0;0;0;0;0;0;0;0;1;6;
Chris Copeland;;16:30;4;5;3;4;2;2;0;0;0;1;1;1;0;1;13;
Chris Copeland;;6:35;1;3;1;3;0;0;0;1;1;0;0;0;0;2;3;
Chris Copeland;;7:45;1;2;1;2;0;0;0;0;0;0;0;0;0;0;3;
Chris Copeland;;11:29;1;3;1;3;0;0;0;1;1;0;0;1;0;4;3;
Chris Copeland;;8:44;0;3;0;3;0;0;0;1;1;1;0;0;1;0;0;
Chris Copeland;;3:54;0;1;0;1;0;0;0;0;0;1;0;0;0;1;0;
Chris Copeland;;6:41;1;4;0;1;0;0;0;0;0;0;0;0;0;0;2;
Chris Copeland;;5:39;1;1;1;1;0;0;0;1;1;1;0;0;2;0;3;
Chris Copeland;;4:19;1;4;0;2;0;0;0;0;0;0;1;1;0;1;2;
Chris Copeland;;2:19;0;0;0;0;0;0;0;0;0;0;0;0;0;0;0;
