╔═══════════════╤═══════════════════════╗
║Name		│Chris Douglas-Roberts	║
╟───────────────┼───────────────────────╢
║Number		│55			║
╟───────────────┼───────────────────────╢
║Position	│G			║
╟───────────────┼───────────────────────╢
║Height		│6-7			║
╟───────────────┼───────────────────────╢
║Weight		│210			║
╟───────────────┼───────────────────────╢
║Birth		│JAN 08, 1987		║
╟───────────────┼───────────────────────╢
║Age		│27			║
╟───────────────┼───────────────────────╢
║Exp		│4			║
╟───────────────┼───────────────────────╢
║School		│Memphis		║
╚═══════════════╧═══════════════════════╝
Chris Douglas-Roberts;;17:26;1;1;0;0;0;0;1;1;2;0;0;0;2;0;2;
Chris Douglas-Roberts;;23:32;6;8;2;3;6;7;0;4;4;2;1;1;1;0;20;
Chris Douglas-Roberts;F;35:25;4;9;1;3;1;2;0;4;4;2;0;1;1;1;10;
Chris Douglas-Roberts;F;29:35;2;4;2;3;0;0;0;6;6;1;1;0;1;0;6;
Chris Douglas-Roberts;F;26:37;6;9;2;4;2;2;0;2;2;0;0;0;1;2;16;
Chris Douglas-Roberts;F;29:08;0;1;0;0;0;0;0;0;0;1;0;0;1;0;0;
Chris Douglas-Roberts;;0:49;0;0;0;0;0;0;0;0;0;0;0;0;0;0;0;
Chris Douglas-Roberts;;3:22;0;0;0;0;0;0;0;1;1;0;1;0;1;1;0;
Chris Douglas-Roberts;;6:05;1;1;1;1;0;0;0;0;0;0;0;0;0;1;3;
Chris Douglas-Roberts;;13:46;0;4;0;2;0;0;1;2;3;1;2;0;0;0;0;
Chris Douglas-Roberts;;12:15;1;3;0;2;0;0;0;1;1;1;0;1;0;3;2;
Chris Douglas-Roberts;;15:38;5;7;4;5;0;0;0;0;0;0;0;0;1;1;14;
Chris Douglas-Roberts;;10:44;1;3;0;2;0;0;0;1;1;1;0;1;0;1;2;
Chris Douglas-Roberts;;12:43;2;3;2;3;0;0;0;1;1;0;0;0;3;1;6;
Chris Douglas-Roberts;;10:57;2;3;1;2;2;2;0;2;2;0;0;0;0;1;7;
Chris Douglas-Roberts;;23:34;0;4;0;2;3;4;0;3;3;2;0;1;1;1;3;
Chris Douglas-Roberts;;4:19;0;1;0;0;0;0;0;1;1;2;0;0;0;0;0;
Chris Douglas-Roberts;;3:00;0;0;0;0;0;0;0;0;0;0;0;0;0;0;0;
Chris Douglas-Roberts;;17:49;0;4;0;3;0;0;0;2;2;1;1;1;1;1;0;
Chris Douglas-Roberts;;2:56;1;1;1;1;0;0;0;1;1;0;0;0;0;0;3;
Chris Douglas-Roberts;;24:20;3;9;2;4;4;5;1;0;1;2;0;0;0;2;12;
Chris Douglas-Roberts;G;28:36;4;7;3;3;1;2;0;2;2;3;3;0;0;1;12;
Chris Douglas-Roberts;G;32:41;4;10;4;7;2;4;1;8;9;1;2;1;0;1;14;
Chris Douglas-Roberts;G;30:02;6;10;1;3;2;4;0;2;2;0;2;0;1;0;15;
Chris Douglas-Roberts;G;33:43;2;8;2;6;3;4;0;5;5;1;2;1;2;2;9;
Chris Douglas-Roberts;;21:22;2;5;2;2;4;4;1;2;3;0;2;0;0;0;10;
Chris Douglas-Roberts;;20:35;3;5;2;4;2;2;0;4;4;2;2;0;0;0;10;
Chris Douglas-Roberts;;12:56;0;3;0;2;0;0;1;2;3;1;0;1;1;5;0;
Chris Douglas-Roberts;;17:24;1;3;0;2;1;1;0;1;1;1;0;0;0;1;3;
Chris Douglas-Roberts;;22:16;5;9;3;6;0;0;0;3;3;3;0;1;1;3;13;
Chris Douglas-Roberts;;34:05;4;12;0;5;3;3;2;3;5;3;1;0;1;3;11;
Chris Douglas-Roberts;;25:41;2;6;0;2;3;3;0;2;2;2;2;0;0;3;7;
Chris Douglas-Roberts;;26:41;6;14;3;8;1;1;3;2;5;2;0;0;1;2;16;
Chris Douglas-Roberts;;28:05;1;5;0;2;0;0;0;1;1;0;0;1;0;2;2;
Chris Douglas-Roberts;;27:37;7;9;2;3;2;3;1;2;3;0;0;0;1;1;18;
Chris Douglas-Roberts;;24:51;4;6;3;5;3;3;0;2;2;4;0;1;2;1;14;
Chris Douglas-Roberts;;31:14;1;5;0;3;3;4;0;3;3;3;1;0;1;1;5;
Chris Douglas-Roberts;;31:03;3;9;1;4;2;2;0;6;6;3;0;0;3;3;9;
Chris Douglas-Roberts;;20:48;2;5;2;4;0;0;0;3;3;0;1;0;0;0;6;
Chris Douglas-Roberts;;28:10;3;8;0;4;6;7;0;2;2;2;2;0;1;0;12;
Chris Douglas-Roberts;;25:53;4;8;2;5;2;2;2;2;4;1;0;1;1;3;12;
Chris Douglas-Roberts;;23:23;2;3;0;1;1;1;0;2;2;1;1;0;0;3;5;
Chris Douglas-Roberts;;29:49;4;10;2;3;3;4;0;1;1;0;1;1;1;3;13;
Chris Douglas-Roberts;;16:06;1;1;0;0;0;0;0;0;0;0;0;0;0;0;2;
Chris Douglas-Roberts;;17:57;0;1;0;1;0;0;0;2;2;0;0;0;0;3;0;
Chris Douglas-Roberts;;19:27;0;2;0;1;1;2;0;0;0;2;0;2;0;0;1;
Chris Douglas-Roberts;;12:46;0;3;0;2;2;2;1;2;3;0;0;0;1;3;2;
Chris Douglas-Roberts;;23:03;3;6;0;1;1;2;0;5;5;0;1;0;2;0;7;
Chris Douglas-Roberts;;25:18;2;4;1;3;0;0;1;2;3;0;0;0;2;1;5;
