╔═══════════════╤═══════════════╗
║Name		│Chris Singleton║
╟───────────────┼───────────────╢
║Number		│31		║
╟───────────────┼───────────────╢
║Position	│F		║
╟───────────────┼───────────────╢
║Height		│6-9		║
╟───────────────┼───────────────╢
║Weight		│228		║
╟───────────────┼───────────────╢
║Birth		│NOV 21, 1989	║
╟───────────────┼───────────────╢
║Age		│24		║
╟───────────────┼───────────────╢
║Exp		│2		║
╟───────────────┼───────────────╢
║School		│Florida State	║
╚═══════════════╧═══════════════╝
Chris Singleton;;1:28;1;1;0;0;0;0;0;0;0;0;0;0;0;0;2;
Chris Singleton;;8:17;2;3;1;1;2;2;0;1;1;0;0;1;0;0;7;
Chris Singleton;;2:55;0;1;0;1;0;0;0;0;0;0;0;0;0;1;0;
Chris Singleton;;0:54;1;1;0;0;0;0;0;0;0;0;0;0;0;0;2;
Chris Singleton;;3:13;0;1;0;0;0;0;1;0;1;0;0;0;1;0;0;
Chris Singleton;;13:55;2;6;0;0;0;0;2;3;5;0;0;0;1;1;4;
Chris Singleton;;24:59;3;7;0;0;7;8;4;5;9;2;1;0;0;3;13;
Chris Singleton;;16:48;1;5;0;2;1;4;1;2;3;0;1;0;1;1;3;
Chris Singleton;;11:24;1;4;0;1;0;0;1;0;1;0;0;0;0;0;2;
Chris Singleton;;10:52;0;0;0;0;0;0;1;2;3;0;0;0;3;1;0;
Chris Singleton;;0:11;0;0;0;0;0;0;0;0;0;0;0;0;0;0;0;
Chris Singleton;;1:14;0;0;0;0;0;0;0;0;0;0;0;0;0;0;0;
Chris Singleton;;13:30;0;0;0;0;0;0;0;2;2;0;0;0;0;2;0;
Chris Singleton;;3:42;0;0;0;0;0;0;0;0;0;0;0;0;2;1;0;
Chris Singleton;;3:16;0;1;0;0;1;2;0;1;1;0;0;0;0;0;1;
Chris Singleton;;0:56;0;0;0;0;0;0;0;1;1;0;0;0;0;0;0;
Chris Singleton;;1:05;0;0;0;0;0;0;0;0;0;0;0;0;0;0;0;
Chris Singleton;;8:02;1;3;1;2;0;0;0;1;1;0;0;1;0;0;3;
Chris Singleton;;16:37;2;4;0;1;0;2;1;4;5;0;2;0;2;2;4;
Chris Singleton;;24:24;4;7;1;2;2;2;0;6;6;0;0;0;3;4;11;
Chris Singleton;;33:18;1;10;1;4;4;4;6;2;8;2;3;0;2;3;7;
Chris Singleton;;21:59;1;5;0;1;1;1;1;3;4;0;0;1;1;2;3;
Chris Singleton;;3:22;2;3;2;2;0;0;0;1;1;0;0;0;0;1;6;
Chris Singleton;;14:09;1;3;0;1;0;0;0;1;1;1;1;0;0;2;2;
Chris Singleton;;9:26;2;2;1;1;0;0;0;2;2;1;1;0;1;1;5;
