╔═══════════════╤═══════════════╗
║Name		│CJ Miles	║
╟───────────────┼───────────────╢
║Number		│0		║
╟───────────────┼───────────────╢
║Position	│G		║
╟───────────────┼───────────────╢
║Height		│6-6		║
╟───────────────┼───────────────╢
║Weight		│231		║
╟───────────────┼───────────────╢
║Birth		│MAR 18, 1987	║
╟───────────────┼───────────────╢
║Age		│27		║
╟───────────────┼───────────────╢
║Exp		│8		║
╟───────────────┼───────────────╢
║School		│Skyline HS (TX)║
╚═══════════════╧═══════════════╝
CJ Miles;G;27:58;4;8;3;5;3;3;0;2;2;1;0;1;0;4;14;
CJ Miles;G;31:23;6;19;2;8;5;8;1;7;8;0;2;0;1;4;19;
CJ Miles;G;36:44;8;13;2;5;3;5;3;3;6;3;3;0;3;1;21;
CJ Miles;G;31:24;11;18;10;14;2;3;2;3;5;2;2;0;0;3;34;
CJ Miles;G;23:40;6;7;1;1;4;4;0;1;1;0;1;0;0;1;17;
CJ Miles;G;24:35;5;8;3;3;1;1;1;1;2;1;1;0;1;2;14;
CJ Miles;G;14:42;2;6;1;2;0;0;0;1;1;3;1;0;1;2;5;
CJ Miles;G;11:53;2;6;1;3;0;0;0;2;2;0;0;0;0;2;5;
CJ Miles;G;37:60;6;12;3;7;4;4;1;3;4;2;0;1;0;4;19;
CJ Miles;G;26:39;2;7;0;5;2;2;0;0;0;3;0;0;1;3;6;
CJ Miles;G;20:29;3;9;2;4;0;0;1;3;4;1;1;0;1;0;8;
CJ Miles;G;15:15;1;6;0;2;2;2;1;2;3;3;1;0;0;3;4;
CJ Miles;G;20:22;5;11;2;7;0;0;0;1;1;1;1;1;1;4;12;
CJ Miles;G;12:15;1;2;0;1;0;0;0;1;1;0;1;0;2;2;2;
CJ Miles;G;12:41;3;4;3;4;0;0;0;1;1;2;2;0;1;1;9;
CJ Miles;;10:56;1;6;0;4;0;0;0;1;1;0;0;0;1;2;2;
CJ Miles;;12:38;4;7;2;5;0;0;0;0;0;0;1;0;0;2;10;
CJ Miles;;29:23;7;15;4;11;9;10;0;3;3;3;0;0;0;2;27;
CJ Miles;F;24:32;7;11;2;3;2;2;0;4;4;1;2;0;1;2;18;
CJ Miles;;23:48;5;11;3;7;1;1;0;1;1;0;1;1;2;2;14;
CJ Miles;;8:50;2;6;1;2;0;0;0;0;0;0;0;0;0;0;5;
CJ Miles;;13:25;3;6;3;6;1;2;0;2;2;0;0;0;1;0;10;
CJ Miles;;15:42;1;5;0;2;2;2;0;1;1;1;1;0;0;3;4;
CJ Miles;;1:57;0;0;0;0;0;0;0;0;0;0;0;0;0;0;0;
CJ Miles;;15:20;4;6;2;4;0;0;0;0;0;0;0;0;2;1;10;
CJ Miles;;29:25;9;16;3;7;1;1;0;5;5;1;3;0;1;3;22;
CJ Miles;;18:40;2;9;0;5;4;4;1;1;2;2;2;0;0;3;8;
CJ Miles;;18:34;8;13;3;5;0;0;2;3;5;1;2;2;1;1;19;
CJ Miles;;24:08;5;11;4;10;0;0;1;2;3;2;0;0;0;2;14;
CJ Miles;;18:15;5;7;2;4;1;2;0;0;0;3;0;0;2;2;13;
CJ Miles;;18:49;2;8;2;5;0;0;0;3;3;0;0;0;1;0;6;
CJ Miles;;18:57;4;10;1;4;0;0;0;2;2;0;1;3;1;3;9;
CJ Miles;;6:59;1;4;0;1;1;1;0;0;0;0;0;0;0;0;3;
CJ Miles;G;33:01;4;13;0;4;0;0;1;1;2;1;2;0;0;2;8;
CJ Miles;G;15:38;2;3;2;2;2;2;0;3;3;0;0;0;2;4;8;
CJ Miles;G;2:32;0;1;0;0;0;0;0;0;0;0;1;0;0;0;0;
CJ Miles;G;15:37;2;5;2;3;0;0;0;2;2;2;1;2;1;1;6;
CJ Miles;G;15:55;0;4;0;2;0;0;2;1;3;1;1;1;0;2;0;
CJ Miles;G;11:46;1;8;1;4;0;0;0;2;2;0;0;0;2;2;3;
CJ Miles;G;19:20;1;7;1;4;2;2;0;2;2;2;1;0;2;2;5;
CJ Miles;G;25:52;4;8;2;5;0;0;0;2;2;2;2;0;0;1;10;
CJ Miles;G;19:51;5;10;0;3;0;0;0;1;1;2;0;0;0;3;10;
CJ Miles;G;13:02;1;4;1;4;2;2;0;1;1;1;0;0;2;4;5;
CJ Miles;G;18:35;4;8;0;1;0;0;1;1;2;0;0;0;0;1;8;
CJ Miles;G;29:39;4;8;3;4;4;4;0;2;2;3;0;1;2;3;15;
CJ Miles;G;21:46;1;5;0;2;2;2;0;2;2;1;2;1;1;2;4;
CJ Miles;G;20:22;2;9;1;6;1;2;0;3;3;0;2;0;3;3;6;
CJ Miles;G;13:44;4;7;2;3;0;0;0;2;2;0;1;0;2;1;10;
CJ Miles;G;10:44;0;5;0;1;0;0;0;0;0;0;0;1;0;2;0;
CJ Miles;G;23:29;6;12;3;6;2;3;0;1;1;1;3;0;0;4;17;
CJ Miles;G;14:48;2;5;0;1;1;1;0;0;0;0;1;0;2;2;5;
