╔═══════════════╤═══════════════╗
║Name		│CJ McCollum	║
╟───────────────┼───────────────╢
║Number		│3		║
╟───────────────┼───────────────╢
║Position	│G		║
╟───────────────┼───────────────╢
║Height		│6-4		║
╟───────────────┼───────────────╢
║Weight		│200		║
╟───────────────┼───────────────╢
║Birth		│SEP 19, 1991	║
╟───────────────┼───────────────╢
║Age		│22		║
╟───────────────┼───────────────╢
║Exp		│R		║
╟───────────────┼───────────────╢
║School		│Lehigh		║
╚═══════════════╧═══════════════╝
CJ McCollum;;14:22;2;5;0;2;0;0;0;2;2;0;1;0;1;0;4;
CJ McCollum;;13:30;4;6;2;3;0;0;1;0;1;1;0;0;0;2;10;
CJ McCollum;;12:08;1;3;0;1;0;0;0;2;2;0;0;0;2;1;2;
CJ McCollum;;10:54;2;5;0;1;0;0;0;1;1;1;0;0;0;2;4;
CJ McCollum;;16:49;3;7;1;2;2;2;0;1;1;1;0;0;0;2;9;
CJ McCollum;;14:40;3;7;1;2;0;0;0;1;1;0;0;1;0;2;7;
CJ McCollum;;12:36;2;3;1;2;0;0;0;0;0;0;0;0;0;1;5;
CJ McCollum;;11:23;2;6;2;4;1;2;1;0;1;0;0;0;0;2;7;
CJ McCollum;;15:34;3;6;0;1;0;0;0;2;2;2;2;1;0;2;6;
CJ McCollum;;20:54;2;7;1;4;1;2;0;2;2;1;0;0;1;3;6;
CJ McCollum;;10:43;0;4;0;2;0;0;0;0;0;0;0;0;1;3;0;
CJ McCollum;;14:07;1;3;0;1;2;2;0;1;1;0;0;0;1;1;4;
CJ McCollum;;10:31;0;2;0;1;0;0;0;2;2;0;0;0;2;1;0;
CJ McCollum;;12:03;4;4;1;1;0;0;0;1;1;1;0;0;1;2;9;
CJ McCollum;;28:07;6;12;3;6;4;6;0;3;3;3;2;0;4;3;19;
CJ McCollum;;26:34;5;12;3;6;2;2;0;1;1;3;2;0;5;0;15;
CJ McCollum;;14:15;4;7;3;4;0;1;0;2;2;2;0;0;0;3;11;
CJ McCollum;;14:05;1;4;0;2;0;0;0;1;1;0;0;0;1;3;2;
CJ McCollum;;14:35;3;9;1;3;0;0;1;1;2;1;1;0;0;1;7;
CJ McCollum;;4:15;0;1;0;0;0;0;0;0;0;0;0;0;1;0;0;
CJ McCollum;;6:03;0;0;0;0;0;0;1;0;1;0;1;0;1;1;0;
CJ McCollum;;12:19;4;8;3;4;0;0;1;2;3;0;0;0;1;1;11;
CJ McCollum;;8:24;2;3;1;2;1;1;0;0;0;0;0;0;1;1;6;
CJ McCollum;;21:17;4;9;1;5;0;0;0;3;3;3;0;0;1;2;9;
CJ McCollum;;8:34;0;0;0;0;1;2;0;0;0;1;0;0;1;3;1;
CJ McCollum;;14:46;3;8;1;3;0;0;1;3;4;1;0;0;1;1;7;
CJ McCollum;;20:10;0;2;0;1;0;0;0;0;0;1;1;0;2;2;0;
CJ McCollum;;12:36;1;5;0;3;2;2;0;1;1;0;0;0;1;1;4;
CJ McCollum;;11:34;1;2;0;1;0;0;0;2;2;0;2;0;0;0;2;
CJ McCollum;;7:09;0;2;0;2;0;0;0;0;0;0;1;0;1;0;0;
CJ McCollum;;7:31;2;4;1;2;1;2;0;0;0;1;0;0;1;0;6;
CJ McCollum;;17:53;3;9;2;5;4;6;1;2;3;0;0;0;1;1;12;
CJ McCollum;;1:07;0;0;0;0;0;0;0;0;0;0;0;0;0;0;0;
CJ McCollum;;1:59;0;0;0;0;0;0;0;0;0;1;1;0;0;0;0;
CJ McCollum;;2:09;0;2;0;1;0;0;0;0;0;0;0;0;0;0;0;
CJ McCollum;;1:05;0;1;0;0;0;0;0;0;0;0;0;0;0;0;0;
CJ McCollum;;1:04;1;1;1;1;1;2;0;1;1;0;0;0;0;1;4;
CJ McCollum;;27:60;5;9;1;2;1;2;0;4;4;3;0;0;3;5;12;
