╔═══════════════╤═══════════════╗
║Name		│CJ Watson	║
╟───────────────┼───────────────╢
║Number		│32		║
╟───────────────┼───────────────╢
║Position	│G		║
╟───────────────┼───────────────╢
║Height		│6-2		║
╟───────────────┼───────────────╢
║Weight		│175		║
╟───────────────┼───────────────╢
║Birth		│APR 17, 1984	║
╟───────────────┼───────────────╢
║Age		│30		║
╟───────────────┼───────────────╢
║Exp		│6		║
╟───────────────┼───────────────╢
║School		│Tennessee	║
╚═══════════════╧═══════════════╝
CJ Watson;;16:54;3;7;2;3;0;0;0;1;1;1;1;0;1;0;8;
CJ Watson;;16:50;3;5;0;1;0;0;0;0;0;2;0;0;0;3;6;
CJ Watson;;22:10;0;6;0;3;4;4;0;2;2;2;1;0;1;1;4;
CJ Watson;;14:34;2;2;0;0;0;0;0;0;0;0;0;0;2;0;4;
CJ Watson;;24:06;4;7;1;1;0;0;1;3;4;3;1;0;2;2;9;
CJ Watson;;17:23;6;6;3;3;1;1;1;1;2;2;0;0;1;1;16;
CJ Watson;;16:26;5;6;0;1;0;0;0;3;3;3;1;0;0;0;10;
CJ Watson;;22:10;2;5;1;2;0;0;1;2;3;0;0;0;1;0;5;
CJ Watson;;20:42;5;8;1;3;0;0;0;2;2;1;1;0;1;2;11;
CJ Watson;;15:17;2;4;1;2;0;0;0;1;1;2;2;0;1;1;5;
CJ Watson;;11:35;1;3;0;1;2;2;1;0;1;3;1;0;0;1;4;
CJ Watson;;13:10;0;5;0;2;0;0;0;2;2;1;1;0;0;1;0;
CJ Watson;;15:31;1;3;1;2;1;2;0;1;1;0;1;0;1;0;4;
CJ Watson;;19:02;4;8;1;4;0;0;0;1;1;2;1;0;1;0;9;
CJ Watson;;14:03;2;6;0;3;0;0;0;2;2;0;1;0;0;2;4;
CJ Watson;;18:33;1;4;0;2;1;2;0;1;1;0;2;1;0;0;3;
CJ Watson;;25:39;5;10;2;5;0;0;0;4;4;3;0;1;0;1;12;
CJ Watson;;21:34;2;3;0;1;4;6;0;1;1;3;2;0;1;0;8;
CJ Watson;;14:55;1;5;0;0;3;4;0;1;1;1;1;1;2;2;5;
CJ Watson;;18:21;2;7;1;3;1;2;0;0;0;1;1;1;0;2;6;
CJ Watson;;15:45;1;3;0;1;0;0;1;0;1;2;0;0;1;2;2;
CJ Watson;;14:28;0;4;0;2;3;4;0;2;2;2;1;0;2;2;3;
CJ Watson;;21:47;3;6;0;1;0;0;1;0;1;2;1;0;0;0;6;
CJ Watson;;15:06;3;7;0;2;0;0;0;1;1;1;0;0;1;2;6;
CJ Watson;;17:25;1;2;0;0;0;0;1;0;1;0;2;0;1;1;2;
CJ Watson;;20:51;5;6;1;1;0;0;1;1;2;2;0;0;0;0;11;
CJ Watson;;18:57;2;3;1;2;4;4;0;0;0;0;1;0;2;0;9;
CJ Watson;G;28:21;3;8;1;3;0;0;1;1;2;2;0;0;1;1;7;
CJ Watson;G;33:19;5;8;2;3;1;2;1;3;4;5;3;0;2;3;13;
CJ Watson;;12:48;0;2;0;2;1;1;0;1;1;2;0;0;1;2;1;
CJ Watson;;7:31;1;2;1;2;0;0;0;0;0;1;0;0;1;1;3;
CJ Watson;;17:24;3;5;2;2;0;0;0;1;1;1;2;0;3;1;8;
CJ Watson;;19:19;3;5;2;2;2;2;0;1;1;1;2;0;1;2;10;
CJ Watson;;25:04;6;10;4;7;4;6;0;3;3;1;1;0;3;0;20;
CJ Watson;;19:54;2;5;1;4;0;2;0;2;2;3;0;0;1;0;5;
CJ Watson;;15:08;0;1;0;0;2;2;0;2;2;0;0;0;0;0;2;
CJ Watson;G;31:21;2;8;0;3;3;3;0;4;4;6;2;0;0;1;7;
CJ Watson;G;30:21;5;11;1;3;4;6;0;1;1;5;0;1;3;5;15;
CJ Watson;G;26:40;3;5;1;2;4;4;0;1;1;4;2;1;0;5;11;
CJ Watson;;28:35;3;8;0;3;0;0;0;0;0;2;1;0;1;2;6;
CJ Watson;;16:51;2;5;2;3;0;0;1;0;1;0;2;0;2;0;6;
CJ Watson;;20:02;0;3;0;2;0;0;1;0;1;5;0;0;0;1;0;
CJ Watson;;25:20;3;3;0;0;0;0;0;4;4;1;0;0;0;0;6;
CJ Watson;;13:49;1;6;0;1;0;0;0;0;0;0;0;0;0;1;2;
CJ Watson;;15:47;1;6;1;4;4;4;1;0;1;1;0;0;2;0;7;
CJ Watson;;11:50;2;5;0;2;0;0;0;2;2;0;1;0;2;1;4;
CJ Watson;;17:12;0;2;0;2;0;0;0;0;0;1;1;0;1;1;0;
CJ Watson;;29:37;6;9;6;7;0;0;0;6;6;1;0;0;1;0;18;
CJ Watson;;15:56;3;5;1;3;0;0;1;1;2;3;1;0;1;0;7;
CJ Watson;;18:13;1;6;1;5;0;0;0;0;0;3;0;0;0;2;3;
CJ Watson;;18:29;3;7;0;0;4;4;1;0;1;0;1;0;1;0;10;
CJ Watson;;18:47;2;3;2;3;2;2;1;0;1;2;1;0;1;1;8;
CJ Watson;;24:23;2;6;1;3;7;8;1;0;1;4;2;0;1;0;12;
CJ Watson;;12:45;1;4;1;2;2;2;0;1;1;0;1;1;1;1;5;
CJ Watson;;17:33;3;7;0;2;0;0;0;2;2;1;2;0;0;0;6;
CJ Watson;;13:59;1;4;1;2;0;0;0;2;2;0;0;0;0;1;3;
CJ Watson;;15:46;2;5;2;4;0;2;1;2;3;3;2;1;1;3;6;
CJ Watson;;17:06;1;6;0;1;0;0;0;2;2;0;3;0;1;0;2;
CJ Watson;;18:21;3;3;2;2;0;2;1;4;5;3;2;0;1;1;8;
CJ Watson;;17:24;3;6;1;2;2;2;0;2;2;1;2;0;2;0;9;
CJ Watson;;22:38;2;7;1;5;3;3;0;1;1;1;3;0;2;2;8;
CJ Watson;;15:14;2;5;0;2;0;0;0;1;1;1;0;0;1;2;4;
CJ Watson;;17:14;0;2;0;1;0;0;0;0;0;4;0;0;0;0;0;
