╔═══════════════╤═══════════════╗
║Name		│Cody Zeller	║
╟───────────────┼───────────────╢
║Number		│40		║
╟───────────────┼───────────────╢
║Position	│C-F		║
╟───────────────┼───────────────╢
║Height		│7-0		║
╟───────────────┼───────────────╢
║Weight		│240		║
╟───────────────┼───────────────╢
║Birth		│OCT 05, 1992	║
╟───────────────┼───────────────╢
║Age		│21		║
╟───────────────┼───────────────╢
║Exp		│R		║
╟───────────────┼───────────────╢
║School		│Indiana	║
╚═══════════════╧═══════════════╝
Cody Zeller;;19:50;0;6;0;0;6;6;3;1;4;1;2;0;1;3;6;
Cody Zeller;;16:46;1;6;0;0;3;4;1;4;5;1;1;0;1;1;5;
Cody Zeller;;11:19;2;2;0;0;2;3;1;1;2;2;0;0;1;2;6;
Cody Zeller;;11:11;2;5;0;0;1;2;0;1;1;0;0;0;0;2;5;
Cody Zeller;;15:39;1;3;0;0;0;0;2;4;6;2;1;1;0;3;2;
Cody Zeller;;9:05;2;3;0;0;1;1;0;2;2;0;1;1;0;0;5;
Cody Zeller;;15:29;1;2;0;1;0;0;0;4;4;1;0;0;0;5;2;
Cody Zeller;;18:48;2;4;0;0;1;2;2;4;6;0;1;1;2;3;5;
Cody Zeller;;12:17;2;6;0;0;2;2;1;2;3;0;0;0;1;2;6;
Cody Zeller;;14:47;2;4;0;0;1;1;0;1;1;2;0;0;1;2;5;
Cody Zeller;;15:03;0;0;0;0;2;2;0;1;1;2;0;0;1;0;2;
Cody Zeller;;17:04;1;4;0;0;2;2;1;1;2;1;0;1;0;3;4;
Cody Zeller;;16:17;2;5;0;0;1;1;1;4;5;0;0;0;1;1;5;
Cody Zeller;;20:48;2;4;0;0;3;4;2;6;8;0;0;1;0;2;7;
Cody Zeller;;16:06;0;4;0;0;4;4;2;4;6;0;1;0;1;2;4;
Cody Zeller;;11:56;2;3;0;0;1;3;3;2;5;2;0;0;0;3;5;
Cody Zeller;;19:13;4;7;0;0;3;5;0;6;6;0;0;0;0;4;11;
Cody Zeller;;18:26;1;3;0;0;0;0;1;2;3;1;2;1;0;4;2;
Cody Zeller;;18:07;1;3;0;0;4;6;0;2;2;2;1;1;0;0;6;
Cody Zeller;;22:04;2;4;0;0;1;2;1;6;7;2;0;0;0;2;5;
Cody Zeller;;7:07;1;2;0;0;1;2;2;2;4;2;0;0;0;0;3;
Cody Zeller;;15:25;0;3;0;0;1;2;2;2;4;1;1;0;1;2;1;
Cody Zeller;;16:39;3;6;0;0;1;2;1;3;4;0;1;3;2;3;7;
Cody Zeller;;16:04;3;7;0;0;7;8;2;3;5;2;0;0;2;3;13;
Cody Zeller;;17:23;2;6;0;0;3;3;1;1;2;3;1;1;1;3;7;
Cody Zeller;;17:35;3;8;0;0;4;4;2;6;8;2;2;0;0;1;10;
Cody Zeller;;19:12;2;3;0;0;6;7;0;4;4;1;0;0;1;2;10;
Cody Zeller;;18:59;4;7;0;0;2;4;3;2;5;5;2;0;2;2;10;
Cody Zeller;;19:34;4;6;0;0;3;4;1;4;5;0;1;2;1;2;11;
Cody Zeller;;16:24;2;4;0;0;3;3;1;3;4;1;1;0;0;3;7;
Cody Zeller;;22:35;1;5;0;0;0;0;4;5;9;2;0;1;2;5;2;
Cody Zeller;;10:09;2;2;0;0;0;0;1;1;2;1;0;1;0;1;4;
Cody Zeller;;16:59;2;2;0;0;3;4;3;4;7;0;0;0;2;3;7;
Cody Zeller;;20:43;5;8;0;0;0;0;2;6;8;3;0;0;0;2;10;
Cody Zeller;;15:42;1;1;0;0;2;4;0;6;6;0;0;0;1;2;4;
Cody Zeller;;11:50;1;6;0;0;1;1;1;1;2;0;0;2;0;1;3;
Cody Zeller;;17:03;5;9;0;0;0;0;4;2;6;1;0;2;2;1;10;
Cody Zeller;;16:23;1;7;0;0;1;2;5;2;7;0;1;1;0;2;3;
Cody Zeller;;13:56;4;5;0;0;2;2;3;1;4;0;1;0;1;1;10;
Cody Zeller;;14:16;2;3;0;0;2;2;2;1;3;0;0;0;0;0;6;
Cody Zeller;;17:38;3;5;0;0;3;4;0;2;2;0;0;1;2;0;9;
Cody Zeller;;20:20;4;4;0;0;7;8;3;5;8;2;1;0;1;1;15;
Cody Zeller;F;26:57;3;5;0;0;3;6;1;7;8;3;0;1;3;2;9;
Cody Zeller;F;24:47;2;4;0;0;4;6;1;3;4;0;0;2;2;2;8;
Cody Zeller;F;36:43;4;6;0;0;4;8;3;8;11;4;0;1;1;1;12;
Cody Zeller;;19:09;1;5;0;0;2;4;2;2;4;1;0;0;1;3;4;
Cody Zeller;;17:36;1;3;0;0;1;2;2;1;3;0;1;0;1;1;3;
Cody Zeller;;21:23;2;4;0;0;8;10;1;2;3;0;1;1;1;4;12;
Cody Zeller;;12:28;3;6;0;0;2;4;0;1;1;1;0;0;1;2;8;
Cody Zeller;;18:26;4;6;0;0;0;0;1;0;1;1;1;0;3;0;8;
Cody Zeller;;15:31;1;6;0;0;0;0;3;1;4;0;0;1;1;2;2;
Cody Zeller;;18:52;4;9;0;0;1;2;0;5;5;0;0;0;0;2;9;
Cody Zeller;;9:34;2;4;0;0;0;0;1;0;1;0;2;0;2;4;4;
Cody Zeller;;18:00;2;3;0;0;3;4;2;3;5;1;1;0;3;4;7;
Cody Zeller;;17:53;3;3;0;0;0;2;2;1;3;2;0;0;0;1;6;
Cody Zeller;;23:08;1;3;0;0;1;2;1;1;2;0;0;1;1;3;3;
Cody Zeller;;17:20;1;5;0;0;2;2;1;1;2;1;2;0;0;2;4;
Cody Zeller;;22:22;2;7;0;0;4;4;4;5;9;2;2;1;3;1;8;
Cody Zeller;;21:56;3;6;0;0;2;3;0;4;4;0;0;0;0;1;8;
Cody Zeller;;6:47;0;2;0;0;0;0;0;0;0;0;0;0;1;2;0;
Cody Zeller;;18:56;3;8;0;0;0;0;1;5;6;2;2;1;0;3;6;
Cody Zeller;;19:00;2;6;0;0;2;3;3;1;4;1;2;0;2;4;6;
Cody Zeller;;24:56;2;11;0;0;2;2;4;5;9;0;0;0;3;3;6;
Cody Zeller;;26:19;0;3;0;0;2;2;3;2;5;1;0;2;4;3;2;
Cody Zeller;;14:19;1;3;0;0;0;0;0;3;3;1;0;0;1;1;2;
Cody Zeller;;19:08;2;7;0;0;3;4;2;4;6;2;0;1;3;5;7;
Cody Zeller;;19:03;3;5;0;0;1;1;2;2;4;1;0;1;0;1;7;
Cody Zeller;;19:29;1;6;0;0;0;0;0;2;2;3;0;0;0;1;2;
Cody Zeller;;18:11;1;5;0;0;0;0;1;3;4;1;0;0;1;2;2;
Cody Zeller;;12:11;5;6;0;0;0;1;0;5;5;0;0;0;1;2;10;
Cody Zeller;;14:05;2;5;0;0;1;2;0;3;3;1;0;0;1;2;5;
Cody Zeller;;15:28;5;7;0;0;0;0;1;5;6;2;1;1;0;2;10;
Cody Zeller;;18:59;2;5;0;0;3;3;1;4;5;2;0;1;2;1;7;
Cody Zeller;;18:19;1;5;0;0;1;2;2;4;6;1;0;0;1;2;3;
Cody Zeller;;23:29;3;7;0;0;1;1;0;5;5;2;0;1;3;4;7;
Cody Zeller;;8:43;0;3;0;0;0;0;0;1;1;0;0;0;2;1;0;
Cody Zeller;;19:60;3;7;0;0;0;0;2;2;4;1;1;2;2;2;6;
Cody Zeller;;19:07;4;5;0;0;0;0;0;3;3;2;0;0;1;1;8;
Cody Zeller;;22:03;6;12;0;0;0;0;3;4;7;4;0;2;1;2;12;
Cody Zeller;;16:24;0;5;0;0;3;4;2;2;4;1;1;0;4;1;3;
Cody Zeller;;12:12;1;8;0;0;0;0;2;1;3;2;1;0;0;5;2;
Cody Zeller;;5:18;1;1;0;0;0;0;0;0;0;1;0;0;0;1;2;
