╔═══════════════╤═══════════════╗
║Name		│Cole Aldrich	║
╟───────────────┼───────────────╢
║Number		│45		║
╟───────────────┼───────────────╢
║Position	│C		║
╟───────────────┼───────────────╢
║Height		│6-11		║
╟───────────────┼───────────────╢
║Weight		│245		║
╟───────────────┼───────────────╢
║Birth		│OCT 31, 1988	║
╟───────────────┼───────────────╢
║Age		│25		║
╟───────────────┼───────────────╢
║Exp		│3		║
╟───────────────┼───────────────╢
║School		│Kansas		║
╚═══════════════╧═══════════════╝
Cole Aldrich;;0:50;0;0;0;0;0;0;0;0;0;0;0;0;0;0;0;
Cole Aldrich;;0:52;0;0;0;0;0;0;0;0;0;0;0;0;0;0;0;
Cole Aldrich;;0:49;0;0;0;0;0;0;0;0;0;0;0;0;0;0;0;
Cole Aldrich;;5:29;0;0;0;0;0;0;1;2;3;0;0;1;0;0;0;
Cole Aldrich;;3:02;0;1;0;0;1;2;1;2;3;0;0;0;0;1;1;
Cole Aldrich;;14:40;1;4;0;0;0;0;4;4;8;0;0;0;0;2;2;
Cole Aldrich;;12:28;1;2;0;0;0;0;1;3;4;1;0;3;0;0;2;
Cole Aldrich;;13:56;1;1;0;0;0;0;2;4;6;1;0;1;0;2;2;
Cole Aldrich;;8:22;0;1;0;0;2;2;0;3;3;0;0;2;2;1;2;
Cole Aldrich;;0:50;0;0;0;0;0;0;0;1;1;0;0;0;0;0;0;
Cole Aldrich;;5:55;1;1;0;0;0;0;0;2;2;0;1;0;0;2;2;
Cole Aldrich;;1:24;0;0;0;0;0;0;0;0;0;1;0;0;0;0;0;
Cole Aldrich;;0:45;0;0;0;0;0;0;0;0;0;0;0;0;0;0;0;
Cole Aldrich;;8:21;1;1;0;0;0;0;0;3;3;0;0;0;0;0;2;
Cole Aldrich;;0:32;0;0;0;0;0;0;1;0;1;1;0;0;0;0;0;
Cole Aldrich;;5:56;0;0;0;0;0;0;0;0;0;0;0;1;0;1;0;
Cole Aldrich;;11:22;3;5;0;0;0;0;0;2;2;0;1;1;1;0;6;
Cole Aldrich;;0:43;0;0;0;0;0;0;0;0;0;0;0;0;0;0;0;
Cole Aldrich;C;25:22;4;5;0;0;4;5;5;5;10;1;0;3;1;3;12;
Cole Aldrich;;6:36;1;1;0;0;2;2;0;2;2;0;0;1;0;0;4;
Cole Aldrich;;8:50;0;2;0;0;2;2;0;2;2;0;0;1;1;1;2;
Cole Aldrich;;11:31;1;2;0;0;0;0;1;5;6;0;0;0;1;1;2;
Cole Aldrich;;6:09;0;1;0;0;2;2;0;0;0;1;1;0;0;0;2;
Cole Aldrich;;10:55;1;2;0;0;0;0;1;1;2;0;1;0;1;1;2;
Cole Aldrich;;5:58;1;1;0;0;0;0;1;0;1;0;0;1;0;3;2;
Cole Aldrich;;6:00;0;0;0;0;0;0;2;2;4;1;0;0;0;1;0;
Cole Aldrich;;12:53;2;4;0;0;2;2;0;6;6;0;0;3;0;3;6;
Cole Aldrich;;6:03;0;0;0;0;0;0;0;0;0;0;0;0;0;1;0;
Cole Aldrich;;0:20;0;0;0;0;0;0;0;0;0;0;0;0;0;0;0;
Cole Aldrich;;6:32;0;1;0;0;0;0;0;2;2;0;0;1;0;1;0;
Cole Aldrich;;18:21;3;5;0;0;0;0;3;5;8;2;0;3;2;4;6;
Cole Aldrich;;25:37;4;6;0;0;5;5;3;10;13;0;1;1;2;5;13;
Cole Aldrich;C;39:36;5;8;0;0;3;4;7;9;16;1;2;5;1;3;13;
Cole Aldrich;;1:29;0;0;0;0;0;0;0;0;0;0;0;0;1;1;0;
Cole Aldrich;;8:33;1;2;0;0;0;0;1;6;7;3;0;0;0;0;2;
Cole Aldrich;;0:15;0;0;0;0;0;0;0;0;0;0;0;0;0;0;0;
Cole Aldrich;;3:23;1;2;0;0;0;0;1;1;2;0;0;0;0;0;2;
Cole Aldrich;;0:02;0;0;0;0;0;0;0;0;0;0;0;0;0;0;0;
Cole Aldrich;;6:45;0;1;0;0;2;2;1;1;2;0;1;1;1;1;2;
Cole Aldrich;;6:33;1;2;0;0;0;0;1;1;2;1;0;0;0;0;2;
Cole Aldrich;;5:58;0;0;0;0;0;0;0;3;3;0;0;0;2;1;0;
Cole Aldrich;;1:59;0;0;0;0;0;0;0;3;3;0;0;0;1;0;0;
Cole Aldrich;;0:11;0;0;0;0;0;0;0;0;0;0;0;0;0;0;0;
Cole Aldrich;;1:44;0;0;0;0;0;0;0;1;1;0;0;0;0;0;0;
Cole Aldrich;;5:35;0;0;0;0;1;2;0;1;1;0;0;1;1;1;1;
Cole Aldrich;;0:36;0;0;0;0;0;0;0;0;0;0;0;0;0;0;0;
