╔═══════════════╤═══════════════╗
║Name		│Corey Brewer	║
╟───────────────┼───────────────╢
║Number		│13		║
╟───────────────┼───────────────╢
║Position	│F		║
╟───────────────┼───────────────╢
║Height		│6-9		║
╟───────────────┼───────────────╢
║Weight		│185		║
╟───────────────┼───────────────╢
║Birth		│MAR 05, 1986	║
╟───────────────┼───────────────╢
║Age		│28		║
╟───────────────┼───────────────╢
║Exp		│6		║
╟───────────────┼───────────────╢
║School		│Florida	║
╚═══════════════╧═══════════════╝
Corey Brewer;F;23:11;2;4;1;1;0;0;2;3;5;4;4;1;1;4;5;
Corey Brewer;F;40:04;6;14;1;4;2;4;0;1;1;3;3;0;1;6;15;
Corey Brewer;F;27:47;5;8;3;3;2;3;0;3;3;2;2;0;0;3;15;
Corey Brewer;F;37:09;6;10;1;2;2;4;1;3;4;0;1;1;1;1;15;
Corey Brewer;F;27:39;2;3;0;0;0;0;0;1;1;1;0;1;2;3;4;
Corey Brewer;F;23:09;1;5;0;1;0;0;1;0;1;1;2;0;0;2;2;
Corey Brewer;F;34:36;4;8;0;1;4;5;2;1;3;2;1;1;2;4;12;
Corey Brewer;F;19:14;2;3;0;1;0;2;0;0;0;1;0;0;1;4;4;
Corey Brewer;F;27:05;1;3;0;0;0;0;0;0;0;2;1;0;0;5;2;
Corey Brewer;F;32:60;7;11;1;3;4;4;0;4;4;2;1;2;0;3;19;
Corey Brewer;F;33:20;6;11;3;5;0;0;0;0;0;4;2;0;0;2;15;
Corey Brewer;F;24:15;5;8;1;2;0;0;1;1;2;1;2;2;2;4;11;
Corey Brewer;F;35:01;5;8;1;2;0;0;0;0;0;3;3;2;2;2;11;
Corey Brewer;F;25:20;1;4;0;2;1;2;0;2;2;2;1;0;1;2;3;
Corey Brewer;F;34:09;2;7;0;1;2;2;0;2;2;0;0;0;1;3;6;
Corey Brewer;F;31:42;5;7;0;0;0;0;1;2;3;5;1;0;3;4;10;
Corey Brewer;F;30:40;5;10;1;3;0;2;1;0;1;1;3;0;2;3;11;
Corey Brewer;F;41:11;6;10;1;2;3;4;0;4;4;0;2;0;2;0;16;
Corey Brewer;F;38:49;11;23;0;1;4;6;3;4;7;2;0;1;0;1;26;
Corey Brewer;F;18:24;2;6;1;3;0;0;0;0;0;1;2;0;1;4;5;
Corey Brewer;F;36:02;9;14;1;3;3;4;0;2;2;1;5;0;3;2;22;
Corey Brewer;F;27:37;5;10;0;1;2;3;0;1;1;1;3;0;0;4;12;
Corey Brewer;F;36:23;5;12;0;2;3;3;2;2;4;1;0;0;1;2;13;
Corey Brewer;F;32:17;3;11;0;2;0;0;2;3;5;1;2;0;0;2;6;
Corey Brewer;F;32:46;7;9;1;1;3;7;0;1;1;1;2;0;3;2;18;
Corey Brewer;F;34:19;5;10;1;3;2;2;0;2;2;1;2;0;2;4;13;
Corey Brewer;F;36:02;6;10;1;2;3;6;2;0;2;1;2;0;3;3;16;
Corey Brewer;F;30:08;5;11;0;3;6;6;0;6;6;2;0;1;0;3;16;
Corey Brewer;F;33:31;4;9;0;1;0;0;0;3;3;4;0;0;0;3;8;
Corey Brewer;F;44:10;6;13;0;2;5;9;2;1;3;3;6;1;0;4;17;
Corey Brewer;F;34:52;1;8;0;0;2;2;1;4;5;3;2;0;1;4;4;
Corey Brewer;F;30:35;3;6;0;1;4;6;0;2;2;1;3;1;0;2;10;
Corey Brewer;F;33:23;5;9;0;1;0;0;2;2;4;2;0;0;0;2;10;
Corey Brewer;F;47:32;6;15;1;3;0;0;1;3;4;2;1;0;1;3;13;
Corey Brewer;F;17:24;0;3;0;2;0;0;0;0;0;0;1;0;1;1;0;
Corey Brewer;F;37:45;6;15;1;2;1;1;2;1;3;0;1;0;1;5;14;
Corey Brewer;F;27:04;6;10;1;1;2;3;3;4;7;0;0;0;1;3;15;
Corey Brewer;F;30:02;8;16;0;1;2;2;0;3;3;3;3;0;3;0;18;
Corey Brewer;F;26:36;3;6;0;1;5;5;1;2;3;3;2;0;0;1;11;
Corey Brewer;F;30:08;9;13;0;1;3;4;1;2;3;2;4;0;2;3;21;
Corey Brewer;F;20:46;4;8;1;3;0;0;0;1;1;1;1;2;1;1;9;
Corey Brewer;F;33:47;2;7;0;2;2;2;1;1;2;2;1;1;1;1;6;
Corey Brewer;F;29:42;5;9;0;2;1;1;1;5;6;2;1;0;1;2;11;
Corey Brewer;F;33:08;6;9;1;2;2;5;0;0;0;3;5;0;0;2;15;
Corey Brewer;F;28:31;5;8;1;1;3;3;0;3;3;2;4;0;2;1;14;
Corey Brewer;G;32:19;4;9;0;2;1;2;0;1;1;1;4;0;2;3;9;
Corey Brewer;G;44:53;19;30;2;6;11;15;1;1;2;1;6;1;2;4;51;
Corey Brewer;F;30:22;2;8;0;1;6;8;0;0;0;1;2;1;0;4;10;
Corey Brewer;F;40:37;10;13;0;0;2;3;2;1;3;5;3;0;0;1;22;
Corey Brewer;F;30:29;4;8;0;2;3;5;1;1;2;1;4;0;1;2;11;
Corey Brewer;F;39:40;7;11;1;4;1;3;1;2;3;2;3;0;3;2;16;
Corey Brewer;F;20:57;3;8;1;3;2;2;1;0;1;1;0;0;0;2;9;
Corey Brewer;F;24:03;3;8;0;2;4;6;1;1;2;1;1;0;0;4;10;
Corey Brewer;F;37:36;5;12;0;4;3;3;1;2;3;1;6;0;3;4;13;
Corey Brewer;F;33:19;7;14;1;2;3;3;0;1;1;0;0;0;1;5;18;
Corey Brewer;F;37:29;7;14;1;3;2;3;1;2;3;4;0;0;2;3;17;
Corey Brewer;F;38:02;6;9;1;3;4;6;0;1;1;3;4;2;2;2;17;
Corey Brewer;F;35:41;4;10;1;5;0;0;1;2;3;2;1;0;4;4;9;
Corey Brewer;G;29:58;10;17;5;5;2;3;3;1;4;1;2;0;0;2;27;
Corey Brewer;F;36:14;4;9;1;4;2;2;1;2;3;0;1;0;3;4;11;
Corey Brewer;F;27:33;2;8;0;1;0;0;1;2;3;2;2;1;1;2;4;
Corey Brewer;F;34:40;7;17;1;5;1;1;3;1;4;0;4;0;1;3;16;
Corey Brewer;F;40:12;5;12;1;6;6;8;0;2;2;1;1;0;2;2;17;
Corey Brewer;F;27:54;6;13;3;6;0;0;1;0;1;1;1;1;1;2;15;
Corey Brewer;F;37:50;8;14;1;4;5;7;0;2;2;1;5;0;1;2;22;
Corey Brewer;F;40:09;3;12;0;5;3;4;0;1;1;1;1;1;6;3;9;
Corey Brewer;F;40:33;5;9;2;5;2;3;1;3;4;1;2;2;1;3;14;
Corey Brewer;F;33:32;5;8;3;5;0;0;0;3;3;3;1;0;1;0;13;
Corey Brewer;F;38:26;5;14;0;6;0;0;1;3;4;3;2;0;3;3;10;
Corey Brewer;F;32:06;3;10;2;6;5;6;4;2;6;0;0;0;3;3;13;
Corey Brewer;F;28:12;5;10;1;5;0;0;0;0;0;4;1;0;1;1;11;
Corey Brewer;F;34:21;4;13;2;3;0;0;0;3;3;0;0;0;0;3;10;
Corey Brewer;F;35:49;3;9;0;3;3;4;0;2;2;2;1;2;0;2;9;
Corey Brewer;F;37:02;4;8;1;4;0;2;2;10;12;2;3;0;1;1;9;
Corey Brewer;G;21:51;1;8;0;3;2;2;0;1;1;0;0;0;2;1;4;
Corey Brewer;F;32:48;2;6;0;2;2;2;0;2;2;1;1;0;0;2;6;
Corey Brewer;F;27:33;0;7;0;3;5;6;1;2;3;3;1;0;3;2;5;
Corey Brewer;F;23:25;1;5;1;3;0;0;0;0;0;1;1;1;2;1;3;
Corey Brewer;F;24:01;4;9;0;3;2;2;0;0;0;2;1;0;0;1;10;
Corey Brewer;F;33:06;5;9;0;2;2;2;2;0;2;3;3;0;3;3;12;
Corey Brewer;F;33:55;7;12;2;5;0;0;0;2;2;1;1;1;1;4;16;
