╔═══════════════╤═══════════════╗
║Name		│Cory Joseph	║
╟───────────────┼───────────────╢
║Number		│5		║
╟───────────────┼───────────────╢
║Position	│G		║
╟───────────────┼───────────────╢
║Height		│6-3		║
╟───────────────┼───────────────╢
║Weight		│190		║
╟───────────────┼───────────────╢
║Birth		│AUG 20, 1991	║
╟───────────────┼───────────────╢
║Age		│22		║
╟───────────────┼───────────────╢
║Exp		│2		║
╟───────────────┼───────────────╢
║School		│Texas		║
╚═══════════════╧═══════════════╝
Cory Joseph;;3:52;1;1;0;0;0;0;0;0;0;0;0;0;0;1;2;
Cory Joseph;;17:14;2;5;1;2;4;4;0;0;0;5;3;0;1;0;9;
Cory Joseph;;19:54;0;4;0;0;0;0;0;4;4;1;0;1;0;1;0;
Cory Joseph;;15:01;3;6;1;3;0;0;0;1;1;0;0;1;1;1;7;
Cory Joseph;;10:27;2;2;0;0;0;0;0;1;1;0;1;0;1;1;4;
Cory Joseph;G;26:01;4;8;2;3;2;2;1;3;4;3;0;0;1;2;12;
Cory Joseph;;12:26;1;3;0;1;0;0;1;0;1;2;0;1;0;2;2;
Cory Joseph;G;30:36;4;10;0;1;0;0;4;2;6;3;2;0;1;0;8;
Cory Joseph;G;26:46;2;6;0;2;2;2;1;1;2;2;2;1;0;2;6;
Cory Joseph;G;22:44;3;5;0;1;2;2;0;2;2;5;0;0;0;3;8;
Cory Joseph;;26:18;3;4;0;0;2;2;0;1;1;1;1;1;2;3;8;
Cory Joseph;G;22:49;1;4;0;1;0;0;0;0;0;0;0;2;2;3;2;
Cory Joseph;G;23:43;2;3;1;1;0;0;0;2;2;1;0;1;0;3;5;
Cory Joseph;G;26:58;4;7;0;0;0;0;1;2;3;4;3;0;1;1;8;
Cory Joseph;G;34:43;5;12;1;3;7;7;2;2;4;3;4;0;2;0;18;
Cory Joseph;G;32:34;3;7;0;2;2;2;1;3;4;2;1;1;1;2;8;
Cory Joseph;;25:51;3;7;0;1;5;6;1;2;3;9;0;0;0;2;11;
Cory Joseph;G;37:08;4;9;1;1;2;2;1;3;4;5;3;0;1;3;11;
Cory Joseph;G;23:35;3;6;1;1;0;0;2;1;3;1;1;0;0;4;7;
Cory Joseph;G;24:14;0;4;0;1;0;0;1;1;2;4;1;1;0;1;0;
Cory Joseph;G;25:07;4;8;0;2;3;4;1;2;3;0;0;0;4;3;11;
Cory Joseph;G;13:07;2;2;0;0;6;6;0;1;1;2;1;0;2;0;10;
Cory Joseph;G;6:54;0;1;0;0;2;2;1;0;1;1;0;0;0;0;2;
Cory Joseph;;6:26;1;3;0;0;0;0;0;2;2;3;1;0;0;0;2;
Cory Joseph;;3:38;0;2;0;0;0;0;0;0;0;0;0;0;0;0;0;
Cory Joseph;;1:37;0;0;0;0;0;0;0;0;0;0;0;0;0;1;0;
Cory Joseph;;8:24;1;3;0;0;0;0;0;0;0;0;1;2;1;0;2;
Cory Joseph;;2:06;2;2;0;0;0;0;0;0;0;0;0;0;0;0;4;
Cory Joseph;;26:01;5;8;1;1;0;0;1;2;3;7;0;0;1;2;11;
Cory Joseph;;3:17;1;2;0;0;0;0;0;0;0;0;0;0;0;0;2;
Cory Joseph;;1:35;1;1;0;0;0;0;0;0;0;1;0;0;1;0;2;
Cory Joseph;;2:44;1;2;0;0;1;1;0;0;0;0;0;0;0;0;3;
Cory Joseph;;4:49;0;0;0;0;0;0;0;0;0;0;0;0;0;1;0;
Cory Joseph;G;34:52;5;11;0;1;2;2;0;7;7;5;2;0;2;5;12;
Cory Joseph;;19:34;4;5;0;0;1;1;1;3;4;3;0;1;0;5;9;
Cory Joseph;;23:22;0;4;0;1;2;4;1;4;5;3;0;0;0;1;2;
Cory Joseph;;3:37;1;3;0;0;0;0;0;1;1;0;0;0;0;1;2;
Cory Joseph;;10:32;1;3;1;1;0;0;0;1;1;1;0;0;0;0;3;
Cory Joseph;;4:10;1;2;0;0;0;0;0;0;0;1;0;0;0;1;2;
Cory Joseph;;20:36;4;6;0;1;0;0;0;1;1;5;1;0;0;0;8;
Cory Joseph;G;19:59;4;5;0;0;5;8;1;1;2;2;3;0;1;2;13;
Cory Joseph;;8:16;0;0;0;0;3;4;0;1;1;0;0;0;0;2;3;
Cory Joseph;;0:35;0;0;0;0;0;0;0;0;0;0;0;0;1;0;0;
Cory Joseph;;22:12;5;10;0;0;1;1;0;3;3;5;0;0;0;4;11;
Cory Joseph;;21:29;5;11;0;1;2;2;0;2;2;3;1;0;2;2;12;
Cory Joseph;;0:21;0;0;0;0;0;0;0;0;0;0;0;0;0;0;0;
Cory Joseph;;2:18;0;0;0;0;0;0;0;0;0;1;0;0;0;0;0;
Cory Joseph;;6:59;1;1;0;0;2;2;1;0;1;0;0;0;0;0;4;
Cory Joseph;;7:08;1;4;0;0;4;6;1;0;1;2;0;0;1;1;6;
Cory Joseph;;8:25;0;3;0;1;1;2;0;1;1;1;0;0;2;3;1;
Cory Joseph;;0:22;0;0;0;0;0;0;0;0;0;0;0;0;0;0;0;
Cory Joseph;;1:04;1;1;0;0;0;0;0;0;0;0;0;0;1;0;2;
Cory Joseph;;18:49;2;5;0;0;4;5;0;2;2;2;0;0;2;3;8;
Cory Joseph;;9:53;2;3;0;0;2;2;0;3;3;2;0;0;1;0;6;
Cory Joseph;;0:19;0;0;0;0;0;0;0;0;0;0;0;0;0;0;0;
Cory Joseph;G;25:00;3;6;1;1;6;6;0;2;2;4;1;0;0;0;13;
Cory Joseph;;5:46;2;3;0;0;0;0;1;0;1;0;0;0;0;0;4;
Cory Joseph;;7:40;2;3;0;1;0;0;0;1;1;1;1;0;0;0;4;
Cory Joseph;;19:22;5;10;0;0;0;1;2;0;2;2;0;0;0;4;10;
Cory Joseph;;5:28;1;2;0;0;0;0;0;0;0;1;0;0;0;1;2;
Cory Joseph;;1:02;0;2;0;0;0;0;1;0;1;0;1;0;0;0;0;
Cory Joseph;;11:35;1;1;0;0;2;4;1;0;1;1;0;0;2;3;4;
Cory Joseph;G;16:29;2;5;0;0;0;0;0;3;3;0;0;0;1;3;4;
Cory Joseph;;13:36;2;3;1;1;0;0;1;0;1;2;0;0;4;1;5;
Cory Joseph;;1:40;0;1;0;0;0;0;0;0;0;0;0;0;0;0;0;
Cory Joseph;;5:38;1;2;0;1;2;2;0;1;1;2;0;0;0;0;4;
Cory Joseph;;0:13;0;0;0;0;0;0;0;0;0;0;0;0;0;0;0;
Cory Joseph;;8:24;2;3;0;1;0;2;2;0;2;0;0;1;0;0;4;
