╔═══════════════╤═══════════════════════╗
║Name		│Courtney Lee		║
╟───────────────┼───────────────────────╢
║Number		│5			║
╟───────────────┼───────────────────────╢
║Position	│G			║
╟───────────────┼───────────────────────╢
║Height		│6-5			║
╟───────────────┼───────────────────────╢
║Weight		│200			║
╟───────────────┼───────────────────────╢
║Birth		│OCT 03, 1985		║
╟───────────────┼───────────────────────╢
║Age		│28			║
╟───────────────┼───────────────────────╢
║Exp		│5			║
╟───────────────┼───────────────────────╢
║School		│Western Kentucky	║
╚═══════════════╧═══════════════════════╝
Courtney Lee;;19:35;3;5;0;1;1;2;0;5;5;2;1;0;1;2;7;
Courtney Lee;;14:21;1;8;1;5;0;0;1;1;2;1;1;0;0;2;3;
Courtney Lee;;25:43;5;10;2;5;0;0;0;2;2;1;1;1;0;2;12;
Courtney Lee;;28:31;2;6;0;1;4;4;1;5;6;2;1;0;2;1;8;
Courtney Lee;G;32:00;7;12;1;3;0;0;0;1;1;2;2;2;2;1;15;
Courtney Lee;G;36:19;9;15;2;3;4;4;2;3;5;0;2;0;1;2;24;
Courtney Lee;G;26:26;3;7;1;3;2;2;0;0;0;0;0;0;0;2;9;
Courtney Lee;G;32:43;7;14;1;5;2;2;0;5;5;2;0;1;1;1;17;
Courtney Lee;G;33:32;6;8;3;5;4;4;0;2;2;1;0;0;1;3;19;
Courtney Lee;G;28:29;6;9;1;1;6;6;1;0;1;2;1;0;1;2;19;
Courtney Lee;G;31:18;5;9;1;3;4;4;0;2;2;3;0;1;0;1;15;
Courtney Lee;G;31:09;5;9;1;2;1;2;0;1;1;1;3;0;1;1;12;
Courtney Lee;G;24:55;2;4;0;0;0;0;0;2;2;0;1;0;1;2;4;
Courtney Lee;G;34:01;5;7;1;1;5;7;1;4;5;1;1;1;2;1;16;
Courtney Lee;G;39:39;3;8;1;2;1;1;0;5;5;7;0;0;3;3;8;
Courtney Lee;G;36:32;3;10;1;6;4;5;0;4;4;1;1;1;2;4;11;
Courtney Lee;G;39:48;10;15;2;4;0;0;3;2;5;4;1;1;1;5;22;
Courtney Lee;G;37:42;6;12;1;3;1;1;0;3;3;2;3;0;0;1;14;
Courtney Lee;G;38:00;4;15;0;4;2;2;0;3;3;3;2;0;0;1;10;
Courtney Lee;G;34:05;5;12;1;7;2;2;0;1;1;1;2;1;2;2;13;
Courtney Lee;G;32:16;6;14;1;3;4;4;1;5;6;2;1;0;0;3;17;
Courtney Lee;G;37:17;2;8;0;1;2;2;0;2;2;4;2;1;0;1;6;
Courtney Lee;G;33:45;4;8;1;2;1;1;0;0;0;2;0;0;0;3;10;
Courtney Lee;G;34:40;4;13;1;4;1;1;1;8;9;1;0;0;1;1;10;
Courtney Lee;G;27:57;6;10;2;5;4;5;0;2;2;5;0;0;0;0;18;
Courtney Lee;G;33:11;3;7;2;3;2;2;1;3;4;1;1;0;0;3;10;
Courtney Lee;G;33:15;7;11;5;8;0;0;0;4;4;1;1;2;0;2;19;
Courtney Lee;G;16:43;4;7;0;2;1;1;0;1;1;2;1;0;0;3;9;
Courtney Lee;G;25:59;2;7;0;2;0;0;1;1;2;2;3;0;0;1;4;
Courtney Lee;G;28:26;3;8;0;0;0;1;0;2;2;1;0;1;1;2;6;
Courtney Lee;G;27:05;4;6;0;0;1;1;0;4;4;2;1;1;0;0;9;
Courtney Lee;G;25:18;7;12;1;4;1;1;0;1;1;0;1;0;1;1;16;
Courtney Lee;G;22:48;1;6;0;5;2;2;0;2;2;1;1;0;0;1;4;
Courtney Lee;G;26:30;5;9;1;2;1;1;1;2;3;0;0;1;1;3;12;
Courtney Lee;G;28:31;3;6;0;2;0;1;0;4;4;0;0;0;2;3;6;
Courtney Lee;G;28:38;4;8;0;3;0;0;0;2;2;1;3;0;2;3;8;
Courtney Lee;G;32:01;4;14;2;6;2;2;1;0;1;1;3;0;0;2;12;
Courtney Lee;G;24:40;2;3;0;1;0;0;0;2;2;0;0;0;0;2;4;
Courtney Lee;G;21:13;0;1;0;0;0;0;0;2;2;3;0;0;1;4;0;
Courtney Lee;G;19:29;0;2;0;0;0;0;0;3;3;0;0;0;0;2;0;
Courtney Lee;G;25:34;5;7;0;0;1;1;1;2;3;3;1;1;2;1;11;
Courtney Lee;G;20:23;3;5;0;1;0;0;0;3;3;3;2;0;1;3;6;
Courtney Lee;G;34:08;6;12;3;5;4;6;2;5;7;3;0;0;0;2;19;
Courtney Lee;G;34:17;6;9;2;2;0;0;1;5;6;0;1;0;1;1;14;
Courtney Lee;G;38:44;3;7;1;1;3;3;0;1;1;1;1;0;2;1;10;
Courtney Lee;G;23:03;1;7;0;0;2;2;1;0;1;0;0;0;1;1;4;
Courtney Lee;G;36:50;7;11;3;5;1;1;0;1;1;3;0;1;4;2;18;
Courtney Lee;G;22:34;3;6;0;2;3;3;0;2;2;1;1;0;1;1;9;
Courtney Lee;G;29:45;4;11;2;4;0;0;2;1;3;3;0;1;2;2;10;
Courtney Lee;G;17:23;0;4;0;3;0;0;0;1;1;1;0;1;3;0;0;
Courtney Lee;G;35:15;3;10;2;8;3;3;0;1;1;3;0;0;2;1;11;
Courtney Lee;;14:28;1;4;0;2;0;0;0;2;2;0;1;0;2;0;2;
Courtney Lee;;25:42;6;11;1;3;0;0;0;4;4;1;2;0;0;3;13;
Courtney Lee;;21:44;2;5;0;2;2;2;0;1;1;2;1;0;3;3;6;
Courtney Lee;;18:53;4;5;1;2;0;0;0;3;3;2;1;0;2;0;9;
Courtney Lee;;10:33;2;3;1;1;0;0;0;2;2;0;0;0;0;1;5;
Courtney Lee;;17:27;5;9;0;0;3;4;2;2;4;0;2;1;0;2;13;
Courtney Lee;;12:05;3;4;0;0;0;0;0;0;0;0;0;0;0;0;6;
Courtney Lee;;18:57;5;8;1;1;1;1;1;1;2;0;1;1;0;1;12;
Courtney Lee;;14:17;4;8;2;4;0;0;0;0;0;0;0;0;1;2;10;
Courtney Lee;;17:20;4;9;1;2;0;0;0;1;1;2;0;2;0;2;9;
Courtney Lee;;23:25;7;16;3;4;0;0;0;2;2;1;0;0;0;2;17;
Courtney Lee;;18:04;1;3;0;0;0;0;0;1;1;2;1;0;2;0;2;
Courtney Lee;;16:14;1;3;0;0;0;0;0;0;0;0;2;0;0;1;2;
Courtney Lee;;16:42;2;4;0;0;0;0;0;5;5;1;0;0;1;0;4;
Courtney Lee;;15:17;4;7;2;4;1;1;1;1;2;2;1;0;0;2;11;
Courtney Lee;;9:24;0;1;0;0;0;0;0;0;0;0;0;0;1;2;0;
Courtney Lee;;15:39;5;7;1;2;0;0;0;0;0;1;0;0;1;1;11;
Courtney Lee;;10:42;0;3;0;2;0;0;0;1;1;1;0;0;0;0;0;
Courtney Lee;;19:36;4;7;2;4;0;0;0;1;1;0;1;0;0;1;10;
Courtney Lee;;19:26;1;2;0;0;2;2;0;0;0;2;1;0;1;1;4;
Courtney Lee;;14:42;0;2;0;0;0;0;1;1;2;2;0;1;2;6;0;
Courtney Lee;;19:05;6;8;3;3;3;4;0;0;0;0;0;0;1;1;18;
Courtney Lee;;15:16;1;4;0;1;2;2;1;0;1;3;0;0;1;0;4;
Courtney Lee;;15:29;4;6;0;0;2;2;0;2;2;0;0;0;2;0;10;
Courtney Lee;;7:40;0;3;0;1;0;0;0;0;0;0;0;0;0;0;0;
Courtney Lee;;22:55;5;10;1;2;0;1;0;2;2;3;2;2;2;1;11;
Courtney Lee;;16:34;4;11;2;5;1;1;0;1;1;2;1;0;2;1;11;
Courtney Lee;;23:00;5;7;1;1;0;0;1;2;3;2;1;2;0;0;11;
