╔═══════════════╤═══════════════╗
║Name		│Damian Lillard	║
╟───────────────┼───────────────╢
║Number		│0		║
╟───────────────┼───────────────╢
║Position	│G		║
╟───────────────┼───────────────╢
║Height		│6-3		║
╟───────────────┼───────────────╢
║Weight		│195		║
╟───────────────┼───────────────╢
║Birth		│JUL 15, 1990	║
╟───────────────┼───────────────╢
║Age		│23		║
╟───────────────┼───────────────╢
║Exp		│1		║
╟───────────────┼───────────────╢
║School		│Weber State	║
╚═══════════════╧═══════════════╝
Damian Lillard;G;29:22;9;13;6;6;0;0;0;0;0;7;2;0;2;2;24;
Damian Lillard;G;35:00;6;20;1;6;4;4;1;1;2;1;0;2;6;2;17;
Damian Lillard;G;37:54;13;24;7;13;8;8;0;7;7;4;0;1;6;5;41;
Damian Lillard;G;33:38;4;12;3;8;0;0;0;7;7;2;0;1;1;0;11;
Damian Lillard;G;34:23;5;15;1;4;4;5;0;2;2;6;1;0;2;4;15;
Damian Lillard;G;35:52;10;20;5;10;3;4;0;6;6;5;2;0;0;2;28;
Damian Lillard;G;37:06;6;16;1;5;8;8;1;4;5;9;1;0;2;1;21;
Damian Lillard;G;30:56;3;8;2;6;6;6;0;5;5;10;0;0;1;3;14;
Damian Lillard;G;35:52;7;17;3;8;7;8;0;1;1;5;0;0;4;3;24;
Damian Lillard;G;35:24;6;15;0;5;2;4;0;2;2;4;1;1;0;1;14;
Damian Lillard;G;36:37;5;10;0;4;1;1;0;2;2;3;0;2;3;3;11;
Damian Lillard;G;32:41;5;17;1;4;3;3;0;1;1;5;1;0;3;2;14;
Damian Lillard;G;34:10;5;16;2;7;4;6;1;2;3;4;0;1;2;2;16;
Damian Lillard;G;37:25;7;16;2;9;0;0;1;0;1;3;0;0;3;2;16;
Damian Lillard;G;37:07;8;15;1;4;4;5;0;6;6;7;1;0;0;2;21;
Damian Lillard;G;37:29;8;19;2;7;7;7;1;5;6;8;0;0;3;3;25;
Damian Lillard;G;38:05;4;12;1;6;3;5;1;4;5;4;1;0;4;0;12;
Damian Lillard;G;44:48;15;26;4;7;4;5;0;3;3;11;0;0;3;5;38;
Damian Lillard;G;30:47;3;10;1;4;7;7;1;4;5;4;1;1;3;5;14;
Damian Lillard;G;36:52;5;15;1;7;5;6;0;3;3;7;1;0;1;1;16;
Damian Lillard;G;30:50;8;12;3;5;2;2;0;1;1;5;0;0;6;5;21;
Damian Lillard;G;38:23;13;21;1;3;4;5;1;3;4;6;0;0;2;3;31;
Damian Lillard;G;37:03;11;28;2;5;4;4;0;2;2;7;1;0;2;1;28;
Damian Lillard;G;29:46;11;17;5;8;5;5;0;2;2;5;0;0;1;5;32;
Damian Lillard;G;37:12;8;21;4;11;11;13;0;7;7;9;1;1;3;1;31;
Damian Lillard;G;28:54;6;11;2;3;0;0;0;1;1;0;1;0;2;2;14;
Damian Lillard;G;35:04;7;13;0;5;3;3;1;4;5;2;3;0;1;1;17;
Damian Lillard;G;35:18;8;19;3;8;1;4;1;4;5;5;0;0;4;1;20;
Damian Lillard;G;24:56;4;9;2;5;2;2;0;4;4;7;1;0;1;2;12;
Damian Lillard;G;35:04;3;10;1;6;3;3;0;3;3;4;0;0;5;3;10;
Damian Lillard;G;33:04;7;13;3;5;4;4;0;4;4;4;2;0;7;6;21;
Damian Lillard;G;38:38;8;21;4;8;12;13;2;2;4;7;0;0;2;4;32;
Damian Lillard;G;39:38;9;22;2;7;3;4;2;3;5;3;1;0;2;2;23;
Damian Lillard;G;41:29;8;17;3;8;8;10;0;3;3;5;0;1;3;1;27;
Damian Lillard;G;38:54;8;22;1;6;9;10;2;0;2;7;0;0;0;1;26;
Damian Lillard;G;39:01;7;21;1;11;5;5;0;1;1;4;1;0;5;5;20;
Damian Lillard;G;34:53;8;18;3;8;4;5;1;5;6;10;0;0;1;1;23;
Damian Lillard;G;31:38;7;19;3;6;3;3;0;2;2;4;0;0;0;0;20;
Damian Lillard;G;40:18;3;15;1;8;12;14;1;3;4;6;2;0;1;2;19;
Damian Lillard;G;36:00;5;17;0;4;7;8;0;0;0;2;1;0;3;3;17;
Damian Lillard;G;34:11;7;15;4;9;3;4;0;6;6;4;0;0;2;4;21;
Damian Lillard;G;37:02;6;14;3;5;1;2;0;4;4;4;1;0;1;1;16;
Damian Lillard;G;37:55;4;10;2;5;3;4;0;4;4;5;2;0;4;0;13;
Damian Lillard;G;35:31;10;22;5;10;9;9;0;2;2;8;3;0;2;3;34;
Damian Lillard;G;37:50;5;13;2;6;3;6;0;2;2;7;1;0;2;4;15;
Damian Lillard;G;38:38;9;19;0;2;2;3;0;6;6;5;3;0;1;1;20;
Damian Lillard;G;37:06;6;11;3;7;4;5;1;4;5;10;0;0;5;3;19;
Damian Lillard;G;37:10;4;10;4;6;4;4;0;1;1;6;1;0;1;1;16;
Damian Lillard;G;43:35;3;13;2;6;5;6;1;2;3;5;1;1;3;4;13;
Damian Lillard;G;12:00;3;5;3;4;0;0;0;0;0;2;1;0;0;1;9;
Damian Lillard;G;42:12;10;20;6;12;6;8;2;2;4;2;1;1;0;2;32;
Damian Lillard;G;34:06;6;13;3;4;3;3;0;4;4;7;0;0;1;4;18;
Damian Lillard;G;36:06;7;16;3;8;8;8;0;7;7;7;0;0;3;2;25;
Damian Lillard;G;42:12;7;17;4;9;4;7;0;4;4;5;0;0;3;3;22;
Damian Lillard;G;37:23;5;13;4;9;8;8;0;8;8;7;1;0;3;0;22;
Damian Lillard;G;36:45;1;15;0;5;2;4;2;4;6;6;3;0;1;1;4;
Damian Lillard;G;35:00;7;16;5;8;6;6;0;5;5;4;0;1;2;3;25;
Damian Lillard;G;35:02;4;13;0;2;3;4;0;3;3;8;2;0;2;1;11;
Damian Lillard;G;30:59;6;15;2;6;3;3;0;2;2;4;0;0;6;4;17;
Damian Lillard;G;41:21;10;22;3;10;2;2;1;4;5;8;1;0;3;3;25;
Damian Lillard;G;36:17;6;13;2;7;5;5;0;2;2;9;0;0;1;4;19;
Damian Lillard;G;37:30;7;18;2;7;3;3;0;6;6;3;1;1;3;2;19;
Damian Lillard;G;34:59;6;14;3;5;5;5;0;2;2;6;1;0;2;5;20;
Damian Lillard;G;36:09;6;20;2;7;6;6;0;1;1;9;1;0;1;4;20;
Damian Lillard;G;36:09;9;20;2;7;3;3;1;3;4;6;1;0;1;1;23;
Damian Lillard;G;32:35;5;12;3;5;3;3;0;0;0;1;0;0;3;2;16;
Damian Lillard;G;37:34;7;19;4;9;8;9;0;5;5;9;1;1;2;2;26;
Damian Lillard;G;37:28;7;17;2;4;10;10;1;5;6;2;0;2;4;2;26;
Damian Lillard;G;35:59;4;14;2;7;4;5;0;1;1;6;1;0;2;3;14;
Damian Lillard;G;25:24;7;9;5;6;2;2;1;2;3;6;1;1;3;1;21;
Damian Lillard;G;37:21;9;18;5;9;9;9;0;1;1;5;0;0;1;2;32;
Damian Lillard;G;34:08;5;14;1;5;7;7;0;5;5;3;1;0;0;4;18;
Damian Lillard;G;34:22;1;10;1;4;5;5;0;0;0;6;0;1;2;2;8;
Damian Lillard;G;25:55;5;9;4;6;2;2;0;1;1;6;0;0;3;3;16;
Damian Lillard;G;40:54;6;21;0;7;11;12;1;1;2;7;3;0;2;1;23;
Damian Lillard;G;37:35;11;23;8;12;6;7;2;6;8;10;0;1;3;1;36;
Damian Lillard;G;41:25;13;24;7;14;3;7;1;5;6;6;3;1;3;5;36;
Damian Lillard;G;36:57;11;21;4;10;3;4;2;0;2;5;0;0;2;5;29;
Damian Lillard;G;41:25;4;12;2;5;4;5;0;5;5;4;0;0;4;1;14;
Damian Lillard;G;35:17;5;9;4;7;2;2;0;1;1;7;1;0;4;0;16;
Damian Lillard;G;41:01;10;18;5;8;4;5;0;3;3;5;1;0;0;2;29;
Damian Lillard;G;40:35;6;15;4;10;5;5;1;5;6;11;1;0;2;3;21;
