Daniel Orton;;18:35;1;3;0;0;3;4;2;2;4;2;1;3;0;2;5;
Daniel Orton;;18:50;2;4;0;0;1;1;2;3;5;0;0;2;0;4;5;
Daniel Orton;;14:52;1;1;0;0;2;2;0;1;1;0;1;1;1;4;4;
Daniel Orton;;11:25;0;0;0;0;0;0;0;3;3;0;0;3;1;0;0;
Daniel Orton;;16:54;2;2;0;0;0;0;0;1;1;1;0;0;1;2;4;
Daniel Orton;;17:04;0;2;0;0;1;3;2;4;6;1;0;0;2;2;1;
Daniel Orton;;6:33;1;2;0;0;3;3;0;3;3;0;0;0;1;2;5;
Daniel Orton;;0:01;0;0;0;0;0;0;0;0;0;0;0;0;0;0;0;
Daniel Orton;;4:56;0;0;0;0;0;0;0;2;2;0;0;0;1;2;0;
Daniel Orton;;15:47;1;2;0;0;1;3;1;1;2;1;1;1;1;1;3;
Daniel Orton;C;17:05;2;4;0;0;2;2;1;5;6;0;0;1;3;0;6;
Daniel Orton;C;18:48;1;3;0;0;2;3;1;5;6;3;1;1;2;4;4;
Daniel Orton;F;35:36;3;11;0;0;4;5;4;6;10;1;0;2;0;3;10;
Daniel Orton;C;19:20;4;6;0;0;0;0;0;2;2;0;0;1;2;2;8;
Daniel Orton;;5:52;1;3;0;0;0;0;0;1;1;1;0;1;2;5;2;
Daniel Orton;;3:05;0;0;0;0;0;0;1;1;2;0;0;0;0;1;0;
Daniel Orton;;4:15;0;0;0;0;0;0;0;2;2;1;0;0;0;0;0;
Daniel Orton;;6:56;1;2;0;0;2;2;0;1;1;1;0;0;0;1;4;
Daniel Orton;;3:17;0;1;0;0;0;0;1;1;2;0;0;0;0;1;0;
Daniel Orton;;0:52;0;0;0;0;0;0;1;0;1;0;0;0;0;0;0;
Daniel Orton;;4:41;1;1;0;0;2;2;0;0;0;3;2;0;0;1;4;
Daniel Orton;;6:02;0;0;0;0;0;0;0;1;1;0;0;0;1;1;0;
