╔═══════════════╤═══════════════╗
║Name		│Danny Green	║
╟───────────────┼───────────────╢
║Number		│4		║
╟───────────────┼───────────────╢
║Position	│G-F		║
╟───────────────┼───────────────╢
║Height		│6-6		║
╟───────────────┼───────────────╢
║Weight		│215		║
╟───────────────┼───────────────╢
║Birth		│JUN 22, 1987	║
╟───────────────┼───────────────╢
║Age		│27		║
╟───────────────┼───────────────╢
║Exp		│4		║
╟───────────────┼───────────────╢
║School		│North Carolina	║
╚═══════════════╧═══════════════╝
Danny Green;;18:31;2;7;0;5;0;0;0;0;0;1;1;0;0;1;4;
Danny Green;;26:48;1;8;1;7;0;0;0;4;4;3;0;3;0;3;3;
Danny Green;;23:02;2;8;1;7;2;3;1;5;6;0;3;1;0;0;7;
Danny Green;G;29:50;2;4;1;2;2;2;1;8;9;0;0;0;0;1;7;
Danny Green;G;8:58;0;1;0;0;0;0;0;3;3;1;0;0;2;2;0;
Danny Green;F;29:52;1;7;1;5;4;4;1;6;7;2;1;1;0;1;7;
Danny Green;F;41:19;6;13;4;10;2;2;0;5;5;2;1;1;4;3;18;
Danny Green;F;35:05;6;11;3;4;2;2;1;7;8;3;1;2;2;1;17;
Danny Green;F;21:17;1;6;1;4;0;0;0;2;2;3;1;0;2;2;3;
Danny Green;F;23:45;1;6;0;4;0;0;1;1;2;1;0;1;2;2;2;
Danny Green;F;30:49;3;7;1;2;0;0;1;4;5;5;1;1;0;5;7;
Danny Green;F;38:50;5;11;3;8;1;1;1;4;5;2;1;1;3;3;14;
Danny Green;F;36:18;5;9;3;7;3;3;0;7;7;1;1;3;3;2;16;
Danny Green;F;30:12;6;12;2;6;1;2;1;1;2;1;0;0;3;0;15;
Danny Green;G;21:56;3;7;2;4;0;0;0;2;2;2;0;1;2;4;8;
Danny Green;G;27:28;2;7;2;4;4;4;0;2;2;0;0;0;3;1;10;
Danny Green;G;23:46;2;8;1;4;0;0;0;4;4;3;0;1;1;1;5;
Danny Green;G;23:17;9;15;3;7;3;3;0;1;1;3;2;0;1;4;24;
Danny Green;G;20:49;2;8;2;6;0;0;0;3;3;3;1;3;3;2;6;
Danny Green;G;31:36;4;4;4;4;0;0;1;5;6;4;0;2;2;0;12;
Danny Green;G;9:58;0;1;0;0;0;0;0;0;0;0;0;0;0;0;0;
Danny Green;G;24:22;5;11;4;7;0;0;0;6;6;1;1;1;1;1;14;
Danny Green;G;21:57;5;11;5;8;0;0;2;3;5;2;1;2;1;1;15;
Danny Green;G;19:29;2;5;1;3;0;0;0;2;2;2;0;0;0;4;5;
Danny Green;G;23:48;6;8;3;5;1;1;0;1;1;2;2;1;1;1;16;
Danny Green;G;17:31;1;6;1;3;0;0;2;2;4;0;0;0;0;0;3;
Danny Green;G;40:11;6;13;5;9;1;2;1;5;6;1;2;1;0;2;18;
Danny Green;G;17:16;5;9;5;9;1;2;1;1;2;1;1;0;0;1;16;
Danny Green;G;19:21;2;5;1;3;0;0;0;1;1;1;2;1;0;2;5;
Danny Green;G;26:50;2;5;1;4;0;0;0;4;4;2;0;1;1;2;5;
Danny Green;G;36:25;4;9;2;5;1;2;1;4;5;2;0;0;1;2;11;
Danny Green;G;17:57;4;8;1;3;0;1;1;1;2;1;2;0;0;1;9;
Danny Green;G;24:49;1;6;0;4;3;4;0;2;2;4;1;1;2;4;5;
Danny Green;G;22:23;5;9;5;9;0;0;0;5;5;1;1;0;0;1;15;
Danny Green;G;37:55;12;17;7;10;2;4;1;3;4;2;0;1;1;1;33;
Danny Green;G;19:40;3;13;2;10;0;0;1;5;6;0;0;1;0;1;8;
Danny Green;G;22:35;3;7;1;3;0;0;0;1;1;1;0;2;4;0;7;
Danny Green;G;20:52;1;6;1;2;0;0;0;2;2;1;2;0;0;1;3;
Danny Green;G;17:02;0;3;0;1;0;0;0;0;0;0;0;1;0;1;0;
Danny Green;G;24:26;2;7;0;3;0;0;0;3;3;1;1;1;1;2;4;
Danny Green;G;35:45;8;11;3;6;0;0;0;5;5;2;2;4;2;2;19;
Danny Green;G;28:20;1;6;1;5;0;0;1;5;6;1;0;0;0;0;3;
Danny Green;G;22:52;8;11;6;9;2;2;0;10;10;0;1;1;1;3;24;
Danny Green;G;32:04;6;9;5;7;1;1;0;6;6;3;1;1;0;2;18;
Danny Green;G;22:20;0;3;0;3;0;0;0;1;1;4;1;0;2;2;0;
Danny Green;G;23:14;3;7;2;4;0;0;1;5;6;1;0;0;1;3;8;
Danny Green;G;22:56;4;6;3;5;0;0;0;1;1;2;1;1;0;1;11;
Danny Green;G;16:53;0;2;0;0;0;0;0;3;3;1;2;0;3;0;0;
Danny Green;G;21:14;6;10;5;7;0;0;0;4;4;0;2;0;1;1;17;
Danny Green;G;19:57;2;6;1;3;0;0;0;0;0;2;5;1;2;0;5;
Danny Green;G;25:53;2;7;0;4;0;0;1;3;4;1;0;1;1;0;4;
Danny Green;G;21:27;2;5;2;3;1;1;0;1;1;3;1;2;0;1;7;
Danny Green;G;24:47;3;8;1;5;0;0;0;2;2;1;3;1;1;1;7;
Danny Green;G;22:32;1;7;1;5;0;0;2;2;4;1;0;1;0;2;3;
Danny Green;G;16:40;1;4;0;2;0;0;0;3;3;0;0;0;0;0;2;
Danny Green;G;25:54;5;7;2;4;2;2;0;3;3;2;1;2;0;3;14;
Danny Green;G;18:08;4;8;2;5;0;0;0;2;2;3;3;0;2;1;10;
Danny Green;G;11:06;0;2;0;1;0;0;0;0;0;0;0;0;2;1;0;
Danny Green;G;17:12;1;4;1;3;0;0;0;4;4;0;0;1;0;2;3;
Danny Green;G;18:59;3;6;1;2;0;0;1;1;2;1;2;0;3;2;7;
Danny Green;;21:04;2;3;0;1;1;3;0;2;2;1;0;1;0;2;5;
Danny Green;G;29:51;4;14;3;8;0;0;0;3;3;1;2;1;2;2;11;
Danny Green;G;33:56;2;6;1;4;2;2;0;2;2;3;1;2;2;1;7;
Danny Green;;23:44;5;8;4;6;0;0;0;2;2;1;0;1;0;3;14;
Danny Green;;15:52;1;4;0;2;4;5;0;1;1;0;1;1;2;0;6;
Danny Green;;27:12;7;7;5;5;3;3;0;0;0;2;3;2;1;3;22;
Danny Green;;20:51;3;10;1;6;0;0;0;5;5;3;2;0;1;2;7;
Danny Green;;17:07;1;3;1;1;0;0;0;1;1;0;1;1;1;0;3;
