╔═══════════════╤═══════════════╗
║Name		│Danny Granger	║
╟───────────────┼───────────────╢
║Number		│33		║
╟───────────────┼───────────────╢
║Position	│F		║
╟───────────────┼───────────────╢
║Height		│6-9		║
╟───────────────┼───────────────╢
║Weight		│228		║
╟───────────────┼───────────────╢
║Birth		│APR 20, 1983	║
╟───────────────┼───────────────╢
║Age		│31		║
╟───────────────┼───────────────╢
║Exp		│8		║
╟───────────────┼───────────────╢
║School		│New Mexico	║
╚═══════════════╧═══════════════╝
Danny Granger;;22:38;4;7;1;2;2;2;0;2;2;3;1;0;1;1;11;
Danny Granger;;20:32;4;7;2;4;3;3;1;4;5;1;1;0;1;0;13;
Danny Granger;;26:16;4;12;2;7;0;0;1;2;3;1;0;0;0;1;10;
Danny Granger;;32:17;5;10;1;3;2;2;0;6;6;1;1;0;2;3;13;
Danny Granger;F;32:23;4;10;1;5;5;5;2;3;5;3;1;1;3;1;14;
Danny Granger;;18:39;1;7;0;4;0;0;0;3;3;2;0;0;3;4;2;
Danny Granger;;21:21;3;8;1;4;2;2;0;3;3;2;0;1;0;3;9;
Danny Granger;;19:33;4;7;1;2;2;2;0;2;2;4;0;0;0;1;11;
Danny Granger;;26:34;4;13;2;5;2;2;1;3;4;2;0;1;0;3;12;
Danny Granger;;17:49;1;5;0;2;0;0;0;5;5;1;0;1;1;2;2;
Danny Granger;;21:18;3;5;1;2;0;0;0;2;2;0;0;0;3;1;7;
Danny Granger;;19:08;2;5;1;1;2;2;2;1;3;0;0;0;1;3;7;
Danny Granger;;17:51;3;8;1;2;0;0;2;1;3;0;0;0;2;1;7;
Danny Granger;;22:37;3;10;2;7;2;2;3;3;6;1;0;0;0;0;10;
Danny Granger;;21:18;0;3;0;1;0;0;1;3;4;0;0;2;0;0;0;
Danny Granger;;18:02;1;7;0;2;6;7;2;2;4;0;0;0;2;0;8;
Danny Granger;;24:37;5;9;3;5;3;3;0;4;4;3;0;0;0;2;16;
Danny Granger;;23:03;2;7;0;2;4;4;1;3;4;1;0;0;1;2;8;
Danny Granger;G;40:10;3;10;0;1;1;1;1;5;6;3;0;2;1;1;7;
Danny Granger;;21:11;2;8;1;4;0;0;0;1;1;0;1;0;0;1;5;
Danny Granger;;21:41;3;6;1;3;2;2;0;2;2;0;0;1;0;1;9;
Danny Granger;;20:24;4;9;3;5;2;2;3;2;5;0;0;1;2;0;13;
Danny Granger;;22:54;3;6;1;1;2;2;1;3;4;1;0;0;4;1;9;
Danny Granger;;17:38;1;6;0;2;0;0;1;2;3;1;0;0;0;1;2;
Danny Granger;;3:46;0;1;0;1;0;0;0;1;1;0;0;0;1;0;0;
Danny Granger;;17:54;4;8;0;2;2;2;1;1;2;1;0;0;2;4;10;
Danny Granger;;14:43;3;7;1;3;0;0;0;1;1;2;0;0;0;1;7;
Danny Granger;;23:16;5;11;2;6;2;3;0;2;2;2;2;1;2;3;14;
Danny Granger;;24:29;7;11;2;4;2;2;1;5;6;1;0;1;1;3;18;
Danny Granger;;16:57;0;4;0;0;0;0;1;4;5;0;0;0;1;0;0;
Danny Granger;;15:26;4;12;2;7;1;2;1;0;1;1;0;0;2;0;11;
Danny Granger;;23:07;5;11;1;4;0;0;1;1;2;0;1;0;1;3;11;
Danny Granger;;15:06;5;9;3;3;1;1;2;2;4;1;0;0;0;0;14;
Danny Granger;;12:56;2;3;1;1;4;4;0;2;2;0;0;1;0;4;9;
Danny Granger;;16:05;0;4;0;2;0;0;0;1;1;0;0;1;0;1;0;
Danny Granger;;10:22;1;3;0;1;0;0;0;1;1;0;0;0;0;2;2;
Danny Granger;;22:05;1;7;1;4;2;2;0;2;2;2;1;1;5;1;5;
Danny Granger;;25:01;4;8;4;5;0;0;0;5;5;0;0;1;0;2;12;
Danny Granger;;14:34;0;7;0;3;0;0;1;1;2;0;0;1;1;2;0;
Danny Granger;;22:57;3;9;1;2;1;2;0;3;3;1;1;0;1;2;8;
Danny Granger;;18:58;3;7;0;4;6;6;1;3;4;0;2;0;2;1;12;
