╔═══════════════╤═══════════════════════╗
║Name		│Dante Cunningham	║
╟───────────────┼───────────────────────╢
║Number		│33			║
╟───────────────┼───────────────────────╢
║Position	│F			║
╟───────────────┼───────────────────────╢
║Height		│6-8			║
╟───────────────┼───────────────────────╢
║Weight		│221			║
╟───────────────┼───────────────────────╢
║Birth		│APR 22, 1987		║
╟───────────────┼───────────────────────╢
║Age		│27			║
╟───────────────┼───────────────────────╢
║Exp		│4			║
╟───────────────┼───────────────────────╢
║School		│Villanova		║
╚═══════════════╧═══════════════════════╝
Dante Cunningham;;22:43;5;6;0;0;0;0;1;3;4;0;0;1;1;4;10;
Dante Cunningham;;14:44;0;2;0;0;0;0;0;1;1;2;0;0;1;3;0;
Dante Cunningham;;15:19;5;9;0;0;0;0;0;1;1;0;1;1;0;0;10;
Dante Cunningham;;11:03;1;1;0;0;1;2;0;1;1;1;0;1;0;2;3;
Dante Cunningham;;16:07;3;5;0;0;0;0;2;4;6;6;2;1;1;0;6;
Dante Cunningham;;13:46;3;8;0;0;0;0;0;2;2;0;1;1;1;1;6;
Dante Cunningham;;7:55;1;2;0;0;0;0;0;0;0;0;1;0;0;0;2;
Dante Cunningham;;15:36;3;3;0;0;2;2;1;3;4;0;0;0;0;0;8;
Dante Cunningham;;18:47;0;5;0;0;0;0;1;6;7;0;0;0;1;3;0;
Dante Cunningham;;10:06;3;8;0;0;0;0;1;3;4;0;0;0;0;1;6;
Dante Cunningham;;11:18;1;3;0;0;0;0;1;1;2;0;0;1;0;1;2;
Dante Cunningham;;10:25;0;4;0;0;0;0;0;1;1;0;0;0;0;2;0;
Dante Cunningham;;12:12;1;4;0;0;0;0;0;2;2;1;1;1;0;0;2;
Dante Cunningham;;19:55;6;7;0;0;0;0;0;6;6;1;0;0;1;2;12;
Dante Cunningham;;18:07;6;9;0;0;0;0;2;5;7;0;1;0;0;3;12;
Dante Cunningham;;25:01;2;5;0;0;2;2;1;2;3;0;1;1;0;3;6;
Dante Cunningham;;24:23;2;7;0;0;1;2;1;8;9;1;0;1;1;1;5;
Dante Cunningham;F;42:35;9;13;0;0;0;0;3;5;8;3;3;3;2;3;18;
Dante Cunningham;;29:27;1;3;0;0;0;0;1;5;6;1;1;1;0;3;2;
Dante Cunningham;F;38:51;6;16;0;1;2;6;2;8;10;2;1;1;0;4;14;
Dante Cunningham;;18:22;1;5;0;0;0;0;3;2;5;0;1;0;0;2;2;
Dante Cunningham;;16:03;3;7;0;0;0;0;2;3;5;1;0;0;0;2;6;
Dante Cunningham;;24:16;4;9;0;0;2;2;2;5;7;0;1;2;2;1;10;
Dante Cunningham;F;32:56;5;8;0;0;1;2;0;5;5;3;1;0;0;4;11;
Dante Cunningham;F;24:51;6;14;0;0;0;2;5;1;6;0;0;1;0;0;12;
Dante Cunningham;F;33:43;5;8;0;1;2;2;0;5;5;2;3;3;1;4;12;
Dante Cunningham;;26:34;3;9;0;0;1;2;1;3;4;0;0;1;0;4;7;
Dante Cunningham;;25:10;4;5;0;0;1;1;2;2;4;2;1;0;0;4;9;
Dante Cunningham;;29:10;3;6;0;0;1;2;4;2;6;1;0;0;1;2;7;
Dante Cunningham;;16:58;2;8;0;0;0;0;2;1;3;0;0;1;1;3;4;
Dante Cunningham;;17:17;1;4;0;0;0;1;0;2;2;2;0;0;0;1;2;
Dante Cunningham;;28:58;4;8;0;0;1;2;1;2;3;0;1;1;2;3;9;
Dante Cunningham;;21:28;5;8;0;0;0;0;1;3;4;2;1;1;2;2;10;
Dante Cunningham;;18:53;1;7;0;0;0;0;1;1;2;0;0;0;0;3;2;
Dante Cunningham;;18:18;1;4;0;1;1;2;1;0;1;0;0;1;0;1;3;
Dante Cunningham;;18:28;2;4;0;0;0;0;0;2;2;3;0;0;0;2;4;
Dante Cunningham;;26:28;4;7;0;0;1;1;0;3;3;0;1;3;1;4;9;
Dante Cunningham;;20:31;4;7;0;0;1;1;1;1;2;2;2;1;0;2;9;
Dante Cunningham;;9:23;2;3;0;0;0;0;1;1;2;0;1;0;2;0;4;
Dante Cunningham;;13:43;4;6;0;0;0;1;1;2;3;0;0;1;2;0;8;
Dante Cunningham;;12:42;3;4;0;0;0;0;0;1;1;0;0;1;0;2;6;
Dante Cunningham;;19:04;4;8;0;0;0;0;3;3;6;2;0;0;2;1;8;
Dante Cunningham;;10:20;2;3;0;0;1;2;0;3;3;1;0;0;0;0;5;
Dante Cunningham;F;33:55;5;9;0;0;2;5;2;4;6;3;1;3;2;1;12;
Dante Cunningham;;15:10;2;4;0;0;1;2;0;1;1;5;3;0;0;0;5;
Dante Cunningham;;15:24;3;7;0;0;0;0;1;1;2;1;1;0;1;0;6;
Dante Cunningham;F;41:43;7;15;0;0;6;10;4;9;13;1;1;3;0;4;20;
Dante Cunningham;;16:43;3;7;0;0;1;1;1;5;6;1;0;0;0;2;7;
Dante Cunningham;;17:48;3;6;0;0;0;0;1;1;2;0;1;1;0;3;6;
Dante Cunningham;;20:56;5;10;0;0;0;0;3;0;3;0;1;0;2;2;10;
Dante Cunningham;;20:12;5;7;0;0;0;0;3;3;6;0;0;1;0;2;10;
Dante Cunningham;;15:05;1;6;0;0;0;0;1;2;3;0;2;0;1;2;2;
Dante Cunningham;;14:41;0;4;0;0;0;0;2;0;2;0;0;0;1;3;0;
Dante Cunningham;;15:04;2;4;0;0;0;0;1;3;4;2;1;2;0;2;4;
Dante Cunningham;;13:05;1;2;0;0;0;0;0;1;1;0;0;0;1;1;2;
Dante Cunningham;;29:36;3;6;0;0;0;0;5;2;7;3;1;1;0;2;6;
Dante Cunningham;;18:50;1;4;0;0;0;0;2;3;5;1;0;2;0;3;2;
Dante Cunningham;;16:38;2;7;0;0;0;0;4;3;7;0;1;1;0;1;4;
Dante Cunningham;;21:33;3;5;0;0;0;0;0;3;3;0;0;1;0;3;6;
Dante Cunningham;;25:47;6;13;0;0;0;2;2;2;4;0;0;0;0;2;12;
Dante Cunningham;;27:34;6;10;0;0;0;0;2;2;4;3;5;1;0;2;12;
Dante Cunningham;;22:51;3;5;0;1;0;0;0;2;2;2;0;2;1;2;6;
Dante Cunningham;;16:02;4;8;0;0;0;0;0;1;1;1;1;1;0;1;8;
Dante Cunningham;;19:03;2;5;0;0;0;0;1;6;7;3;1;1;1;2;4;
Dante Cunningham;;13:45;1;3;0;0;0;0;1;1;2;1;0;0;0;1;2;
Dante Cunningham;;17:34;2;6;0;0;0;0;1;2;3;0;0;0;1;1;4;
Dante Cunningham;;18:08;2;4;0;0;0;0;1;3;4;1;0;1;0;1;4;
Dante Cunningham;;24:38;4;6;0;1;0;0;1;4;5;2;0;0;1;2;8;
Dante Cunningham;;14:40;3;4;0;0;0;0;0;2;2;1;1;1;1;1;6;
Dante Cunningham;;17:26;2;9;0;0;0;0;1;1;2;1;2;1;0;1;4;
Dante Cunningham;;25:07;3;6;0;0;0;0;2;6;8;0;3;0;1;3;6;
Dante Cunningham;;20:24;3;7;0;0;2;2;2;0;2;2;1;0;0;1;8;
Dante Cunningham;;19:53;0;1;0;0;0;0;1;3;4;2;1;1;1;1;0;
Dante Cunningham;;24:50;2;7;0;0;0;2;3;5;8;2;0;1;0;2;4;
Dante Cunningham;;21:18;5;6;0;0;2;2;3;3;6;2;0;0;0;2;12;
Dante Cunningham;;26:09;2;8;0;0;0;0;2;5;7;1;2;1;0;3;4;
Dante Cunningham;;18:15;2;7;0;0;0;0;4;2;6;0;0;0;0;0;4;
Dante Cunningham;;11:20;0;2;0;0;2;2;1;0;1;0;0;1;1;3;2;
Dante Cunningham;;23:29;3;7;0;0;0;0;2;1;3;1;4;0;1;0;6;
Dante Cunningham;;18:47;3;6;0;0;0;0;2;2;4;1;1;0;0;1;6;
Dante Cunningham;;14:36;0;2;0;0;0;0;2;4;6;0;0;0;0;0;0;
