Darius Morris;;7:43;0;3;0;2;1;2;0;1;1;1;1;0;0;0;1;
Darius Morris;;0:25;0;0;0;0;0;0;0;0;0;0;0;0;0;0;0;
Darius Morris;;12:23;1;3;0;2;0;0;0;1;1;0;1;0;0;1;2;
Darius Morris;;6:06;1;1;0;0;0;0;0;0;0;3;0;0;1;0;2;
Darius Morris;;4:21;1;2;0;1;0;0;0;1;1;0;0;0;0;2;2;
Darius Morris;;6:15;0;1;0;0;0;0;0;0;0;1;0;0;1;1;0;
Darius Morris;;5:06;0;0;0;0;0;0;0;1;1;0;0;0;0;3;0;
Darius Morris;;4:42;1;3;0;2;0;0;0;0;0;0;0;0;0;1;2;
Darius Morris;;6:44;0;0;0;0;0;0;0;1;1;0;0;0;0;1;0;
Darius Morris;;0:07;0;0;0;0;0;0;0;0;0;0;0;0;0;0;0;
Darius Morris;;7:25;0;1;0;1;0;0;0;0;0;1;0;0;1;1;0;
Darius Morris;;20:32;2;5;1;2;0;0;1;1;2;2;3;0;2;1;5;
Darius Morris;;14:15;2;4;0;1;0;0;2;1;3;3;0;0;0;0;4;
Darius Morris;;12:17;0;2;0;0;0;0;1;1;2;1;0;0;2;0;0;
Darius Morris;;11:09;2;4;1;3;1;3;0;1;1;1;0;0;1;1;6;
Darius Morris;;11:50;1;1;0;0;0;0;0;0;0;0;0;0;1;1;2;
Darius Morris;;13:12;2;6;0;1;0;0;0;1;1;1;0;0;2;3;4;
Darius Morris;;10:51;2;4;1;1;1;2;0;0;0;3;1;0;1;0;6;
Darius Morris;;19:27;2;6;0;3;4;5;1;1;2;5;4;0;2;3;8;
Darius Morris;;13:44;2;3;0;0;0;1;0;1;1;4;0;0;3;2;4;
Darius Morris;;12:29;0;3;0;1;0;0;0;0;0;4;0;0;1;2;0;
Darius Morris;;17:32;5;7;2;3;0;0;0;3;3;1;0;0;0;1;12;
Darius Morris;;19:55;2;6;0;1;1;1;0;1;1;4;0;0;2;2;5;
Darius Morris;;18:60;3;10;2;5;2;2;2;1;3;3;1;0;0;2;10;
Darius Morris;;16:40;3;7;3;4;0;0;0;0;0;3;0;0;2;2;9;
Darius Morris;;27:15;6;9;2;4;6;9;0;0;0;2;2;0;5;1;20;
Darius Morris;;11:25;1;5;0;1;1;1;0;2;2;1;0;0;0;2;3;
