╔═══════════════╤═══════════════╗
║Name		│Darius Miller	║
╟───────────────┼───────────────╢
║Number		│2		║
╟───────────────┼───────────────╢
║Position	│F		║
╟───────────────┼───────────────╢
║Height		│6-8		║
╟───────────────┼───────────────╢
║Weight		│225		║
╟───────────────┼───────────────╢
║Birth		│MAR 21, 1990	║
╟───────────────┼───────────────╢
║Age		│24		║
╟───────────────┼───────────────╢
║Exp		│1		║
╟───────────────┼───────────────╢
║School		│Kentucky	║
╚═══════════════╧═══════════════╝
Darius Miller;;7:31;1;1;0;0;1;1;0;0;0;1;0;0;0;0;3;
Darius Miller;;13:05;0;0;0;0;0;0;0;0;0;0;0;0;0;1;0;
Darius Miller;;9:17;0;0;0;0;0;0;0;0;0;0;0;0;0;1;0;
Darius Miller;;3:30;1;1;0;0;0;0;0;0;0;0;0;0;0;0;2;
Darius Miller;;18:53;2;4;0;1;0;0;0;0;0;0;0;0;0;2;4;
Darius Miller;;19:27;4;5;4;5;0;0;0;0;0;1;1;0;1;4;12;
Darius Miller;;20:48;1;3;1;2;0;0;0;2;2;2;1;0;0;4;3;
Darius Miller;;29:51;1;6;0;3;0;0;1;4;5;3;1;1;3;4;2;
Darius Miller;;15:03;2;4;1;3;1;1;1;0;1;1;1;0;0;0;6;
Darius Miller;;10:36;1;3;0;1;0;0;1;1;2;0;0;0;0;1;2;
Darius Miller;;16:47;1;2;1;2;0;0;0;4;4;0;1;0;0;3;3;
Darius Miller;;15:34;0;1;0;1;3;3;0;1;1;1;0;0;0;0;3;
Darius Miller;;9:44;3;4;3;3;0;0;0;1;1;1;0;1;0;4;9;
Darius Miller;;12:47;1;3;0;2;3;3;0;2;2;1;0;0;0;2;5;
Darius Miller;;6:54;0;3;0;1;0;0;0;1;1;0;0;0;0;3;0;
Darius Miller;;3:57;0;0;0;0;0;0;0;0;0;1;0;0;0;2;0;
Darius Miller;;16:08;0;2;0;1;2;4;2;0;2;2;1;0;0;2;2;
Darius Miller;;10:39;3;3;0;0;0;0;0;0;0;1;0;0;1;2;6;
Darius Miller;;4:38;1;3;0;2;0;0;0;0;0;0;0;1;1;2;2;
Darius Miller;;15:57;0;4;0;2;0;0;0;0;0;0;0;0;3;1;0;
Darius Miller;;2:42;0;0;0;0;0;0;0;0;0;0;0;0;0;1;0;
Darius Miller;;19:55;2;4;0;2;3;3;0;2;2;0;0;0;0;1;7;
Darius Miller;;6:24;0;1;0;1;0;0;0;0;0;0;0;0;0;0;0;
Darius Miller;;11:55;0;2;0;1;0;0;0;0;0;0;1;0;0;2;0;
Darius Miller;;10:28;1;2;1;1;0;0;0;1;1;0;1;0;1;1;3;
Darius Miller;;2:44;0;1;0;1;0;0;0;0;0;0;0;0;0;0;0;
Darius Miller;;28:45;7;9;1;2;1;3;0;1;1;1;1;0;1;2;16;
Darius Miller;;24:26;3;7;1;3;5;6;0;1;1;1;1;1;0;3;12;
Darius Miller;;24:51;1;5;0;1;0;0;0;2;2;1;0;0;2;4;2;
Darius Miller;;28:50;3;4;0;0;0;0;0;3;3;1;1;1;1;2;6;
Darius Miller;;20:35;3;5;0;1;3;4;0;2;2;1;0;1;0;1;9;
Darius Miller;F;20:01;2;8;2;7;0;0;0;1;1;1;1;0;1;4;6;
Darius Miller;F;23:30;1;3;1;1;0;0;0;1;1;1;1;0;1;3;3;
Darius Miller;F;31:29;5;9;1;4;3;3;1;1;2;2;2;0;1;4;14;
Darius Miller;F;30:44;7;13;2;5;2;2;0;0;0;3;1;0;1;2;18;
Darius Miller;F;29:50;3;8;0;1;0;0;0;0;0;4;2;1;0;5;6;
Darius Miller;F;36:52;4;12;2;7;0;0;0;3;3;5;4;0;3;3;10;
Darius Miller;F;34:16;4;7;1;1;0;0;2;1;3;1;2;0;0;1;9;
Darius Miller;;1:00;0;1;0;1;0;0;0;0;0;0;0;0;0;1;0;
Darius Miller;;5:24;0;1;0;1;0;0;0;1;1;0;0;0;0;0;0;
Darius Miller;;6:33;0;0;0;0;0;0;0;0;0;0;0;0;0;0;0;
Darius Miller;;23:22;1;5;0;2;0;0;0;2;2;3;0;0;0;3;2;
Darius Miller;;6:13;0;0;0;0;0;0;1;0;1;0;0;1;0;2;0;
Darius Miller;;19:09;3;4;3;4;2;3;0;4;4;1;0;1;1;4;11;
Darius Miller;;11:40;1;3;0;1;0;0;0;1;1;2;0;0;0;1;2;
