╔═══════════════╤═══════════════╗
║Name		│Darrell Arthur	║
╟───────────────┼───────────────╢
║Number		│00		║
╟───────────────┼───────────────╢
║Position	│F		║
╟───────────────┼───────────────╢
║Height		│6-9		║
╟───────────────┼───────────────╢
║Weight		│235		║
╟───────────────┼───────────────╢
║Birth		│MAR 25, 1988	║
╟───────────────┼───────────────╢
║Age		│26		║
╟───────────────┼───────────────╢
║Exp		│5		║
╟───────────────┼───────────────╢
║School		│Kansas		║
╚═══════════════╧═══════════════╝
Darrell Arthur;;22:14;2;6;0;1;4;4;2;3;5;0;1;1;1;4;8;
Darrell Arthur;;19:44;3;6;0;0;0;0;0;4;4;0;1;1;1;6;6;
Darrell Arthur;;21:05;2;7;0;0;0;0;3;8;11;6;1;2;4;4;4;
Darrell Arthur;;17:32;2;6;1;3;1;2;0;6;6;0;0;2;1;3;6;
Darrell Arthur;;16:23;2;8;0;0;0;0;2;2;4;2;0;0;1;4;4;
Darrell Arthur;;10:35;0;3;0;0;0;0;0;1;1;1;0;1;1;2;0;
Darrell Arthur;;17:05;3;9;1;1;0;0;0;1;1;0;0;0;0;1;7;
Darrell Arthur;;12:32;1;2;0;0;2;2;0;2;2;1;0;0;0;3;4;
Darrell Arthur;;13:33;1;7;0;0;0;0;2;2;4;0;1;0;0;3;2;
Darrell Arthur;;7:10;0;1;0;0;0;0;0;1;1;0;0;0;0;2;0;
Darrell Arthur;;9:02;0;2;0;0;2;2;0;1;1;0;1;0;1;5;2;
Darrell Arthur;;21:25;2;5;0;1;0;0;1;3;4;2;0;0;1;3;4;
Darrell Arthur;;11:59;1;2;0;0;0;0;1;1;2;1;0;0;0;3;2;
Darrell Arthur;F;10:59;0;4;0;0;0;0;0;1;1;1;0;0;0;5;0;
Darrell Arthur;;18:54;3;7;0;0;2;4;1;2;3;2;0;2;1;2;8;
Darrell Arthur;;22:28;2;6;1;1;0;0;0;2;2;1;0;1;0;4;5;
Darrell Arthur;;5:21;0;2;0;0;0;0;0;0;0;0;0;0;0;1;0;
Darrell Arthur;;15:11;6;7;0;0;0;0;1;2;3;2;1;0;1;2;12;
Darrell Arthur;;13:37;2;5;0;0;1;1;0;2;2;2;0;2;1;4;5;
Darrell Arthur;;14:10;3;5;0;0;4;4;1;3;4;1;1;0;1;1;10;
Darrell Arthur;;8:59;0;4;0;1;0;0;0;2;2;1;0;0;1;2;0;
Darrell Arthur;;9:16;1;4;0;0;0;0;1;0;1;0;2;1;0;3;2;
Darrell Arthur;;8:31;0;0;0;0;0;0;0;2;2;0;0;1;0;0;0;
Darrell Arthur;;16:34;5;6;2;2;2;3;1;1;2;1;1;1;4;5;14;
Darrell Arthur;;23:47;7;11;1;1;3;3;0;0;0;0;4;0;1;3;18;
Darrell Arthur;;11:32;3;7;1;2;2;2;2;2;4;1;0;0;0;3;9;
Darrell Arthur;;12:59;2;7;0;1;0;0;4;4;8;2;0;0;0;3;4;
Darrell Arthur;;20:02;5;11;3;5;0;0;0;2;2;0;0;2;0;1;13;
Darrell Arthur;;27:47;4;6;1;2;2;2;1;1;2;2;0;1;2;1;11;
Darrell Arthur;;25:13;4;6;3;4;4;5;1;4;5;2;2;0;1;4;15;
Darrell Arthur;;18:43;2;6;1;4;1;2;1;2;3;0;1;1;3;4;6;
Darrell Arthur;;30:07;3;10;1;5;2;2;0;4;4;1;4;3;2;4;9;
Darrell Arthur;;18:28;3;13;1;6;1;1;1;1;2;0;0;0;3;2;8;
Darrell Arthur;;16:13;2;5;1;3;0;0;1;1;2;0;0;0;1;2;5;
Darrell Arthur;;16:36;3;5;2;2;0;0;0;2;2;0;0;3;1;1;8;
Darrell Arthur;;23:50;1;9;1;5;3;3;2;5;7;1;2;2;2;5;6;
Darrell Arthur;;19:16;3;9;0;4;1;2;2;7;9;1;1;0;1;4;7;
Darrell Arthur;;17:49;2;7;0;1;0;0;0;3;3;1;1;1;0;0;4;
Darrell Arthur;;20:14;4;15;2;4;0;0;1;0;1;0;1;0;0;2;10;
Darrell Arthur;;2:03;0;1;0;1;0;0;0;0;0;0;0;0;0;1;0;
Darrell Arthur;;18:23;3;7;0;0;0;0;1;1;2;1;0;1;1;4;6;
Darrell Arthur;;15:36;1;6;0;0;0;0;3;2;5;0;0;2;0;1;2;
Darrell Arthur;;8:21;0;0;0;0;2;2;0;2;2;0;0;0;0;0;2;
Darrell Arthur;;5:17;1;3;0;0;0;0;0;0;0;1;0;1;1;1;2;
Darrell Arthur;;26:08;3;6;0;0;0;0;0;1;1;0;1;1;2;4;6;
Darrell Arthur;;19:18;3;7;0;0;0;0;1;4;5;1;0;0;2;3;6;
Darrell Arthur;;18:26;1;4;0;0;0;0;1;3;4;1;1;1;0;3;2;
Darrell Arthur;;17:33;3;5;0;0;2;2;0;1;1;1;0;2;0;4;8;
Darrell Arthur;;13:08;3;5;0;0;0;0;0;3;3;0;0;0;2;2;6;
Darrell Arthur;;15:13;3;5;0;1;0;0;1;0;1;0;0;0;2;1;6;
Darrell Arthur;;17:06;3;8;0;0;0;0;0;3;3;1;0;1;0;1;6;
Darrell Arthur;;16:21;4;6;0;0;2;2;0;1;1;1;1;0;0;3;10;
Darrell Arthur;;26:52;3;7;0;0;0;0;0;2;2;0;0;0;1;4;6;
Darrell Arthur;;21:50;3;7;0;0;1;2;0;2;2;1;0;0;2;3;7;
Darrell Arthur;;14:60;1;4;0;0;0;0;1;2;3;0;0;0;1;3;2;
Darrell Arthur;;22:38;7;7;0;0;0;0;0;3;3;2;3;1;0;1;14;
Darrell Arthur;;16:35;4;5;0;0;2;2;1;4;5;2;1;0;0;5;10;
Darrell Arthur;;25:30;4;11;0;1;0;0;2;6;8;3;1;1;0;3;8;
Darrell Arthur;;21:11;1;6;0;0;0;0;2;1;3;1;0;0;0;1;2;
Darrell Arthur;;21:30;2;4;0;0;0;0;2;1;3;2;2;1;0;1;4;
Darrell Arthur;;15:42;2;3;0;1;0;0;0;1;1;0;0;0;1;1;4;
Darrell Arthur;;22:33;4;9;0;0;1;2;2;2;4;1;0;2;0;3;9;
Darrell Arthur;;10:55;1;3;0;0;0;0;1;1;2;0;0;1;0;2;2;
Darrell Arthur;;16:08;0;4;0;0;2;2;0;5;5;2;0;0;0;2;2;
Darrell Arthur;;21:51;4;10;0;0;2;2;2;4;6;0;0;2;3;6;10;
Darrell Arthur;;16:25;2;7;0;0;2;2;0;4;4;1;2;1;0;1;6;
Darrell Arthur;;21:48;1;5;0;0;0;0;0;5;5;2;0;1;2;6;2;
Darrell Arthur;;24:50;6;14;1;1;0;0;0;4;4;2;1;0;1;4;13;
