╔═══════════════╤═══════════════╗
║Name		│Darren Collison║
╟───────────────┼───────────────╢
║Number		│2		║
╟───────────────┼───────────────╢
║Position	│G		║
╟───────────────┼───────────────╢
║Height		│6-0		║
╟───────────────┼───────────────╢
║Weight		│175		║
╟───────────────┼───────────────╢
║Birth		│AUG 23, 1987	║
╟───────────────┼───────────────╢
║Age		│26		║
╟───────────────┼───────────────╢
║Exp		│4		║
╟───────────────┼───────────────╢
║School		│UCLA		║
╚═══════════════╧═══════════════╝
Darren Collison;;16:08;3;3;0;0;2;2;1;2;3;5;5;0;0;2;8;
Darren Collison;;35:27;6;10;0;3;8;8;1;2;3;4;1;0;4;4;20;
Darren Collison;G;36:10;6;9;1;2;1;2;0;2;2;6;3;0;2;5;14;
Darren Collison;G;35:47;8;11;1;2;4;4;1;2;3;7;4;0;4;0;21;
Darren Collison;G;32:30;4;9;2;3;5;5;1;4;5;6;1;0;1;6;15;
Darren Collison;G;31:10;9;12;2;3;0;0;1;4;5;7;1;1;1;0;20;
Darren Collison;G;36:12;5;11;1;4;2;3;1;3;4;10;1;0;2;1;13;
Darren Collison;G;35:58;2;9;0;4;8;9;1;4;5;7;0;0;0;0;12;
Darren Collison;G;29:48;4;8;0;0;2;2;0;3;3;4;0;0;4;2;10;
Darren Collison;G;30:60;0;6;0;2;4;4;0;1;1;6;3;1;4;1;4;
Darren Collison;G;29:50;5;11;2;3;0;0;1;1;2;5;1;0;2;1;12;
Darren Collison;G;28:40;6;11;2;3;3;4;0;2;2;4;1;0;1;0;17;
Darren Collison;G;38:29;5;11;2;3;0;0;0;1;1;6;4;0;2;2;12;
Darren Collison;G;24:31;5;6;2;3;3;4;1;2;3;7;1;0;4;2;15;
Darren Collison;G;27:40;5;9;0;0;6;6;0;1;1;9;0;0;4;2;16;
Darren Collison;G;29:31;6;11;3;5;7;7;0;0;0;5;0;0;1;2;22;
Darren Collison;G;31:58;4;8;1;1;2;2;0;3;3;6;2;0;2;0;11;
Darren Collison;G;25:50;4;12;1;2;0;0;0;1;1;6;4;0;1;3;9;
Darren Collison;G;37:54;1;6;0;3;3;4;1;4;5;9;1;1;3;1;5;
Darren Collison;G;37:51;4;15;2;8;1;1;0;3;3;7;0;0;2;4;11;
Darren Collison;;25:16;5;11;1;2;1;1;0;2;2;5;0;1;5;3;12;
Darren Collison;;18:37;3;7;0;0;2;2;0;2;2;5;0;0;1;2;8;
Darren Collison;;21:29;4;9;0;1;2;3;0;1;1;3;0;0;1;4;10;
Darren Collison;;13:49;0;3;0;2;4;5;0;0;0;1;0;0;1;2;4;
Darren Collison;;22:13;3;8;0;3;1;2;2;2;4;2;2;0;2;1;7;
Darren Collison;;21:54;5;10;1;1;1;1;1;1;2;3;0;0;2;1;12;
Darren Collison;;30:28;8;14;3;5;0;0;0;1;1;5;2;0;1;2;19;
Darren Collison;G;26:55;5;10;2;3;3;3;0;1;1;3;1;0;0;3;15;
Darren Collison;G;40:03;6;10;2;4;4;4;0;3;3;5;3;0;2;1;18;
Darren Collison;G;29:33;9;16;1;3;5;5;2;2;4;3;2;0;1;2;24;
Darren Collison;G;40:48;4;9;1;5;3;4;2;2;4;4;1;1;4;0;12;
Darren Collison;G;40:03;8;12;1;1;3;4;0;1;1;4;2;0;3;2;20;
Darren Collison;G;30:40;4;11;0;2;3;3;0;2;2;1;1;0;1;4;11;
Darren Collison;G;41:15;5;15;2;7;2;4;1;0;1;4;2;0;1;1;14;
Darren Collison;G;25:57;4;6;2;2;1;2;0;0;0;3;3;0;1;0;11;
Darren Collison;G;33:36;5;9;3;4;2;4;1;1;2;6;0;1;0;3;15;
Darren Collison;G;27:08;4;9;1;2;2;2;1;1;2;7;0;0;1;3;11;
Darren Collison;G;24:54;4;9;3;4;0;0;0;1;1;2;0;0;2;3;11;
Darren Collison;G;41:07;4;14;1;7;2;4;2;3;5;5;4;1;0;4;11;
Darren Collison;G;43:22;9;17;2;3;8;8;1;2;3;7;1;0;6;1;28;
Darren Collison;G;42:23;9;16;2;5;3;3;0;3;3;5;3;1;2;3;23;
Darren Collison;G;37:55;7;14;2;6;6;6;0;2;2;1;3;0;1;3;22;
Darren Collison;;33:59;7;17;0;1;0;0;0;2;2;6;2;0;3;3;14;
Darren Collison;;29:07;4;11;1;3;3;3;0;3;3;3;0;0;2;1;12;
Darren Collison;;22:30;1;5;0;0;0;0;5;3;8;5;0;0;2;2;2;
Darren Collison;;24:26;5;10;0;3;0;0;0;2;2;3;1;0;1;3;10;
Darren Collison;G;37:15;6;12;0;4;7;8;0;4;4;7;0;0;2;1;19;
Darren Collison;;12:29;4;5;1;1;0;0;0;1;1;1;0;0;2;2;9;
Darren Collison;;11:13;0;3;0;0;0;1;1;1;2;1;0;0;1;1;0;
Darren Collison;;12:40;1;4;0;0;0;0;0;2;2;3;0;0;0;2;2;
Darren Collison;;14:43;2;10;1;5;2;2;1;2;3;4;0;3;2;1;7;
Darren Collison;;14:10;0;3;0;2;2;2;2;1;3;1;1;0;3;1;2;
Darren Collison;;11:26;2;3;2;2;0;0;0;0;0;0;0;0;0;2;6;
Darren Collison;;23:55;3;10;1;5;3;4;1;1;2;3;1;2;0;2;10;
Darren Collison;;13:57;2;5;0;1;0;0;0;3;3;0;0;0;1;1;4;
Darren Collison;;16:34;3;6;0;1;2;2;2;0;2;1;4;0;1;1;8;
Darren Collison;;13:46;2;5;0;2;0;0;0;2;2;1;1;0;1;1;4;
Darren Collison;;12:59;2;4;1;1;3;4;1;0;1;2;1;0;1;0;8;
Darren Collison;;13:09;2;4;1;1;0;0;0;2;2;1;0;0;2;2;5;
Darren Collison;;13:51;0;5;0;1;0;0;1;1;2;2;3;0;0;1;0;
Darren Collison;;10:05;3;6;1;1;0;0;0;0;0;2;0;0;0;1;7;
Darren Collison;;20:48;4;6;0;1;6;6;0;3;3;5;1;0;2;3;14;
Darren Collison;;22:13;4;7;0;1;1;2;0;3;3;2;2;0;2;2;9;
Darren Collison;G;40:07;5;12;1;2;4;4;0;1;1;2;1;0;1;1;15;
Darren Collison;;23:32;3;6;0;1;2;4;0;5;5;3;0;0;1;4;8;
Darren Collison;;23:04;5;10;2;3;1;1;2;1;3;3;0;1;2;2;13;
Darren Collison;;20:53;6;9;1;1;2;2;0;1;1;3;0;0;4;1;15;
Darren Collison;;15:28;3;5;2;3;0;0;0;2;2;0;0;0;2;3;8;
Darren Collison;;13:47;0;1;0;0;2;2;0;3;3;2;1;0;2;1;2;
Darren Collison;;22:34;3;7;0;1;4;6;2;3;5;2;2;0;2;5;10;
Darren Collison;;20:34;2;7;0;1;4;4;0;3;3;2;0;0;2;4;8;
Darren Collison;;18:18;1;3;0;1;3;4;1;2;3;0;2;0;0;2;5;
Darren Collison;;13:31;4;9;0;1;2;3;0;0;0;2;2;1;0;0;10;
Darren Collison;;23:10;2;7;1;3;9;9;1;4;5;1;0;0;0;0;14;
Darren Collison;;22:34;5;7;1;2;2;4;1;0;1;1;0;0;2;1;13;
Darren Collison;;27:22;8;12;1;3;1;2;0;0;0;2;2;0;2;2;18;
Darren Collison;;18:11;4;6;1;3;2;2;1;0;1;1;1;0;0;1;11;
Darren Collison;;23:43;3;8;0;0;0;0;0;1;1;2;0;0;0;1;6;
Darren Collison;;15:21;3;7;0;1;1;1;0;1;1;2;2;0;0;1;7;
Darren Collison;;30:21;3;10;0;1;5;5;2;0;2;6;0;0;2;2;11;
