╔═══════════════╤═══════════════╗
║Name		│David West	║
╟───────────────┼───────────────╢
║Number		│21		║
╟───────────────┼───────────────╢
║Position	│F		║
╟───────────────┼───────────────╢
║Height		│6-9		║
╟───────────────┼───────────────╢
║Weight		│250		║
╟───────────────┼───────────────╢
║Birth		│AUG 29, 1980	║
╟───────────────┼───────────────╢
║Age		│33		║
╟───────────────┼───────────────╢
║Exp		│10		║
╟───────────────┼───────────────╢
║School		│Xavier		║
╚═══════════════╧═══════════════╝
David West;F;31:25;3;9;0;1;3;4;1;6;7;2;1;0;2;2;9;
David West;F;29:26;4;8;0;0;0;0;1;3;4;5;1;2;2;4;8;
David West;F;34:04;4;13;0;0;3;4;2;5;7;4;2;2;2;3;11;
David West;F;32:13;2;6;0;0;0;0;3;9;12;1;1;3;1;2;4;
David West;F;33:27;4;11;0;0;0;0;3;8;11;3;1;1;3;3;8;
David West;F;27:16;9;13;0;0;2;4;3;5;8;2;1;0;0;1;20;
David West;F;27:36;7;11;0;0;2;2;2;6;8;3;1;0;3;1;16;
David West;F;27:01;6;11;0;0;0;0;1;2;3;4;0;2;2;1;12;
David West;F;15:29;2;4;0;0;0;0;0;2;2;0;0;0;1;1;4;
David West;F;30:31;6;15;0;0;5;7;2;3;5;3;1;2;2;5;17;
David West;F;27:17;6;11;0;0;1;3;3;2;5;3;1;0;2;1;13;
David West;F;36:57;9;14;1;1;3;6;1;5;6;3;0;0;1;4;22;
David West;F;32:00;6;20;0;0;4;4;2;4;6;1;0;0;0;3;16;
David West;F;29:04;8;14;0;0;3;3;2;6;8;0;0;1;0;1;19;
David West;F;32:18;8;18;0;1;2;2;0;3;3;1;0;1;2;4;18;
David West;F;32:12;5;7;0;0;7;8;3;4;7;7;0;1;1;1;17;
David West;F;26:11;4;9;0;0;0;0;2;5;7;1;0;1;0;2;8;
David West;F;32:01;10;19;1;2;1;1;1;9;10;2;2;1;2;2;22;
David West;F;39:59;13;16;0;0;4;6;1;9;10;1;1;2;3;3;30;
David West;F;32:42;5;12;0;0;4;6;1;3;4;1;0;0;1;3;14;
David West;F;26:45;11;13;0;0;3;3;1;2;3;2;0;2;1;4;25;
David West;F;34:45;5;12;0;0;2;2;0;5;5;6;1;0;3;4;12;
David West;F;28:16;6;10;0;0;5;7;2;4;6;1;2;0;2;1;17;
David West;F;27:19;2;10;0;0;0;0;2;5;7;3;2;0;2;5;4;
David West;F;33:09;11;16;0;0;8;10;0;7;7;5;1;0;1;3;30;
David West;F;27:58;4;12;0;0;3;4;4;8;12;3;3;2;2;1;11;
David West;F;32:07;4;8;0;0;1;2;3;1;4;4;1;0;1;0;9;
David West;F;30:51;4;9;0;0;4;4;1;6;7;4;1;1;1;0;12;
David West;F;33:19;11;17;0;0;3;4;2;4;6;1;1;1;2;1;25;
David West;F;33:33;10;17;0;0;7;7;3;4;7;2;1;1;0;2;27;
David West;F;31:08;4;14;0;1;2;3;4;3;7;4;0;0;2;2;10;
David West;F;23:06;5;11;0;0;5;8;4;6;10;1;0;1;3;2;15;
David West;F;32:36;2;9;0;0;4;6;2;5;7;3;1;0;4;3;8;
David West;F;34:59;11;13;0;0;2;3;2;3;5;3;1;1;1;3;24;
David West;F;32:46;8;13;0;0;2;4;1;6;7;1;0;4;4;1;18;
David West;F;35:33;6;13;0;0;3;4;2;6;8;3;0;0;0;3;15;
David West;F;35:03;3;14;0;0;1;1;2;10;12;3;2;1;0;3;7;
David West;F;36:27;4;9;0;0;0;0;1;5;6;0;0;2;2;1;8;
David West;F;27:16;4;9;0;0;2;2;1;5;6;2;0;1;0;2;10;
David West;F;32:52;5;15;0;0;0;0;2;4;6;2;1;1;2;2;10;
David West;F;36:01;4;12;0;0;6;6;0;9;9;4;0;2;1;2;14;
David West;F;36:48;3;11;1;1;6;6;2;7;9;5;1;0;1;3;13;
David West;F;32:18;4;10;0;0;2;2;1;6;7;0;0;1;4;4;10;
David West;F;35:08;6;16;0;0;2;2;1;3;4;2;0;1;1;2;14;
David West;F;28:58;2;6;0;0;3;4;2;6;8;2;0;0;3;3;7;
David West;F;33:10;7;10;0;0;1;1;2;6;8;3;0;2;0;3;15;
David West;F;34:21;9;16;0;2;3;3;1;6;7;4;2;0;0;1;21;
David West;F;37:34;5;10;0;0;3;4;1;5;6;6;0;2;0;3;13;
David West;F;25:48;7;13;0;0;4;4;1;7;8;1;0;1;1;6;18;
David West;F;33:01;9;11;0;0;3;4;2;4;6;1;0;1;3;4;21;
David West;F;30:43;4;11;0;0;5;5;0;5;5;3;2;5;5;2;13;
David West;F;33:21;3;11;0;0;6;6;0;7;7;5;1;2;3;3;12;
David West;F;24:59;2;7;0;0;0;0;1;2;3;2;0;2;0;4;4;
David West;F;33:37;5;10;0;0;2;2;0;8;8;3;1;0;0;2;12;
David West;F;31:18;8;16;0;0;1;2;4;9;13;1;3;1;1;1;17;
David West;F;29:19;4;7;0;0;1;2;0;5;5;2;1;0;3;3;9;
David West;F;32:43;7;15;1;1;3;4;2;6;8;4;2;0;2;2;18;
David West;F;25:53;5;8;0;0;0;0;1;4;5;3;1;2;2;2;10;
David West;F;23:50;2;3;0;0;3;4;0;7;7;0;0;1;1;3;7;
David West;F;27:36;6;16;0;0;1;1;3;4;7;1;0;2;1;2;13;
David West;F;40:26;4;13;0;1;2;4;1;9;10;2;1;2;0;2;10;
David West;F;29:23;7;14;0;0;3;4;2;6;8;3;3;0;0;0;17;
David West;F;30:56;6;11;0;0;5;5;0;11;11;6;0;2;2;3;17;
David West;F;28:31;6;12;0;1;1;2;1;3;4;3;0;0;2;3;13;
David West;F;24:51;3;9;0;0;5;8;1;7;8;1;1;0;0;2;11;
David West;F;27:24;4;9;0;0;0;0;0;5;5;4;1;0;0;0;8;
David West;F;34:43;11;22;0;1;2;2;6;6;12;2;0;1;1;4;24;
David West;F;32:30;6;14;0;1;0;0;2;6;8;5;1;0;1;1;12;
David West;F;32:14;5;14;0;0;0;0;0;5;5;8;1;1;1;1;10;
David West;F;34:00;9;12;0;0;2;3;1;7;8;4;3;2;0;3;20;
David West;F;26:52;5;11;0;0;1;1;0;2;2;3;0;0;4;4;11;
David West;F;32:13;6;8;0;0;5;6;2;7;9;4;0;0;7;3;17;
David West;F;32:33;5;11;0;1;4;4;1;7;8;2;1;0;2;1;14;
David West;F;28:28;6;13;0;0;2;4;3;2;5;2;0;0;2;1;14;
David West;F;35:57;8;15;0;0;7;8;1;2;3;2;0;0;2;2;23;
David West;F;26:09;6;8;0;0;0;0;1;6;7;4;3;1;2;3;12;
David West;F;24:50;3;7;0;0;2;2;0;3;3;6;0;0;2;3;8;
David West;F;26:21;6;8;0;0;1;2;0;4;4;1;0;0;4;1;13;
David West;F;30:15;5;13;0;0;0;0;1;6;7;6;1;0;5;2;10;
David West;F;28:11;4;11;0;0;0;0;0;4;4;3;0;3;1;2;8;
