╔═══════════════╤═══════════════╗
║Name		│David Lee	║
╟───────────────┼───────────────╢
║Number		│10		║
╟───────────────┼───────────────╢
║Position	│F		║
╟───────────────┼───────────────╢
║Height		│6-9		║
╟───────────────┼───────────────╢
║Weight		│240		║
╟───────────────┼───────────────╢
║Birth		│APR 29, 1983	║
╟───────────────┼───────────────╢
║Age		│31		║
╟───────────────┼───────────────╢
║Exp		│8		║
╟───────────────┼───────────────╢
║School		│Florida	║
╚═══════════════╧═══════════════╝
David Lee;F;35:45;13;17;0;0;6;7;3;11;14;3;0;0;3;4;32;
David Lee;F;39:03;9;16;0;0;5;7;3;5;8;3;2;0;2;1;23;
David Lee;F;38:55;10;16;0;0;1;2;2;9;11;6;1;0;1;1;21;
David Lee;F;35:11;10;12;0;0;2;2;6;12;18;2;0;1;2;5;22;
David Lee;F;39:40;9;14;0;0;2;5;2;5;7;3;1;1;5;3;20;
David Lee;F;34:46;8;19;0;0;0;0;3;4;7;4;1;0;2;1;16;
David Lee;F;38:29;8;16;0;0;12;13;2;9;11;2;0;0;2;2;28;
David Lee;F;32:24;6;14;0;0;1;2;2;7;9;1;0;0;2;5;13;
David Lee;F;34:46;9;19;0;0;4;4;2;6;8;1;0;2;0;3;22;
David Lee;F;35:50;8;19;0;0;4;8;5;7;12;2;1;0;0;5;20;
David Lee;F;34:06;10;15;0;0;3;3;1;6;7;2;0;0;2;5;23;
David Lee;F;36:22;6;16;0;0;5;6;2;10;12;3;1;0;3;4;17;
David Lee;F;31:54;2;10;0;0;7;10;1;4;5;1;0;0;3;2;11;
David Lee;F;35:40;10;15;0;0;2;2;3;8;11;4;0;0;2;4;22;
David Lee;F;23:19;3;13;0;0;2;2;1;2;3;0;1;1;3;1;8;
David Lee;C;30:53;5;8;0;0;3;4;3;10;13;4;1;1;2;3;13;
David Lee;C;32:50;8;15;0;0;5;8;5;6;11;2;2;0;3;3;21;
David Lee;F;40:15;10;20;0;0;3;4;3;8;11;2;2;1;1;3;23;
David Lee;F;44:54;11;22;0;0;6;7;2;12;14;0;2;1;5;4;28;
David Lee;;20:38;4;11;0;0;3;5;2;4;6;0;2;2;2;2;11;
David Lee;F;23:48;4;6;0;0;2;2;4;2;6;0;2;1;2;2;10;
David Lee;F;43:12;8;18;0;0;4;4;7;4;11;3;0;0;1;5;20;
David Lee;F;22:19;4;7;0;0;3;6;1;4;5;2;0;0;1;3;11;
David Lee;F;24:44;9;17;0;0;0;0;5;5;10;3;2;0;1;3;18;
David Lee;F;25:19;9;12;0;0;0;2;1;5;6;2;1;0;1;2;18;
David Lee;F;37:24;11;18;0;0;4;5;2;7;9;3;0;0;5;5;26;
David Lee;F;28:31;3;8;0;0;0;0;2;8;10;1;0;0;1;1;6;
David Lee;F;31:13;10;15;0;0;0;0;0;7;7;4;0;0;0;3;20;
David Lee;F;35:14;7;16;0;0;2;2;0;5;5;3;0;0;3;3;16;
David Lee;F;23:53;8;15;0;0;0;0;0;3;3;0;1;1;1;4;16;
David Lee;C;31:57;8;12;0;0;4;4;2;8;10;1;1;0;1;2;20;
David Lee;F;36:57;9;11;0;0;4;7;1;11;12;3;1;1;3;2;22;
David Lee;F;28:06;5;11;0;0;3;4;1;6;7;1;0;0;5;3;13;
David Lee;;25:22;4;12;0;0;2;2;4;6;10;2;2;0;0;1;10;
David Lee;F;33:20;2;9;0;0;0;2;0;4;4;2;1;0;3;6;4;
David Lee;F;28:29;12;14;0;0;1;2;4;5;9;1;2;0;1;5;25;
David Lee;F;26:34;8;13;0;0;8;9;3;5;8;5;0;1;4;3;24;
David Lee;F;28:51;8;15;0;0;6;8;2;3;5;2;1;0;1;6;22;
David Lee;F;31:18;6;11;0;1;3;3;1;11;12;3;1;0;3;4;15;
David Lee;F;26:12;8;15;0;0;2;2;3;4;7;2;0;0;5;0;18;
David Lee;F;35:47;10;16;0;0;2;2;2;13;15;1;2;1;5;4;22;
David Lee;F;36:06;5;13;0;0;3;4;1;9;10;3;0;0;3;3;13;
David Lee;F;23:16;4;8;0;0;5;6;4;5;9;1;1;1;2;6;13;
David Lee;F;27:02;6;10;0;0;5;6;2;7;9;2;0;0;1;1;17;
David Lee;F;35:34;10;22;0;0;0;0;3;1;4;3;1;0;2;2;20;
David Lee;F;26:39;5;10;0;0;3;4;0;5;5;1;0;0;1;2;13;
David Lee;F;27:08;4;9;0;0;6;8;5;9;14;2;0;1;5;1;14;
David Lee;F;42:55;9;17;0;0;0;2;1;7;8;1;1;0;1;4;18;
David Lee;F;41:36;7;17;0;0;7;8;4;9;13;4;1;0;5;2;21;
David Lee;F;40:48;7;13;0;0;1;2;0;12;12;1;1;0;3;4;15;
David Lee;F;38:50;6;14;0;0;7;7;0;7;7;3;0;0;1;2;19;
David Lee;F;29:57;7;14;0;0;6;8;3;9;12;3;0;0;0;1;20;
David Lee;F;42:08;2;12;0;0;6;8;2;10;12;4;0;0;2;2;10;
David Lee;F;34:53;4;11;0;0;3;4;3;1;4;3;0;1;1;4;11;
David Lee;F;36:29;6;10;0;0;6;6;2;6;8;4;0;0;2;1;18;
David Lee;F;21:43;4;7;0;0;3;4;1;2;3;0;0;0;1;1;11;
David Lee;F;38:57;10;21;0;0;3;4;4;7;11;0;3;1;0;1;23;
David Lee;F;43:26;5;14;0;0;4;4;5;11;16;2;0;0;4;2;14;
David Lee;F;37:32;7;16;0;0;1;2;5;6;11;3;1;1;2;4;15;
David Lee;F;37:01;8;13;0;0;7;8;3;7;10;0;1;2;2;4;23;
David Lee;F;35:00;7;18;0;0;4;5;6;7;13;0;0;0;2;4;18;
David Lee;F;33:33;10;15;0;0;1;2;6;11;17;2;2;0;1;2;21;
David Lee;F;39:11;13;22;0;0;6;7;7;6;13;2;1;0;1;5;32;
David Lee;F;32:45;8;18;0;0;3;4;3;7;10;0;1;0;3;3;19;
David Lee;F;38:28;11;21;0;0;6;6;2;8;10;2;0;0;2;3;28;
David Lee;F;39:05;10;20;0;0;3;3;5;8;13;3;0;1;5;4;23;
David Lee;F;26:12;7;10;0;0;3;4;2;5;7;5;0;0;4;4;17;
David Lee;F;30:05;8;13;0;0;3;3;1;3;4;2;0;1;1;6;19;
David Lee;F;27:49;11;15;0;0;0;0;4;5;9;2;0;2;3;0;22;
