╔═══════════════╤═══════════════╗
║Name		│DeAndre Jordan	║
╟───────────────┼───────────────╢
║Number		│6		║
╟───────────────┼───────────────╢
║Position	│C		║
╟───────────────┼───────────────╢
║Height		│6-11		║
╟───────────────┼───────────────╢
║Weight		│265		║
╟───────────────┼───────────────╢
║Birth		│JUL 21, 1988	║
╟───────────────┼───────────────╢
║Age		│25		║
╟───────────────┼───────────────╢
║Exp		│5		║
╟───────────────┼───────────────╢
║School		│Texas A&M	║
╚═══════════════╧═══════════════╝
DeAndre Jordan;C;36:31;3;4;0;0;0;0;3;9;12;2;1;1;3;3;6;
DeAndre Jordan;C;41:12;11;14;0;0;3;7;6;12;18;1;1;3;2;2;25;
DeAndre Jordan;C;32:55;2;5;0;0;0;0;1;9;10;1;1;2;2;6;4;
DeAndre Jordan;C;32:45;6;10;0;0;2;3;5;12;17;0;0;8;1;4;14;
DeAndre Jordan;C;27:15;5;6;0;0;1;4;4;9;13;0;0;1;2;4;11;
DeAndre Jordan;C;30:58;5;9;0;0;3;4;2;8;10;1;2;7;0;2;13;
DeAndre Jordan;C;39:12;3;6;0;0;1;2;4;9;13;1;1;2;0;1;7;
DeAndre Jordan;C;42:40;4;8;0;0;3;4;4;12;16;2;3;3;3;4;11;
DeAndre Jordan;C;38:58;5;9;0;0;2;4;6;11;17;1;1;2;1;3;12;
DeAndre Jordan;C;40:04;8;11;0;0;0;6;9;12;21;1;0;4;0;3;16;
DeAndre Jordan;C;32:14;2;2;0;0;0;0;5;15;20;3;2;2;3;4;4;
DeAndre Jordan;C;43:07;4;5;0;0;2;6;5;7;12;2;1;1;1;3;10;
DeAndre Jordan;C;32:38;2;4;0;0;2;2;4;7;11;0;1;0;1;5;6;
DeAndre Jordan;C;33:21;4;5;0;0;0;1;4;14;18;2;1;1;3;2;8;
DeAndre Jordan;C;42:16;4;5;0;0;6;10;5;12;17;0;1;2;2;2;14;
DeAndre Jordan;C;40:07;3;4;0;0;3;9;5;15;20;0;0;1;2;2;9;
DeAndre Jordan;C;34:37;4;6;0;0;2;4;6;8;14;1;1;3;0;5;10;
DeAndre Jordan;C;41:03;7;10;0;0;5;6;2;10;12;1;1;3;3;4;19;
DeAndre Jordan;C;40:32;6;8;0;0;4;5;5;11;16;0;1;1;3;3;16;
DeAndre Jordan;C;41:29;4;6;0;0;10;22;3;10;13;4;2;2;0;4;18;
DeAndre Jordan;C;29:33;4;5;0;0;2;4;4;16;20;1;1;4;0;2;10;
DeAndre Jordan;C;36:49;5;6;0;0;4;4;2;4;6;0;2;1;0;4;14;
DeAndre Jordan;C;38:43;2;3;0;0;3;5;4;14;18;0;1;6;1;3;7;
DeAndre Jordan;C;37:24;2;3;0;0;1;5;1;11;12;0;0;2;0;2;5;
DeAndre Jordan;C;40:41;6;6;0;0;6;11;1;11;12;0;2;1;3;4;18;
DeAndre Jordan;C;37:05;7;10;0;0;0;1;7;9;16;2;1;4;1;3;14;
DeAndre Jordan;C;38:36;6;7;0;0;1;2;1;9;10;2;3;4;1;3;13;
DeAndre Jordan;C;27:30;1;4;0;0;5;8;2;10;12;2;0;4;1;3;7;
DeAndre Jordan;C;38:43;4;8;0;0;2;2;6;11;17;1;1;2;1;3;10;
DeAndre Jordan;C;22:02;6;9;0;0;2;4;4;8;12;3;0;0;2;2;14;
DeAndre Jordan;C;31:36;6;8;0;0;1;2;5;7;12;0;2;1;0;3;13;
DeAndre Jordan;C;33:23;4;6;0;0;0;1;5;12;17;1;0;3;1;5;8;
DeAndre Jordan;C;33:28;4;6;0;0;2;3;3;8;11;0;0;6;0;3;10;
DeAndre Jordan;C;36:28;4;6;0;0;1;3;1;9;10;0;2;1;0;3;9;
DeAndre Jordan;C;32:22;7;8;0;0;1;4;3;8;11;1;2;1;0;4;15;
DeAndre Jordan;C;27:51;3;7;0;0;2;2;4;7;11;3;2;0;3;4;8;
DeAndre Jordan;C;33:28;4;5;0;0;1;4;3;9;12;0;1;5;2;4;9;
DeAndre Jordan;C;33:58;3;4;0;0;0;0;1;9;10;3;0;1;2;3;6;
DeAndre Jordan;C;35:50;4;6;0;0;0;4;7;9;16;1;0;4;4;3;8;
DeAndre Jordan;C;37:31;7;9;0;0;2;2;7;8;15;0;1;0;3;3;16;
DeAndre Jordan;C;36:35;7;10;0;0;6;14;3;9;12;0;0;6;3;5;20;
DeAndre Jordan;C;40:08;4;6;0;0;3;8;10;14;24;0;0;4;5;2;11;
DeAndre Jordan;C;29:15;2;2;0;0;0;0;1;10;11;0;0;1;0;4;4;
DeAndre Jordan;C;38:37;9;12;0;0;3;8;5;10;15;0;2;2;0;3;21;
DeAndre Jordan;C;30:45;5;6;0;0;1;5;3;9;12;0;0;4;2;0;11;
DeAndre Jordan;C;32:43;4;6;0;0;2;8;5;7;12;0;1;3;1;2;10;
DeAndre Jordan;C;34:09;9;13;0;0;3;11;3;6;9;1;1;7;2;5;21;
DeAndre Jordan;C;36:21;6;8;0;0;1;8;6;10;16;3;2;2;3;2;13;
DeAndre Jordan;C;1:23;0;0;0;0;0;0;0;0;0;0;0;0;0;0;0;
DeAndre Jordan;C;35:28;8;10;0;0;1;2;4;7;11;1;3;3;1;5;17;
DeAndre Jordan;C;41:06;3;9;0;0;3;12;10;7;17;1;2;1;0;2;9;
DeAndre Jordan;C;31:03;2;3;0;0;4;6;3;5;8;1;1;2;3;5;8;
DeAndre Jordan;C;29:33;4;5;0;0;3;5;1;8;9;0;0;1;0;5;11;
DeAndre Jordan;C;43:31;3;10;0;0;3;6;7;12;19;0;1;4;1;3;9;
DeAndre Jordan;C;42:02;4;8;0;0;3;5;4;10;14;1;2;1;2;5;11;
DeAndre Jordan;C;35:49;6;8;0;0;0;3;7;11;18;4;2;3;2;4;12;
DeAndre Jordan;C;35:58;7;8;0;0;0;6;3;8;11;0;1;0;0;4;14;
DeAndre Jordan;C;32:09;6;8;0;0;3;4;3;6;9;0;2;2;3;3;15;
DeAndre Jordan;C;35:11;2;3;0;0;5;8;6;10;16;0;0;5;2;3;9;
DeAndre Jordan;C;42:15;3;8;0;0;2;2;8;8;16;1;0;3;1;4;8;
DeAndre Jordan;C;27:25;2;3;0;0;0;0;4;8;12;0;1;0;4;5;4;
DeAndre Jordan;C;31:59;2;8;0;0;0;4;4;8;12;1;0;1;1;3;4;
DeAndre Jordan;C;37:46;6;6;0;0;5;14;1;11;12;0;2;2;2;4;17;
DeAndre Jordan;C;26:20;1;1;0;0;0;0;1;6;7;2;0;1;2;4;2;
DeAndre Jordan;C;35:09;3;6;0;0;3;6;2;11;13;1;1;1;1;3;9;
DeAndre Jordan;C;40:14;5;9;0;0;0;5;6;9;15;2;0;9;1;1;10;
DeAndre Jordan;C;35:19;5;8;0;0;1;2;6;6;12;2;3;1;0;3;11;
DeAndre Jordan;C;30:27;3;3;0;0;0;4;4;9;13;0;0;0;3;3;6;
DeAndre Jordan;C;36:35;4;6;0;0;2;4;4;10;14;2;2;3;2;2;10;
DeAndre Jordan;C;33:07;5;7;0;0;2;3;2;11;13;0;1;4;1;1;12;
DeAndre Jordan;C;38:43;5;7;0;0;1;2;6;15;21;0;1;0;2;3;11;
DeAndre Jordan;C;31:44;2;3;0;0;1;6;1;5;6;0;1;1;0;4;5;
DeAndre Jordan;C;31:23;2;3;0;0;2;4;3;9;12;0;1;1;2;2;6;
DeAndre Jordan;C;31:02;6;6;0;0;3;6;2;8;10;1;0;2;1;4;15;
DeAndre Jordan;C;30:33;2;3;0;0;3;6;3;8;11;1;1;3;5;4;7;
DeAndre Jordan;C;42:52;6;6;0;0;2;4;5;15;20;0;0;5;0;2;14;
DeAndre Jordan;C;31:59;2;3;0;0;3;6;2;10;12;1;0;3;2;2;7;
DeAndre Jordan;C;37:00;2;4;0;0;0;0;9;8;17;1;0;1;1;3;4;
DeAndre Jordan;C;38:59;6;6;0;0;1;2;2;11;13;1;1;6;3;4;13;
DeAndre Jordan;C;41:35;1;6;0;0;0;2;5;14;19;1;1;2;0;6;2;
DeAndre Jordan;C;36:42;2;3;0;0;0;1;2;10;12;2;2;2;1;2;4;
DeAndre Jordan;C;32:36;1;2;0;0;0;2;6;13;19;0;0;2;1;3;2;
