╔═══════════════╤═══════════════╗
║Name		│DeJuan Blair	║
╟───────────────┼───────────────╢
║Number		│45		║
╟───────────────┼───────────────╢
║Position	│C-F		║
╟───────────────┼───────────────╢
║Height		│6-7		║
╟───────────────┼───────────────╢
║Weight		│270		║
╟───────────────┼───────────────╢
║Birth		│APR 22, 1989	║
╟───────────────┼───────────────╢
║Age		│25		║
╟───────────────┼───────────────╢
║Exp		│4		║
╟───────────────┼───────────────╢
║School		│Pittsburgh	║
╚═══════════════╧═══════════════╝
DeJuan Blair;;14:02;1;1;0;0;2;2;1;4;5;1;2;0;1;3;4;
DeJuan Blair;;7:11;3;5;0;0;0;0;1;2;3;0;0;0;1;1;6;
DeJuan Blair;C;25:39;5;6;0;0;1;1;1;4;5;0;1;0;3;4;11;
DeJuan Blair;C;27:17;7;10;0;0;1;3;0;9;9;0;1;0;1;2;15;
DeJuan Blair;C;22:40;3;7;0;0;0;0;3;3;6;1;2;1;0;3;6;
DeJuan Blair;;25:02;1;5;0;0;0;0;1;4;5;2;0;0;1;5;2;
DeJuan Blair;;5:51;0;0;0;0;0;0;0;1;1;0;0;0;1;1;0;
DeJuan Blair;;15:31;3;4;0;0;0;0;3;4;7;1;0;0;1;1;6;
DeJuan Blair;;14:31;4;5;0;0;0;1;2;2;4;3;0;2;1;2;8;
DeJuan Blair;;10:30;1;2;0;0;0;0;1;3;4;0;0;0;0;1;2;
DeJuan Blair;;26:34;5;8;0;0;3;3;2;0;2;1;1;1;1;5;13;
DeJuan Blair;;20:45;5;7;0;0;3;3;3;2;5;0;0;0;0;6;13;
DeJuan Blair;;17:47;4;5;0;0;0;0;1;6;7;1;0;0;2;2;8;
DeJuan Blair;;16:30;2;7;0;0;0;0;3;2;5;0;1;0;1;0;4;
DeJuan Blair;;13:47;4;9;0;0;1;2;2;2;4;0;1;0;0;4;9;
DeJuan Blair;;23:45;5;9;0;0;3;3;0;5;5;0;1;1;1;3;13;
DeJuan Blair;;12:39;1;5;0;0;4;6;2;1;3;0;1;0;1;0;6;
DeJuan Blair;;9:45;1;2;0;0;0;0;1;3;4;1;0;0;1;3;2;
DeJuan Blair;;9:10;2;2;0;0;2;2;0;2;2;1;0;2;2;4;6;
DeJuan Blair;;12:42;2;4;0;0;0;1;1;3;4;0;0;0;1;1;4;
DeJuan Blair;;4:36;0;1;0;0;0;0;0;1;1;1;0;0;0;0;0;
DeJuan Blair;;20:28;1;4;0;0;1;2;0;4;4;2;0;0;0;2;3;
DeJuan Blair;;16:16;4;8;0;0;1;1;2;1;3;1;0;3;0;0;9;
DeJuan Blair;;6:09;1;2;0;0;0;0;0;0;0;0;0;0;0;0;2;
DeJuan Blair;;16:10;7;9;0;0;4;4;1;3;4;0;0;1;3;2;18;
DeJuan Blair;;9:36;2;5;0;0;0;0;3;0;3;0;1;0;2;1;4;
DeJuan Blair;;2:28;0;0;0;0;1;2;0;1;1;0;0;0;0;1;1;
DeJuan Blair;;3:04;1;2;0;0;0;0;0;0;0;1;0;0;1;1;2;
DeJuan Blair;;16:24;2;4;0;0;3;3;1;1;2;0;4;0;0;2;7;
DeJuan Blair;;12:33;3;5;0;0;0;0;2;2;4;2;1;1;1;1;6;
DeJuan Blair;;2:59;0;0;0;0;0;0;0;0;0;0;0;0;0;1;0;
DeJuan Blair;;3:54;1;1;0;0;0;0;0;2;2;0;0;0;0;2;2;
DeJuan Blair;;18:04;1;4;0;0;3;6;1;0;1;3;1;0;1;5;5;
DeJuan Blair;;15:21;3;10;0;0;2;4;4;4;8;1;1;0;2;2;8;
DeJuan Blair;;10:08;1;2;0;0;2;2;1;3;4;0;0;0;0;1;4;
DeJuan Blair;;8:54;0;1;0;0;0;2;0;4;4;1;1;0;2;4;0;
DeJuan Blair;;8:05;2;4;0;0;0;0;0;0;0;1;0;0;1;2;4;
DeJuan Blair;;1:15;0;0;0;0;0;0;0;0;0;0;0;0;1;1;0;
DeJuan Blair;;11:08;0;3;0;0;2;4;3;1;4;0;0;0;0;2;2;
DeJuan Blair;;8:07;0;1;0;0;2;2;1;1;2;1;0;0;2;4;2;
DeJuan Blair;;1:38;0;0;0;0;0;0;0;0;0;1;0;0;0;1;0;
DeJuan Blair;;4:36;0;2;0;0;2;2;0;1;1;0;0;0;0;1;2;
DeJuan Blair;;11:19;3;4;0;0;0;0;1;2;3;0;1;0;1;3;6;
DeJuan Blair;;3:00;0;2;0;0;2;2;1;0;1;0;0;0;0;0;2;
DeJuan Blair;;17:19;3;6;0;0;0;2;6;3;9;2;0;0;1;0;6;
DeJuan Blair;;10:09;2;3;0;0;0;0;0;2;2;0;0;1;0;2;4;
DeJuan Blair;;8:26;2;3;0;0;1;2;2;2;4;1;0;0;1;4;5;
DeJuan Blair;;16:51;2;5;0;0;4;4;5;2;7;0;2;0;0;2;8;
DeJuan Blair;;21:06;4;5;0;0;1;2;5;0;5;0;0;0;1;3;9;
DeJuan Blair;;17:53;5;11;0;1;1;2;5;5;10;0;2;2;2;5;11;
DeJuan Blair;;22:10;3;6;0;0;2;3;2;4;6;0;4;0;1;4;8;
DeJuan Blair;;18:34;5;10;0;0;0;2;4;4;8;4;5;1;1;0;10;
DeJuan Blair;;19:05;4;8;0;0;0;0;2;1;3;1;1;0;1;3;8;
DeJuan Blair;;20:46;4;6;0;0;0;2;5;4;9;2;2;0;2;4;8;
DeJuan Blair;;21:55;3;5;0;0;1;2;3;8;11;1;3;0;3;3;7;
DeJuan Blair;;23:55;4;6;0;0;1;3;4;7;11;1;0;0;1;2;9;
DeJuan Blair;;26:55;4;10;0;0;1;1;2;5;7;5;3;2;1;3;9;
DeJuan Blair;;24:55;7;9;0;0;4;6;1;4;5;2;2;1;0;5;18;
DeJuan Blair;;7:21;0;1;0;0;0;0;1;1;2;1;0;0;1;4;0;
DeJuan Blair;;16:04;1;2;0;0;0;0;1;1;2;2;0;0;1;4;2;
DeJuan Blair;;19:29;5;9;0;0;1;2;5;4;9;1;1;0;3;3;11;
DeJuan Blair;;26:18;4;12;0;0;0;0;4;6;10;2;2;0;2;5;8;
DeJuan Blair;C;18:52;5;9;0;0;0;0;2;6;8;0;1;0;2;3;10;
DeJuan Blair;;20:45;5;10;0;0;1;2;7;2;9;1;2;0;1;5;11;
DeJuan Blair;;26:22;1;3;0;1;7;8;5;13;18;1;0;0;3;4;9;
DeJuan Blair;;22:21;5;8;0;0;1;1;2;6;8;1;2;0;0;5;11;
DeJuan Blair;;20:34;1;4;0;0;0;0;1;6;7;3;0;0;1;5;2;
DeJuan Blair;C;29:11;6;10;0;0;0;3;0;4;4;0;0;1;0;4;12;
DeJuan Blair;C;23:48;6;9;0;0;3;4;1;7;8;0;1;0;1;4;15;
DeJuan Blair;C;13:41;2;2;0;0;0;0;1;1;2;1;0;0;2;4;4;
DeJuan Blair;C;23:11;2;8;0;0;0;0;2;7;9;2;0;0;2;2;4;
DeJuan Blair;C;28:36;5;8;0;0;1;2;2;7;9;1;0;0;4;4;11;
DeJuan Blair;C;19:31;3;6;0;0;0;1;2;3;5;2;1;0;1;1;6;
DeJuan Blair;C;21:06;2;4;0;0;0;0;0;4;4;0;1;0;0;0;4;
DeJuan Blair;C;10:46;3;4;0;0;0;0;0;0;0;1;1;0;0;0;6;
DeJuan Blair;C;23:12;6;8;0;0;2;3;7;4;11;3;1;1;1;2;14;
DeJuan Blair;;11:45;2;3;0;0;0;1;0;3;3;1;0;0;0;1;4;
DeJuan Blair;;13:09;3;3;0;0;0;0;1;0;1;1;2;0;0;2;6;
