╔═══════════════╤═══════════════╗
║Name		│DeMar DeRozan	║
╟───────────────┼───────────────╢
║Number		│10		║
╟───────────────┼───────────────╢
║Position	│G		║
╟───────────────┼───────────────╢
║Height		│6-7		║
╟───────────────┼───────────────╢
║Weight		│216		║
╟───────────────┼───────────────╢
║Birth		│AUG 07, 1989	║
╟───────────────┼───────────────╢
║Age		│24		║
╟───────────────┼───────────────╢
║Exp		│4		║
╟───────────────┼───────────────╢
║School		│USC		║
╚═══════════════╧═══════════════╝
DeMar DeRozan;G;39:04;9;24;0;1;8;9;2;7;9;3;3;0;3;1;26;
DeMar DeRozan;G;36:01;7;14;0;0;6;7;1;2;3;5;1;1;0;1;20;
DeMar DeRozan;G;37:59;11;19;1;4;3;4;1;3;4;7;2;0;1;3;26;
DeMar DeRozan;G;37:14;9;22;0;4;10;11;0;2;2;6;1;0;0;2;28;
DeMar DeRozan;G;35:30;3;15;0;1;13;16;1;5;6;4;2;2;3;0;19;
DeMar DeRozan;G;37:14;9;18;1;1;7;8;2;5;7;5;1;1;2;3;26;
DeMar DeRozan;G;32:46;8;16;0;3;3;5;2;5;7;7;1;1;1;2;19;
DeMar DeRozan;G;37:09;9;22;1;2;4;9;2;6;8;3;1;0;1;4;23;
DeMar DeRozan;G;40:19;5;17;1;2;4;5;1;4;5;5;2;0;3;3;15;
DeMar DeRozan;G;41:32;10;24;0;3;3;4;0;6;6;7;1;0;1;4;23;
DeMar DeRozan;G;38:46;10;23;1;3;4;5;2;4;6;2;3;0;1;3;25;
DeMar DeRozan;G;37:49;15;22;1;1;9;14;1;2;3;3;1;1;4;1;40;
DeMar DeRozan;G;38:50;10;22;1;3;13;16;3;6;9;1;0;0;3;2;34;
DeMar DeRozan;G;21:22;2;6;2;2;4;4;0;3;3;3;1;0;0;1;10;
DeMar DeRozan;G;32:39;6;17;0;1;7;8;1;2;3;1;1;0;3;0;19;
DeMar DeRozan;G;41:04;14;29;2;4;6;9;1;3;4;12;0;1;3;3;36;
DeMar DeRozan;G;37:20;7;15;2;3;7;7;0;4;4;4;1;0;0;2;23;
DeMar DeRozan;G;37:37;5;17;1;4;7;7;2;4;6;4;2;0;3;4;18;
DeMar DeRozan;G;40:58;9;21;1;4;17;19;1;4;5;8;2;1;0;2;36;
DeMar DeRozan;G;40:21;7;21;1;5;7;10;0;2;2;4;1;0;3;2;22;
DeMar DeRozan;G;34:13;11;19;2;3;7;7;2;3;5;3;2;0;1;4;31;
DeMar DeRozan;G;40:36;6;13;0;3;2;3;0;4;4;3;0;1;3;3;14;
DeMar DeRozan;G;42:22;11;25;0;4;10;11;1;4;5;1;0;0;2;3;32;
DeMar DeRozan;G;38:30;5;14;0;0;4;4;0;4;4;5;0;0;1;1;14;
DeMar DeRozan;G;31:44;9;17;0;1;6;6;0;3;3;4;0;1;5;4;24;
DeMar DeRozan;G;40:01;12;25;0;1;9;13;1;3;4;6;1;0;0;3;33;
DeMar DeRozan;G;47:24;8;17;0;1;6;6;1;3;4;6;2;0;4;3;22;
DeMar DeRozan;G;42:12;10;16;1;2;11;12;0;4;4;6;1;0;0;2;32;
DeMar DeRozan;G;32:35;4;13;0;0;7;10;0;1;1;6;1;1;2;3;15;
DeMar DeRozan;G;33:54;8;17;2;3;7;9;1;6;7;0;0;1;4;5;25;
DeMar DeRozan;G;35:20;3;9;0;2;8;8;0;3;3;1;0;0;2;3;14;
DeMar DeRozan;G;40:48;8;20;1;3;8;9;0;3;3;3;1;0;0;3;25;
DeMar DeRozan;G;43:00;4;12;1;2;7;8;0;0;0;2;1;0;4;4;16;
DeMar DeRozan;G;39:04;6;16;0;1;5;5;1;3;4;7;4;0;3;3;17;
DeMar DeRozan;G;45:02;8;18;0;1;13;14;0;10;10;6;1;0;3;4;29;
DeMar DeRozan;G;38:44;9;19;2;4;11;13;0;3;3;4;3;0;1;3;31;
DeMar DeRozan;G;43:41;8;21;0;3;15;16;0;8;8;3;2;0;6;3;31;
DeMar DeRozan;G;37:34;8;18;2;3;3;4;0;2;2;3;0;1;4;3;21;
DeMar DeRozan;G;38:03;5;16;0;1;3;7;0;3;3;8;1;0;1;4;13;
DeMar DeRozan;G;39:44;5;13;0;1;10;11;1;6;7;3;0;0;4;4;20;
DeMar DeRozan;G;35:05;12;27;0;2;6;6;0;3;3;4;1;0;1;3;30;
DeMar DeRozan;G;37:57;6;14;1;2;15;16;0;2;2;1;1;0;0;1;28;
DeMar DeRozan;G;39:17;8;14;0;2;0;1;0;2;2;7;2;0;2;3;16;
DeMar DeRozan;G;40:07;10;19;1;3;8;10;0;6;6;4;2;0;2;5;29;
DeMar DeRozan;G;39:35;8;19;0;1;4;5;0;4;4;9;0;1;3;3;20;
DeMar DeRozan;G;38:22;7;19;0;1;9;10;0;2;2;5;1;0;2;3;23;
DeMar DeRozan;G;33:58;4;14;0;1;9;10;1;4;5;5;0;0;2;0;17;
DeMar DeRozan;G;42:53;6;18;2;4;12;13;1;4;5;5;0;0;4;2;26;
DeMar DeRozan;G;37:34;10;19;2;4;8;10;0;1;1;3;0;0;0;3;30;
DeMar DeRozan;G;21:49;2;5;0;0;5;6;2;3;5;1;1;0;3;1;9;
DeMar DeRozan;G;40:24;6;19;1;3;0;2;0;2;2;2;2;0;5;3;13;
DeMar DeRozan;G;36:35;14;23;2;5;1;2;0;4;4;2;1;1;2;3;31;
DeMar DeRozan;G;34:56;5;14;1;3;6;8;1;5;6;5;2;0;2;1;17;
DeMar DeRozan;G;39:46;8;15;0;3;5;5;0;0;0;3;1;0;2;3;21;
DeMar DeRozan;G;37:57;5;16;2;5;2;2;0;3;3;3;0;0;1;4;14;
DeMar DeRozan;G;36:06;2;15;0;1;2;2;1;4;5;3;1;0;1;1;6;
DeMar DeRozan;G;24:00;5;14;1;3;7;7;1;4;5;3;1;0;1;1;18;
DeMar DeRozan;G;47:53;6;24;0;1;10;11;1;2;3;1;4;1;0;1;22;
DeMar DeRozan;G;32:52;7;13;1;1;3;3;2;1;3;4;2;1;1;0;18;
DeMar DeRozan;G;37:19;13;22;4;6;7;10;0;1;1;1;0;0;3;3;37;
DeMar DeRozan;G;46:49;11;27;1;5;6;8;0;3;3;3;0;0;4;2;29;
DeMar DeRozan;G;38:17;10;19;3;5;10;12;0;3;3;0;0;1;1;3;33;
DeMar DeRozan;G;36:41;7;14;0;2;3;4;1;5;6;4;0;1;4;2;17;
DeMar DeRozan;G;39:04;9;15;4;6;5;5;0;6;6;3;1;0;3;0;27;
DeMar DeRozan;G;43:58;10;20;2;7;3;7;1;6;7;3;1;1;3;1;25;
DeMar DeRozan;G;35:27;5;14;1;3;6;8;1;6;7;4;1;1;3;3;17;
DeMar DeRozan;G;42:41;10;18;2;4;4;5;0;0;0;3;0;0;3;2;26;
DeMar DeRozan;G;38:53;5;15;0;3;3;4;0;3;3;2;2;0;2;5;13;
DeMar DeRozan;G;41:18;8;19;0;3;10;11;0;5;5;5;3;2;2;4;26;
DeMar DeRozan;G;29:52;6;16;0;2;7;7;0;0;0;7;0;1;2;2;19;
DeMar DeRozan;G;39:33;9;19;2;7;7;9;1;4;5;6;1;0;2;2;27;
DeMar DeRozan;G;38:42;7;14;0;2;1;2;0;7;7;4;0;1;2;2;15;
DeMar DeRozan;G;40:49;11;26;0;4;8;10;0;6;6;1;3;1;2;3;30;
DeMar DeRozan;G;42:19;6;18;1;2;2;3;2;5;7;9;1;1;6;1;15;
DeMar DeRozan;G;38:10;7;20;0;0;3;5;0;2;2;4;0;0;2;4;17;
DeMar DeRozan;G;35:36;5;16;1;4;2;2;1;6;7;3;1;0;3;3;13;
DeMar DeRozan;G;35:48;7;13;2;5;9;14;2;2;4;2;0;1;3;2;25;
DeMar DeRozan;G;36:27;7;18;0;3;6;7;0;4;4;4;3;0;3;3;20;
DeMar DeRozan;G;35:46;3;12;0;1;5;7;1;7;8;1;0;0;4;1;11;
