╔═══════════════╤═══════════════╗
║Name		│DeMarre Carroll║
╟───────────────┼───────────────╢
║Number		│5		║
╟───────────────┼───────────────╢
║Position	│F		║
╟───────────────┼───────────────╢
║Height		│6-8		║
╟───────────────┼───────────────╢
║Weight		│212		║
╟───────────────┼───────────────╢
║Birth		│JUL 27, 1986	║
╟───────────────┼───────────────╢
║Age		│27		║
╟───────────────┼───────────────╢
║Exp		│4		║
╟───────────────┼───────────────╢
║School		│Missouri	║
╚═══════════════╧═══════════════╝
DeMarre Carroll;F;31:48;5;8;1;3;1;2;1;6;7;1;4;0;0;3;12;
DeMarre Carroll;F;38:45;4;8;1;2;1;2;3;4;7;4;3;1;2;2;10;
DeMarre Carroll;F;34:03;4;9;0;2;2;2;2;5;7;1;1;0;0;1;10;
DeMarre Carroll;F;38:34;5;8;1;3;0;0;2;2;4;4;3;0;1;5;11;
DeMarre Carroll;F;33:56;1;9;1;6;2;2;1;4;5;2;1;0;0;3;5;
DeMarre Carroll;F;37:14;5;9;2;5;3;4;0;3;3;1;0;0;0;4;15;
DeMarre Carroll;F;36:29;8;13;3;5;0;0;2;4;6;0;1;0;1;2;19;
DeMarre Carroll;F;23:47;6;7;3;4;2;2;3;5;8;2;1;0;1;0;17;
DeMarre Carroll;F;24:13;4;5;3;3;1;2;0;6;6;4;0;0;1;3;12;
DeMarre Carroll;F;41:41;7;14;0;3;1;2;2;1;3;0;5;0;0;4;15;
DeMarre Carroll;F;26:45;5;9;3;4;0;0;1;8;9;4;2;1;3;3;13;
DeMarre Carroll;F;30:56;6;15;2;6;5;6;3;2;5;4;3;0;0;2;19;
DeMarre Carroll;F;27:30;3;8;0;3;2;2;1;2;3;2;1;0;2;2;8;
DeMarre Carroll;F;41:15;9;12;4;6;0;0;2;5;7;4;3;0;1;4;22;
DeMarre Carroll;F;38:56;6;11;1;2;0;2;1;5;6;3;1;0;1;2;13;
DeMarre Carroll;F;31:46;5;10;1;3;0;0;1;1;2;2;0;1;0;4;11;
DeMarre Carroll;F;23:30;2;7;0;3;0;0;2;1;3;0;0;0;2;1;4;
DeMarre Carroll;F;33:38;8;14;4;8;4;5;3;3;6;0;2;0;1;4;24;
DeMarre Carroll;F;33:57;4;12;2;5;3;3;2;2;4;1;1;0;2;5;13;
DeMarre Carroll;F;37:07;8;11;3;5;5;6;3;4;7;0;1;1;2;3;24;
DeMarre Carroll;F;37:43;2;5;2;4;4;6;2;4;6;3;3;0;2;3;10;
DeMarre Carroll;F;25:32;3;11;1;5;2;2;1;5;6;2;0;0;0;1;9;
DeMarre Carroll;F;27:51;4;7;0;2;1;2;2;3;5;2;1;0;0;1;9;
DeMarre Carroll;F;33:42;7;14;3;6;2;2;1;1;2;0;1;0;1;2;19;
DeMarre Carroll;F;31:55;4;7;3;5;0;0;1;5;6;4;1;1;1;3;11;
DeMarre Carroll;F;37:46;5;11;4;6;1;2;2;4;6;1;0;2;1;4;15;
DeMarre Carroll;F;42:08;4;13;3;8;0;0;1;9;10;3;4;0;3;1;11;
DeMarre Carroll;F;38:08;4;9;1;5;0;0;1;5;6;1;2;1;1;2;9;
DeMarre Carroll;F;37:42;4;10;0;3;0;0;2;2;4;1;1;0;0;5;8;
DeMarre Carroll;F;35:58;2;10;0;4;3;3;1;6;7;2;4;0;1;3;7;
DeMarre Carroll;F;37:25;7;13;1;2;2;5;3;1;4;1;5;0;0;3;17;
DeMarre Carroll;F;36:52;5;8;2;4;7;7;2;2;4;1;1;0;0;3;19;
DeMarre Carroll;G;28:41;4;9;1;2;2;2;1;5;6;1;3;0;3;1;11;
DeMarre Carroll;F;31:54;5;6;1;2;0;1;0;4;4;1;0;0;1;1;11;
DeMarre Carroll;F;28:47;4;9;1;5;0;0;2;3;5;4;2;0;1;2;9;
DeMarre Carroll;F;36:26;3;8;0;2;2;3;3;3;6;3;0;0;1;2;8;
DeMarre Carroll;F;36:24;5;10;3;7;0;0;0;4;4;2;1;1;1;2;13;
DeMarre Carroll;F;25:53;2;3;1;2;0;0;0;4;4;0;2;1;2;4;5;
DeMarre Carroll;F;35:09;2;10;0;5;4;4;4;5;9;3;1;1;1;4;8;
DeMarre Carroll;F;38:18;6;13;0;3;1;2;1;7;8;4;0;0;1;4;13;
DeMarre Carroll;F;36:46;6;11;0;3;0;0;2;9;11;0;0;0;2;2;12;
DeMarre Carroll;F;36:02;6;12;3;5;2;2;1;5;6;4;2;1;5;5;17;
DeMarre Carroll;F;22:25;6;9;1;2;0;0;0;1;1;4;3;0;1;1;13;
DeMarre Carroll;F;34:30;3;7;2;4;6;8;1;6;7;1;3;0;2;1;14;
DeMarre Carroll;F;33:27;1;7;1;5;5;5;1;2;3;3;3;0;0;1;8;
DeMarre Carroll;F;18:38;2;5;0;3;1;2;0;3;3;3;0;0;1;4;5;
DeMarre Carroll;F;34:42;3;11;0;4;0;0;0;2;2;0;1;0;2;2;6;
DeMarre Carroll;F;29:41;4;9;1;4;1;1;2;3;5;3;2;0;0;2;10;
DeMarre Carroll;F;31:49;5;5;2;2;0;2;1;6;7;1;0;0;5;1;12;
DeMarre Carroll;F;34:09;2;5;1;4;0;0;2;8;10;1;0;1;0;1;5;
DeMarre Carroll;F;32:50;2;7;0;2;0;0;0;9;9;2;0;0;1;1;4;
DeMarre Carroll;F;34:10;8;14;5;8;0;0;0;6;6;2;1;0;0;3;21;
DeMarre Carroll;F;29:26;4;8;1;3;1;1;0;4;4;1;1;0;1;0;10;
DeMarre Carroll;F;22:40;3;6;2;3;0;0;1;1;2;1;2;1;0;3;8;
DeMarre Carroll;F;35:56;3;6;1;3;4;6;0;12;12;3;2;2;0;2;11;
DeMarre Carroll;F;27:32;4;9;1;4;3;4;4;0;4;1;3;0;1;4;12;
DeMarre Carroll;F;32:56;2;6;0;4;1;2;1;3;4;3;0;0;1;4;5;
DeMarre Carroll;F;24:27;3;8;1;3;2;2;2;5;7;0;0;0;0;4;9;
DeMarre Carroll;F;25:50;2;8;0;2;0;0;1;1;2;1;1;0;0;2;4;
DeMarre Carroll;F;34:28;2;7;0;2;5;5;3;7;10;2;2;1;2;2;9;
DeMarre Carroll;F;36:37;3;9;1;2;4;4;5;3;8;1;2;0;2;2;11;
DeMarre Carroll;F;36:53;7;11;3;5;0;0;4;4;8;2;2;0;1;3;17;
DeMarre Carroll;F;32:23;4;6;2;2;2;2;1;6;7;1;0;0;1;2;12;
DeMarre Carroll;F;27:03;4;10;0;3;2;3;1;7;8;2;1;0;2;3;10;
DeMarre Carroll;F;26:43;2;10;1;4;2;2;2;3;5;2;1;1;2;4;7;
DeMarre Carroll;F;27:48;1;3;1;2;0;0;0;6;6;0;1;0;3;4;3;
DeMarre Carroll;F;31:28;4;6;0;1;0;0;0;3;3;3;0;0;0;3;8;
DeMarre Carroll;F;28:08;5;11;1;5;2;2;3;3;6;3;1;0;0;3;13;
DeMarre Carroll;F;34:25;6;9;1;2;2;2;1;2;3;0;3;0;1;2;15;
DeMarre Carroll;F;26:17;2;7;0;2;0;1;1;4;5;4;4;1;0;2;4;
DeMarre Carroll;F;25:25;3;4;2;3;0;0;1;3;4;2;1;1;2;4;8;
DeMarre Carroll;F;25:37;3;7;1;3;1;2;0;1;1;0;1;0;0;2;8;
DeMarre Carroll;F;19:17;0;4;0;1;0;0;1;3;4;0;0;1;0;1;0;
