╔═══════════════╤═══════════════════════╗
║Name		│DeMarcus Cousins	║
╟───────────────┼───────────────────────╢
║Number		│15			║
╟───────────────┼───────────────────────╢
║Position	│C			║
╟───────────────┼───────────────────────╢
║Height		│6-11			║
╟───────────────┼───────────────────────╢
║Weight		│270			║
╟───────────────┼───────────────────────╢
║Birth		│AUG 13, 1990		║
╟───────────────┼───────────────────────╢
║Age		│23			║
╟───────────────┼───────────────────────╢
║Exp		│3			║
╟───────────────┼───────────────────────╢
║School		│Kentucky		║
╚═══════════════╧═══════════════════════╝
DeMarcus Cousins;C;28:21;10;16;0;0;13;19;4;10;14;2;2;1;5;5;33;
DeMarcus Cousins;C;38:03;8;23;0;2;10;14;5;6;11;2;4;0;2;4;26;
DeMarcus Cousins;C;42:31;13;28;0;0;9;15;6;7;13;2;1;2;2;4;35;
DeMarcus Cousins;C;39:18;9;16;0;0;6;6;2;12;14;6;3;1;3;3;24;
DeMarcus Cousins;C;29:54;5;9;0;0;6;7;2;9;11;2;0;2;3;3;16;
DeMarcus Cousins;C;30:02;12;21;0;0;7;7;6;7;13;2;2;1;4;3;31;
DeMarcus Cousins;C;34:14;9;19;0;0;2;2;3;8;11;0;0;1;5;5;20;
DeMarcus Cousins;C;39:30;6;20;0;0;10;13;3;14;17;1;0;1;2;5;22;
DeMarcus Cousins;C;32:34;6;17;0;0;4;6;3;11;14;1;2;3;7;3;16;
DeMarcus Cousins;C;29:16;6;10;0;0;6;9;2;9;11;6;3;4;3;3;18;
DeMarcus Cousins;C;9:28;1;2;0;0;0;2;0;4;4;3;1;2;0;2;2;
DeMarcus Cousins;C;33:44;8;15;0;0;9;15;2;14;16;4;0;1;4;3;25;
DeMarcus Cousins;C;38:09;8;19;0;0;9;14;5;5;10;4;1;2;2;4;25;
DeMarcus Cousins;C;39:30;11;19;0;0;9;11;3;13;16;3;0;1;4;3;31;
DeMarcus Cousins;C;38:35;3;16;0;1;8;9;6;6;12;2;2;2;4;3;14;
DeMarcus Cousins;C;35:49;5;12;0;0;11;16;4;6;10;0;0;1;4;2;21;
DeMarcus Cousins;C;32:49;7;13;0;0;5;5;3;11;14;2;0;1;2;3;19;
DeMarcus Cousins;C;33:45;4;8;0;0;5;8;1;6;7;2;2;0;6;6;13;
DeMarcus Cousins;C;34:22;8;16;0;0;11;12;1;8;9;5;1;5;4;2;27;
DeMarcus Cousins;C;20:07;6;13;0;0;4;5;0;6;6;1;1;0;2;5;16;
DeMarcus Cousins;C;32:39;9;16;0;0;3;5;2;15;17;3;0;3;2;5;21;
DeMarcus Cousins;C;27:30;5;13;0;0;13;16;5;7;12;1;0;0;6;4;23;
DeMarcus Cousins;C;31:21;7;14;0;0;7;9;2;8;10;5;1;0;2;5;21;
DeMarcus Cousins;C;27:06;8;12;0;0;8;10;3;4;7;2;1;0;5;4;24;
DeMarcus Cousins;C;31:36;13;19;0;0;2;4;10;10;20;3;1;1;6;4;28;
DeMarcus Cousins;C;37:48;5;15;0;0;3;6;3;11;14;1;1;6;5;2;13;
DeMarcus Cousins;C;26:36;7;16;0;0;5;7;3;9;12;2;1;0;5;3;19;
DeMarcus Cousins;C;37:54;10;21;0;0;5;7;4;10;14;2;4;1;5;5;25;
DeMarcus Cousins;C;30:22;9;17;0;0;6;11;7;7;14;3;1;0;4;5;24;
DeMarcus Cousins;C;37:23;7;18;0;0;1;2;1;12;13;5;2;5;3;3;15;
DeMarcus Cousins;C;29:07;14;19;0;0;4;6;2;10;12;4;2;1;1;3;32;
DeMarcus Cousins;C;42:57;10;15;0;0;12;12;4;11;15;8;2;2;4;4;32;
DeMarcus Cousins;C;17:05;2;8;0;0;0;0;1;3;4;2;0;0;3;4;4;
DeMarcus Cousins;C;27:31;8;15;0;0;1;3;2;5;7;5;2;0;3;5;17;
DeMarcus Cousins;C;37:26;13;18;0;0;9;12;3;11;14;3;1;2;3;3;35;
DeMarcus Cousins;C;21:27;8;14;0;0;4;5;3;7;10;2;1;0;1;4;20;
DeMarcus Cousins;C;26:38;8;16;0;0;3;6;2;9;11;0;0;0;2;3;19;
DeMarcus Cousins;C;37:38;12;23;0;0;4;4;1;9;10;1;3;2;4;2;28;
DeMarcus Cousins;C;34:53;10;24;0;0;4;6;4;10;14;1;2;2;3;4;24;
DeMarcus Cousins;C;37:03;14;29;0;0;2;3;3;9;12;2;3;0;3;3;30;
DeMarcus Cousins;C;42:59;12;27;0;0;8;9;3;9;12;5;2;2;6;6;32;
DeMarcus Cousins;C;37:28;13;21;0;0;9;13;1;14;15;6;1;3;6;2;35;
DeMarcus Cousins;C;39:10;13;26;0;0;4;7;5;9;14;1;2;2;4;4;30;
DeMarcus Cousins;C;35:21;9;19;0;1;6;9;3;7;10;4;3;2;4;5;24;
DeMarcus Cousins;C;18:13;3;8;0;0;2;3;2;5;7;0;3;0;2;3;8;
DeMarcus Cousins;C;29:09;5;12;0;1;1;2;2;4;6;2;0;1;1;5;11;
DeMarcus Cousins;C;36:56;13;25;0;2;9;10;1;8;9;1;4;1;3;4;35;
DeMarcus Cousins;C;31:12;13;24;0;0;7;11;3;9;12;0;1;1;2;4;33;
DeMarcus Cousins;C;21:42;5;14;0;0;5;6;2;7;9;1;1;3;1;6;15;
DeMarcus Cousins;C;35:55;12;23;0;0;2;3;3;10;13;2;0;3;4;4;26;
DeMarcus Cousins;C;18:11;4;11;0;0;1;1;1;4;5;1;1;0;3;2;9;
DeMarcus Cousins;C;35:08;9;18;0;0;9;15;4;8;12;3;4;2;4;3;27;
DeMarcus Cousins;C;27:02;4;14;0;0;11;15;2;10;12;2;1;0;2;5;19;
DeMarcus Cousins;C;38:20;10;22;0;0;3;6;3;16;19;7;1;0;3;5;23;
DeMarcus Cousins;C;30:32;6;14;0;0;5;7;2;6;8;7;1;0;3;5;17;
DeMarcus Cousins;C;41:21;11;19;0;0;3;3;1;8;9;6;0;3;3;5;25;
DeMarcus Cousins;C;20:47;10;13;0;0;4;5;1;5;6;2;2;0;3;5;24;
DeMarcus Cousins;C;31:58;6;17;0;0;8;12;6;5;11;4;2;1;6;6;20;
DeMarcus Cousins;C;27:22;10;15;0;0;8;10;1;6;7;3;2;3;4;4;28;
DeMarcus Cousins;C;36:23;10;17;0;0;12;14;4;15;19;3;3;1;9;2;32;
DeMarcus Cousins;C;23:06;7;14;0;0;7;11;6;5;11;2;0;0;3;3;21;
DeMarcus Cousins;C;34:09;5;16;0;0;5;6;5;11;16;5;5;1;3;2;15;
DeMarcus Cousins;C;32:19;7;14;0;0;7;7;0;10;10;5;1;0;4;4;21;
DeMarcus Cousins;C;36:04;9;13;0;0;12;15;4;13;17;6;3;0;6;3;30;
DeMarcus Cousins;C;34:57;10;20;0;0;8;9;3;4;7;6;1;0;4;4;28;
DeMarcus Cousins;C;31:52;11;15;0;0;5;8;1;7;8;5;2;0;3;2;27;
DeMarcus Cousins;C;36:40;5;14;0;0;4;9;5;6;11;2;1;2;4;5;14;
DeMarcus Cousins;C;30:15;7;15;0;0;10;17;5;9;14;1;2;2;4;5;24;
DeMarcus Cousins;C;40:34;10;21;0;0;7;10;6;11;17;5;2;0;5;5;27;
DeMarcus Cousins;C;37:21;11;23;0;0;7;9;5;9;14;3;1;1;0;3;29;
DeMarcus Cousins;C;33:23;7;13;0;0;3;4;2;14;16;2;4;1;4;3;17;
