╔═══════════════╤═══════════════╗
║Name		│Dennis Schroder║
╟───────────────┼───────────────╢
║Number		│17		║
╟───────────────┼───────────────╢
║Position	│G		║
╟───────────────┼───────────────╢
║Height		│6-1		║
╟───────────────┼───────────────╢
║Weight		│168		║
╟───────────────┼───────────────╢
║Birth		│SEP 15, 1993	║
╟───────────────┼───────────────╢
║Age		│20		║
╟───────────────┼───────────────╢
║Exp		│R		║
╟───────────────┼───────────────╢
║School		│Germany	║
╚═══════════════╧═══════════════╝
Dennis Schroder;;19:03;4;7;0;0;0;0;0;1;1;2;2;0;3;0;8;
Dennis Schroder;;23:03;1;4;0;0;2;2;0;2;2;2;1;0;2;1;4;
Dennis Schroder;;17:38;1;6;0;1;2;2;0;1;1;2;1;0;2;1;4;
Dennis Schroder;;13:14;4;6;2;2;0;0;0;0;0;1;0;0;0;0;10;
Dennis Schroder;;16:54;3;5;0;0;3;3;0;0;0;1;0;0;1;1;9;
Dennis Schroder;;6:09;0;0;0;0;0;0;0;2;2;2;0;0;0;0;0;
Dennis Schroder;;9:43;2;3;0;0;0;0;0;1;1;2;0;0;2;1;4;
Dennis Schroder;;20:24;0;5;0;1;1;2;0;6;6;2;0;0;0;2;1;
Dennis Schroder;;8:19;0;2;0;1;2;2;0;3;3;1;0;0;2;0;2;
Dennis Schroder;;11:24;1;2;0;0;0;0;0;1;1;1;0;0;1;1;2;
Dennis Schroder;;6:29;0;0;0;0;0;0;0;0;0;0;0;0;0;1;0;
Dennis Schroder;;17:18;2;3;0;0;0;0;0;3;3;1;1;0;2;2;4;
Dennis Schroder;;1:50;0;0;0;0;0;0;0;0;0;0;0;0;1;0;0;
Dennis Schroder;;23:03;2;7;0;2;1;3;0;2;2;3;0;0;1;1;5;
Dennis Schroder;;19:17;3;8;1;3;0;0;0;3;3;4;0;0;0;2;7;
Dennis Schroder;;13:28;2;2;0;0;0;0;0;1;1;2;0;0;1;1;4;
Dennis Schroder;;13:44;2;5;0;0;0;0;0;1;1;3;0;0;0;0;4;
Dennis Schroder;;15:05;4;6;0;0;0;0;1;0;1;5;0;0;0;1;8;
Dennis Schroder;;11:32;2;7;1;1;0;2;0;0;0;1;1;0;3;0;5;
Dennis Schroder;;13:01;2;3;1;2;1;1;1;2;3;0;0;0;0;3;6;
Dennis Schroder;;12:48;2;6;1;3;0;0;0;1;1;3;1;0;0;1;5;
Dennis Schroder;;12:16;2;5;0;1;0;0;2;2;4;3;1;0;2;3;4;
Dennis Schroder;;12:24;2;6;1;2;1;1;0;1;1;2;0;0;0;2;6;
Dennis Schroder;;10:03;0;0;0;0;0;0;0;0;0;1;0;0;2;0;0;
Dennis Schroder;;10:42;1;2;0;1;0;0;0;0;0;1;0;0;3;0;2;
Dennis Schroder;;10:52;0;2;0;1;0;0;0;0;0;0;0;0;1;2;0;
Dennis Schroder;;14:42;2;5;1;2;3;6;0;1;1;1;1;0;2;2;8;
Dennis Schroder;;14:34;2;5;0;0;0;0;0;1;1;2;2;0;1;0;4;
Dennis Schroder;;12:56;2;5;0;1;1;2;0;1;1;0;0;0;1;3;5;
Dennis Schroder;;11:36;1;5;0;2;0;0;0;1;1;0;0;0;2;1;2;
Dennis Schroder;;6:54;1;3;0;1;0;0;0;0;0;1;0;0;0;0;2;
Dennis Schroder;;12:25;1;4;0;1;0;0;0;2;2;4;0;0;0;0;2;
Dennis Schroder;;23:41;1;4;1;3;0;0;0;2;2;6;1;0;3;3;3;
Dennis Schroder;;14:16;1;4;0;1;2;2;0;1;1;3;0;0;1;1;4;
Dennis Schroder;;18:29;2;5;1;2;0;0;0;4;4;5;0;0;2;3;5;
Dennis Schroder;;15:57;2;5;0;0;0;0;0;0;0;1;0;0;2;0;4;
Dennis Schroder;;21:34;4;11;0;2;2;4;0;3;3;4;0;0;1;1;10;
Dennis Schroder;;19:05;3;7;0;1;0;0;0;2;2;7;0;0;0;4;6;
Dennis Schroder;;9:58;0;8;0;1;0;0;0;0;0;1;0;0;1;0;0;
Dennis Schroder;;9:38;2;2;0;0;0;0;0;1;1;1;0;0;0;3;4;
Dennis Schroder;;8:47;0;1;0;1;0;0;0;0;0;2;0;0;4;1;0;
Dennis Schroder;;12:17;0;0;0;0;1;2;1;0;1;1;0;0;3;0;1;
Dennis Schroder;;5:12;0;0;0;0;1;2;0;0;0;0;1;0;1;0;1;
Dennis Schroder;;5:19;1;1;0;0;2;2;0;0;0;0;1;0;0;0;4;
Dennis Schroder;;27:03;2;5;0;2;2;2;0;1;1;5;2;0;4;2;6;
Dennis Schroder;;8:04;1;3;0;0;0;0;0;0;0;3;0;0;1;1;2;
Dennis Schroder;;0:05;0;0;0;0;0;0;0;0;0;0;0;0;1;0;0;
Dennis Schroder;;13:08;2;3;0;1;2;3;0;2;2;1;0;0;0;3;6;
Dennis Schroder;;6:01;0;0;0;0;0;0;0;0;0;0;1;0;2;0;0;
