╔═══════════════╤═══════════════════════╗
║Name		│Derek Fisher		║
╟───────────────┼───────────────────────╢
║Number		│6			║
╟───────────────┼───────────────────────╢
║Position	│G			║
╟───────────────┼───────────────────────╢
║Height		│6-1			║
╟───────────────┼───────────────────────╢
║Weight		│210			║
╟───────────────┼───────────────────────╢
║Birth		│AUG 09, 1974		║
╟───────────────┼───────────────────────╢
║Age		│39			║
╟───────────────┼───────────────────────╢
║Exp		│17			║
╟───────────────┼───────────────────────╢
║School		│Arkansas-Little Rock	║
╚═══════════════╧═══════════════════════╝
Derek Fisher;;23:09;3;6;1;3;0;0;0;0;0;3;0;0;0;4;7;
Derek Fisher;;24:34;3;7;3;6;4;4;0;2;2;4;0;0;3;5;13;
Derek Fisher;;18:33;2;4;2;3;2;2;0;2;2;3;1;0;3;1;8;
Derek Fisher;;20:47;1;6;0;5;0;0;0;2;2;0;0;0;1;5;2;
Derek Fisher;;24:13;4;11;4;8;0;0;0;6;6;0;0;0;0;2;12;
Derek Fisher;;23:50;4;9;2;4;0;0;2;2;4;5;1;0;1;2;10;
Derek Fisher;;20:42;1;5;1;4;0;0;0;0;0;1;1;0;0;1;3;
Derek Fisher;;17:50;1;5;1;2;0;0;0;0;0;1;1;0;0;3;3;
Derek Fisher;;15:12;2;5;0;2;3;4;0;0;0;1;2;0;0;4;7;
Derek Fisher;;25:13;2;9;0;3;0;0;0;0;0;2;3;0;0;3;4;
Derek Fisher;;17:46;3;7;2;3;2;4;0;1;1;2;1;0;0;1;10;
Derek Fisher;;17:46;3;4;3;4;0;0;0;0;0;1;0;0;1;2;9;
Derek Fisher;;16:40;3;4;1;2;0;0;0;2;2;2;0;0;3;1;7;
Derek Fisher;;20:41;1;5;0;3;0;0;1;1;2;3;2;0;2;2;2;
Derek Fisher;;22:43;3;7;2;4;0;0;0;3;3;2;0;1;1;1;8;
Derek Fisher;;18:03;5;7;5;5;0;0;0;3;3;1;1;0;0;1;15;
Derek Fisher;;5:52;0;2;0;2;0;0;0;1;1;1;1;0;0;1;0;
Derek Fisher;;13:14;2;5;2;5;0;1;0;2;2;1;0;0;0;2;6;
Derek Fisher;;14:29;1;3;1;2;0;0;0;1;1;0;0;0;1;1;3;
Derek Fisher;;16:39;5;7;3;5;0;1;0;2;2;2;0;0;1;2;13;
Derek Fisher;;15:01;2;4;2;4;0;0;0;0;0;1;1;0;0;1;6;
Derek Fisher;;19:09;3;6;2;4;2;3;0;1;1;2;1;0;0;0;10;
Derek Fisher;;15:22;2;4;2;3;0;0;0;1;1;3;3;0;1;1;6;
Derek Fisher;;21:57;4;9;2;7;2;2;0;4;4;2;3;0;0;1;12;
Derek Fisher;;15:07;1;3;0;2;0;0;1;0;1;0;1;0;0;4;2;
Derek Fisher;;20:49;5;8;5;7;0;0;0;4;4;0;2;0;0;4;15;
Derek Fisher;;16:49;1;3;1;3;0;0;0;0;0;1;2;0;2;2;3;
Derek Fisher;;18:01;2;4;2;3;2;2;0;1;1;2;0;0;0;1;8;
Derek Fisher;;19:15;2;3;1;2;1;2;0;1;1;2;4;0;0;3;6;
Derek Fisher;;12:16;2;4;2;4;2;2;1;1;2;2;0;0;2;1;8;
Derek Fisher;;22:23;2;4;1;2;0;0;0;1;1;0;1;0;0;0;5;
Derek Fisher;;22:06;3;7;2;4;0;0;0;2;2;3;2;0;1;4;8;
Derek Fisher;;23:09;1;4;1;3;3;4;0;2;2;5;0;0;0;1;6;
Derek Fisher;;17:16;2;5;1;3;0;0;0;1;1;0;2;0;1;3;5;
Derek Fisher;;23:33;1;5;0;3;1;2;0;1;1;3;1;0;0;1;3;
Derek Fisher;;14:01;1;6;1;4;0;0;0;1;1;0;0;1;1;2;3;
Derek Fisher;;23:35;4;7;3;6;1;4;0;3;3;1;4;0;1;3;12;
Derek Fisher;;29:33;2;6;1;5;0;0;0;2;2;0;1;0;1;2;5;
Derek Fisher;;20:50;2;4;1;1;2;2;0;2;2;3;1;0;1;5;7;
Derek Fisher;;27:14;5;9;3;6;0;0;0;0;0;0;0;0;1;3;13;
Derek Fisher;;17:39;1;4;1;3;0;0;0;3;3;0;0;0;0;2;3;
Derek Fisher;;17:52;1;4;1;2;1;2;0;3;3;5;1;0;2;2;4;
Derek Fisher;;15:24;1;3;1;3;3;3;0;1;1;0;1;0;0;3;6;
Derek Fisher;;24:35;1;6;1;3;0;0;0;2;2;2;1;0;0;4;3;
Derek Fisher;;27:13;2;3;1;1;0;0;1;2;3;3;0;0;1;4;5;
Derek Fisher;;23:55;1;5;0;2;0;0;1;2;3;5;1;0;0;3;2;
Derek Fisher;;15:10;1;6;0;2;2;2;0;1;1;1;1;0;1;1;4;
Derek Fisher;;16:38;2;2;1;1;0;0;0;2;2;2;2;0;0;1;5;
Derek Fisher;;15:21;0;1;0;1;0;0;0;0;0;1;1;0;0;0;0;
Derek Fisher;;29:03;2;8;2;7;0;0;0;1;1;1;1;0;0;5;6;
Derek Fisher;;15:50;2;6;1;4;1;2;0;1;1;0;0;1;1;1;6;
Derek Fisher;;16:54;1;3;0;1;2;2;0;3;3;2;1;0;0;1;4;
Derek Fisher;;17:55;3;6;1;4;0;0;0;2;2;4;0;0;2;3;7;
Derek Fisher;;20:04;3;4;0;1;3;3;0;2;2;1;2;0;0;2;9;
Derek Fisher;;15:33;2;4;0;1;1;1;0;1;1;1;0;0;0;2;5;
Derek Fisher;;6:40;0;2;0;1;0;0;0;0;0;1;1;0;0;1;0;
Derek Fisher;;6:09;0;1;0;1;0;0;1;0;1;0;0;0;0;0;0;
Derek Fisher;;4:50;0;3;0;1;0;0;0;0;0;0;0;0;2;0;0;
Derek Fisher;;20:06;0;2;0;2;0;0;0;2;2;0;1;0;0;3;0;
Derek Fisher;;18:52;1;3;1;2;2;2;0;2;2;0;1;0;0;4;5;
Derek Fisher;;17:41;1;1;0;0;2;2;0;2;2;1;2;0;2;1;4;
Derek Fisher;;9:29;1;2;0;0;0;0;0;2;2;3;1;0;0;0;2;
Derek Fisher;;9:50;1;1;0;0;0;0;0;1;1;1;0;0;0;4;2;
Derek Fisher;;5:15;0;2;0;0;0;0;1;1;2;0;0;0;0;0;0;
Derek Fisher;;15:03;2;4;0;0;0;0;0;0;0;0;0;0;0;1;4;
Derek Fisher;;15:17;1;4;0;3;0;0;0;1;1;1;1;0;0;2;2;
Derek Fisher;;9:29;1;4;0;1;0;0;1;0;1;1;0;0;0;1;2;
Derek Fisher;;13:28;1;2;1;2;1;1;0;3;3;3;0;0;0;5;4;
Derek Fisher;;14:03;0;1;0;0;0;0;0;1;1;1;0;0;2;1;0;
Derek Fisher;;14:40;0;3;0;2;0;0;0;0;0;2;0;0;1;0;0;
Derek Fisher;;12:41;1;2;1;2;1;2;0;0;0;1;2;0;1;2;4;
Derek Fisher;;14:19;1;5;1;3;0;0;0;1;1;1;2;0;0;1;3;
Derek Fisher;;16:53;1;3;1;3;2;2;0;0;0;0;0;0;1;0;5;
Derek Fisher;;19:55;2;5;1;4;1;1;0;1;1;2;1;0;0;0;6;
Derek Fisher;;11:36;0;3;0;1;0;0;1;1;2;0;0;0;0;1;0;
Derek Fisher;;15:53;2;3;1;1;0;0;0;2;2;1;1;0;0;1;5;
Derek Fisher;;17:33;1;2;1;2;3;3;1;0;1;1;0;0;0;2;6;
Derek Fisher;;15:16;1;1;1;1;1;2;0;2;2;0;0;0;1;1;4;
Derek Fisher;;17:56;1;4;1;3;0;0;0;2;2;0;0;0;2;3;3;
Derek Fisher;;16:23;1;3;1;2;0;0;0;0;0;1;2;0;0;1;3;
Derek Fisher;;19:19;1;4;0;2;2;2;0;2;2;3;0;0;1;1;4;
