╔═══════════════╤═══════════════╗
║Name		│Deron Williams	║
╟───────────────┼───────────────╢
║Number		│8		║
╟───────────────┼───────────────╢
║Position	│G		║
╟───────────────┼───────────────╢
║Height		│6-3		║
╟───────────────┼───────────────╢
║Weight		│209		║
╟───────────────┼───────────────╢
║Birth		│JUN 26, 1984	║
╟───────────────┼───────────────╢
║Age		│30		║
╟───────────────┼───────────────╢
║Exp		│8		║
╟───────────────┼───────────────╢
║School		│Illinois	║
╚═══════════════╧═══════════════╝
Deron Williams;G;41:24;10;17;6;9;3;3;0;2;2;4;5;0;4;2;29;
Deron Williams;G;37:43;7;10;1;3;6;7;0;2;2;6;0;0;1;2;21;
Deron Williams;;27:21;4;10;2;8;3;5;1;2;3;3;1;0;3;3;13;
Deron Williams;;28:08;4;10;1;4;0;0;0;1;1;9;2;0;1;2;9;
Deron Williams;;34:57;5;8;0;0;8;10;0;3;3;11;0;0;1;5;18;
Deron Williams;;34:23;3;8;0;2;1;2;1;6;7;7;2;0;2;3;7;
Deron Williams;;29:11;4;11;1;2;0;2;1;3;4;11;1;0;3;4;9;
Deron Williams;;31:00;5;8;3;4;1;2;0;0;0;1;2;0;4;1;14;
Deron Williams;G;39:11;3;12;2;6;5;5;0;2;2;6;2;1;1;4;13;
Deron Williams;G;40:52;8;19;3;7;2;2;0;3;3;6;1;0;0;3;21;
Deron Williams;G;29:51;7;14;1;3;1;2;1;3;4;8;1;0;2;2;16;
Deron Williams;G;24:50;4;10;2;4;0;0;0;1;1;0;2;0;3;2;10;
Deron Williams;G;25:08;3;6;1;2;2;2;0;4;4;6;2;0;3;2;9;
Deron Williams;G;28:01;4;11;1;5;4;5;0;3;3;7;0;0;0;2;13;
Deron Williams;G;41:55;4;14;0;4;5;5;0;4;4;4;1;1;6;3;13;
Deron Williams;G;35:38;6;15;2;7;5;6;0;4;4;7;1;0;1;1;19;
Deron Williams;G;38:55;8;16;0;2;4;4;0;1;1;6;1;0;2;2;20;
Deron Williams;G;39:22;9;16;1;5;11;13;1;4;5;7;6;0;3;1;30;
Deron Williams;G;24:29;4;10;0;2;4;5;0;0;0;3;3;1;0;2;12;
Deron Williams;G;26:20;3;7;1;3;2;2;0;1;1;5;2;0;1;0;9;
Deron Williams;G;37:24;6;16;3;6;0;0;0;1;1;4;1;0;3;3;15;
Deron Williams;G;36:25;6;11;1;4;7;8;0;1;1;6;2;1;0;2;20;
Deron Williams;G;32:49;7;13;2;5;0;0;0;3;3;7;4;0;1;4;16;
Deron Williams;G;36:18;7;15;2;8;4;4;0;0;0;4;1;1;4;4;20;
Deron Williams;G;32:18;4;8;1;2;1;2;0;4;4;7;1;0;0;4;10;
Deron Williams;G;35:44;6;13;4;7;2;4;0;2;2;5;1;0;1;5;18;
Deron Williams;G;34:45;2;8;1;3;1;1;1;2;3;8;2;0;3;1;6;
Deron Williams;G;35:20;4;14;2;7;4;4;0;7;7;7;2;0;2;4;14;
Deron Williams;G;33:11;11;13;3;5;3;5;0;3;3;4;3;0;3;4;28;
Deron Williams;G;36:40;8;15;3;5;6;6;1;2;3;8;1;0;1;3;25;
Deron Williams;G;25:11;2;4;1;1;1;2;0;1;1;6;1;0;2;2;6;
Deron Williams;G;41:41;3;9;1;5;8;8;1;3;4;3;2;0;2;0;15;
Deron Williams;G;40:51;8;17;3;9;4;4;2;6;8;5;1;1;2;1;23;
Deron Williams;G;42:03;11;21;5;11;2;2;0;4;4;7;1;0;2;4;29;
Deron Williams;G;26:28;5;10;2;5;1;2;0;2;2;5;2;0;1;2;13;
Deron Williams;G;31:54;1;9;1;3;3;4;0;3;3;5;2;0;2;4;6;
Deron Williams;G;35:29;6;14;0;5;0;0;0;3;3;6;2;0;1;4;12;
Deron Williams;G;27:34;5;11;2;4;0;0;0;1;1;0;1;0;2;1;12;
Deron Williams;G;27:14;3;10;1;4;1;1;0;0;0;10;2;0;1;2;8;
Deron Williams;G;33:13;6;11;1;4;6;6;1;3;4;9;1;0;2;2;19;
Deron Williams;G;34:23;3;9;1;4;1;4;1;5;6;6;2;1;3;2;8;
Deron Williams;G;33:08;3;14;1;6;4;6;1;2;3;5;3;0;3;4;11;
Deron Williams;G;34:57;5;10;4;7;2;3;0;1;1;5;4;0;2;1;16;
Deron Williams;G;29:32;4;9;1;4;1;1;1;1;2;1;1;0;3;1;10;
Deron Williams;G;21:44;2;6;1;2;2;2;0;3;3;9;0;1;4;3;7;
Deron Williams;G;27:09;3;7;1;4;1;2;0;4;4;8;0;0;1;1;8;
Deron Williams;G;26:58;4;12;1;3;0;0;0;1;1;7;1;0;3;2;9;
Deron Williams;G;24:26;4;6;1;1;1;1;0;1;1;8;2;0;2;2;10;
Deron Williams;G;30:44;5;14;2;6;2;3;0;3;3;3;0;0;6;4;14;
Deron Williams;G;32:44;7;14;1;3;2;2;0;0;0;10;1;0;2;2;17;
Deron Williams;G;34:59;5;13;2;5;1;2;0;2;2;7;1;1;4;2;13;
Deron Williams;G;4:40;1;2;0;0;0;0;0;1;1;0;0;0;0;0;2;
Deron Williams;G;13:20;1;5;0;0;2;2;0;1;1;2;0;0;2;1;4;
Deron Williams;G;36:46;10;16;1;5;4;7;0;3;3;7;0;0;2;1;25;
Deron Williams;G;26:45;4;9;2;3;5;5;0;5;5;4;0;0;2;2;15;
Deron Williams;G;41:29;7;13;2;4;6;7;0;2;2;9;0;0;4;1;22;
Deron Williams;G;29:50;5;8;3;5;0;1;0;4;4;13;1;0;3;1;13;
Deron Williams;G;42:13;5;13;2;4;3;3;0;3;3;13;3;1;3;4;15;
Deron Williams;G;41:52;5;12;0;4;7;11;0;3;3;14;0;0;6;2;17;
Deron Williams;G;31:40;3;9;1;2;2;2;0;2;2;8;1;0;4;3;9;
Deron Williams;G;30:30;6;10;2;3;4;4;0;0;0;4;1;0;3;1;18;
Deron Williams;G;29:28;4;9;1;3;0;0;0;2;2;4;2;1;0;4;9;
Deron Williams;G;33:02;6;11;1;3;1;2;0;1;1;6;2;2;3;1;14;
Deron Williams;G;25:45;4;11;0;2;1;1;1;3;4;6;0;0;2;1;9;
