╔═══════════════╤═══════════════╗
║Name		│Derrick Favors	║
╟───────────────┼───────────────╢
║Number		│15		║
╟───────────────┼───────────────╢
║Position	│C-F		║
╟───────────────┼───────────────╢
║Height		│6-10		║
╟───────────────┼───────────────╢
║Weight		│268		║
╟───────────────┼───────────────╢
║Birth		│JUL 15, 1991	║
╟───────────────┼───────────────╢
║Age		│22		║
╟───────────────┼───────────────╢
║Exp		│3		║
╟───────────────┼───────────────╢
║School		│Georgia Tech	║
╚═══════════════╧═══════════════╝
Derrick Favors;C;28:43;9;16;0;0;3;3;3;8;11;0;4;0;0;1;21;
Derrick Favors;C;28:06;5;9;0;0;1;2;3;3;6;0;0;1;0;4;11;
Derrick Favors;C;36:31;6;9;0;0;3;4;0;5;5;0;0;3;2;4;15;
Derrick Favors;C;28:30;5;11;0;0;2;4;2;4;6;0;0;1;1;1;12;
Derrick Favors;C;35:20;7;12;0;0;5;9;1;14;15;1;1;0;2;5;19;
Derrick Favors;C;31:42;8;16;0;0;3;5;2;10;12;0;0;0;1;2;19;
Derrick Favors;C;21:11;4;10;0;0;0;0;4;7;11;0;0;2;0;3;8;
Derrick Favors;C;28:08;3;10;0;0;2;4;2;8;10;0;1;1;1;2;8;
Derrick Favors;C;34:12;3;8;0;0;5;7;5;9;14;0;0;1;3;2;11;
Derrick Favors;C;28:13;5;12;0;0;7;8;5;7;12;2;0;1;2;2;17;
Derrick Favors;C;26:19;2;6;0;0;2;2;1;5;6;1;0;3;4;3;6;
Derrick Favors;C;26:35;2;6;0;0;4;6;4;3;7;1;1;0;1;1;8;
Derrick Favors;C;27:03;4;9;0;0;3;7;2;8;10;1;1;3;1;3;11;
Derrick Favors;C;5:49;0;2;0;0;0;0;0;1;1;0;0;1;0;1;0;
Derrick Favors;C;28:53;8;9;0;0;4;4;1;3;4;1;0;3;0;3;20;
Derrick Favors;C;26:07;5;7;0;0;5;8;2;5;7;2;1;2;2;3;15;
Derrick Favors;C;32:28;3;9;0;0;2;3;0;3;3;3;2;2;0;3;8;
Derrick Favors;C;31:01;6;10;0;0;5;9;1;9;10;2;1;3;4;4;17;
Derrick Favors;C;18:39;1;5;0;0;0;0;2;3;5;0;0;0;0;2;2;
Derrick Favors;C;26:22;2;4;0;0;1;2;1;4;5;1;0;4;2;4;5;
Derrick Favors;C;25:43;3;6;0;0;2;2;1;6;7;0;0;0;2;2;8;
Derrick Favors;C;34:48;6;9;0;0;3;4;4;10;14;1;1;3;3;3;15;
Derrick Favors;C;25:18;4;10;0;0;6;6;4;5;9;1;2;1;3;5;14;
Derrick Favors;C;27:57;6;8;0;0;3;4;4;1;5;1;1;1;1;4;15;
Derrick Favors;C;30:52;7;10;0;0;4;4;4;5;9;1;0;0;1;3;18;
Derrick Favors;C;32:33;12;19;0;0;4;5;3;7;10;1;3;0;0;4;28;
Derrick Favors;C;24:58;6;11;0;0;3;3;0;4;4;1;1;1;0;1;15;
Derrick Favors;F;29:25;3;10;0;0;0;2;4;4;8;2;1;0;2;5;6;
Derrick Favors;F;36:05;5;11;0;0;1;2;3;9;12;3;0;5;3;3;11;
Derrick Favors;F;30:37;1;5;0;0;2;8;4;5;9;4;3;1;0;4;4;
Derrick Favors;F;36:26;10;16;0;0;2;3;3;7;10;1;2;2;2;5;22;
Derrick Favors;F;31:27;6;9;0;0;6;9;3;8;11;2;2;4;1;3;18;
Derrick Favors;F;35:14;3;12;0;0;2;3;5;8;13;2;1;2;2;2;8;
Derrick Favors;C;21:34;6;14;0;0;1;3;8;5;13;0;0;0;0;4;13;
Derrick Favors;F;31:16;8;12;0;0;4;4;2;7;9;1;0;4;5;3;20;
Derrick Favors;C;22:35;5;11;0;0;0;0;0;4;4;0;2;0;0;0;10;
Derrick Favors;C;27:03;8;13;0;0;3;3;4;3;7;0;1;0;1;3;19;
Derrick Favors;F;27:42;10;17;0;0;1;1;4;4;8;1;0;0;2;4;21;
Derrick Favors;F;34:18;6;10;0;0;1;5;2;8;10;2;4;2;3;5;13;
Derrick Favors;F;29:42;6;10;0;0;0;1;1;4;5;4;1;3;4;5;12;
Derrick Favors;F;38:02;8;12;0;0;5;6;3;6;9;3;2;2;1;5;21;
Derrick Favors;F;42:51;6;11;0;0;3;7;1;8;9;5;1;2;6;5;15;
Derrick Favors;F;37:19;6;12;0;0;2;2;4;13;17;4;0;0;4;3;14;
Derrick Favors;F;33:00;3;7;0;0;6;8;2;4;6;0;2;2;2;2;12;
Derrick Favors;F;24:29;2;8;0;0;2;2;1;4;5;0;1;0;1;3;6;
Derrick Favors;F;34:15;4;10;0;0;2;5;3;11;14;1;0;3;3;4;10;
Derrick Favors;F;33:30;3;10;0;1;4;6;5;4;9;3;1;1;4;5;10;
Derrick Favors;F;31:21;6;14;0;0;5;8;4;3;7;1;2;2;2;5;17;
Derrick Favors;F;34:45;8;15;0;0;5;8;2;11;13;1;0;3;1;5;21;
Derrick Favors;F;31:44;5;7;0;0;2;8;5;7;12;2;5;2;3;4;12;
Derrick Favors;F;36:32;10;19;0;0;0;0;6;12;18;2;3;3;2;4;20;
Derrick Favors;F;34:06;8;12;0;0;1;2;2;5;7;1;1;1;2;3;17;
Derrick Favors;F;31:49;4;11;0;0;2;2;0;7;7;3;1;3;0;4;10;
Derrick Favors;F;40:45;4;9;0;0;5;6;3;8;11;1;0;0;3;3;13;
Derrick Favors;F;33:30;5;8;0;0;3;6;3;5;8;0;3;0;3;3;13;
Derrick Favors;C;22:14;3;7;0;0;2;4;4;5;9;0;1;0;2;2;8;
Derrick Favors;C;26:24;3;8;0;0;4;5;3;4;7;0;3;1;2;6;10;
Derrick Favors;C;25:09;6;8;0;0;3;4;1;3;4;2;0;0;2;0;15;
Derrick Favors;C;27:33;5;7;0;0;4;5;5;3;8;0;1;1;2;5;14;
Derrick Favors;C;35:15;6;6;0;0;2;2;4;9;13;2;0;0;0;1;14;
Derrick Favors;F;37:28;9;18;0;0;4;4;4;9;13;0;1;0;0;5;22;
Derrick Favors;F;21:21;4;8;0;0;1;2;2;1;3;1;1;1;1;0;9;
Derrick Favors;C;24:37;6;9;0;0;5;5;4;3;7;0;0;3;2;5;17;
Derrick Favors;C;36:29;9;13;0;0;1;2;1;5;6;3;1;4;3;3;19;
Derrick Favors;C;31:00;3;8;0;0;0;0;1;6;7;0;0;2;2;4;6;
Derrick Favors;C;28:28;8;12;0;0;1;3;2;5;7;1;1;2;1;1;17;
Derrick Favors;C;36:31;5;16;0;0;4;5;4;7;11;0;1;5;1;5;14;
Derrick Favors;C;20:35;3;7;0;0;0;0;1;7;8;2;0;0;1;2;6;
Derrick Favors;C;35:32;5;11;0;0;4;4;3;6;9;2;1;0;1;2;14;
Derrick Favors;C;34:31;8;11;0;0;0;0;1;5;6;3;2;0;2;4;16;
Derrick Favors;C;33:09;9;15;0;0;0;0;4;10;14;1;1;0;0;2;18;
Derrick Favors;C;22:10;1;5;0;0;2;2;4;5;9;1;0;2;3;6;4;
Derrick Favors;C;34:23;6;10;0;0;1;2;2;2;4;2;2;3;6;4;13;
