╔═══════════════╤═══════════════════════╗
║Name		│Derrick Williams	║
╟───────────────┼───────────────────────╢
║Number		│13			║
╟───────────────┼───────────────────────╢
║Position	│F			║
╟───────────────┼───────────────────────╢
║Height		│6-8			║
╟───────────────┼───────────────────────╢
║Weight		│240			║
╟───────────────┼───────────────────────╢
║Birth		│MAY 25, 1991		║
╟───────────────┼───────────────────────╢
║Age		│23			║
╟───────────────┼───────────────────────╢
║Exp		│2			║
╟───────────────┼───────────────────────╢
║School		│Arizona		║
╚═══════════════╧═══════════════════════╝
Derrick Williams;;25:09;4;7;0;1;3;4;2;0;2;0;0;3;2;3;11;
Derrick Williams;;17:49;2;4;1;1;0;0;1;1;2;0;2;1;0;2;5;
Derrick Williams;;30:47;4;7;0;1;6;10;0;5;5;0;1;0;0;2;14;
Derrick Williams;;32:23;7;11;0;1;0;0;2;4;6;0;0;0;1;2;14;
Derrick Williams;;18:21;4;6;2;3;3;5;1;1;2;0;0;0;2;1;13;
Derrick Williams;;25:13;4;11;0;2;1;4;4;2;6;2;0;1;1;2;9;
Derrick Williams;;28:16;7;11;0;1;2;3;2;3;5;2;1;0;1;3;16;
Derrick Williams;;26:13;4;7;0;0;2;2;2;3;5;1;1;0;0;1;10;
Derrick Williams;;30:16;1;5;0;1;3;4;1;2;3;2;2;0;3;3;5;
Derrick Williams;;22:49;3;5;0;1;2;3;0;1;1;0;1;0;0;1;8;
Derrick Williams;;39:37;7;15;3;6;5;8;4;7;11;1;0;0;1;1;22;
Derrick Williams;F;34:15;2;9;0;1;3;7;6;5;11;1;1;0;2;5;7;
Derrick Williams;F;31:18;3;5;0;0;6;7;0;8;8;0;2;1;2;0;12;
Derrick Williams;F;38:08;5;13;1;2;6;8;2;13;15;2;0;1;2;2;17;
Derrick Williams;;19:13;2;7;0;1;4;4;0;1;1;0;1;0;1;2;8;
Derrick Williams;;23:09;1;6;0;2;3;4;1;6;7;1;0;0;1;4;5;
Derrick Williams;;24:53;3;5;1;1;7;8;0;1;1;0;1;1;5;5;14;
Derrick Williams;;24:21;1;4;0;0;3;4;1;8;9;0;1;0;1;2;5;
Derrick Williams;F;42:19;2;11;0;3;7;7;4;8;12;3;1;1;0;2;11;
Derrick Williams;;19:46;2;2;0;0;2;2;0;2;2;0;0;0;1;0;6;
Derrick Williams;;26:37;4;10;0;2;2;2;1;2;3;2;1;1;1;3;10;
Derrick Williams;;37:55;5;8;0;2;4;4;1;3;4;0;0;0;2;1;14;
Derrick Williams;;17:38;1;4;0;1;2;2;0;3;3;0;0;0;1;0;4;
Derrick Williams;;24:16;4;7;0;0;2;2;0;2;2;1;0;0;0;1;10;
Derrick Williams;;21:19;0;4;0;2;2;4;0;2;2;0;0;0;0;0;2;
Derrick Williams;;22:59;2;5;0;1;6;6;1;3;4;0;0;0;2;3;10;
Derrick Williams;F;39:31;10;20;0;2;6;10;4;8;12;2;2;0;0;0;26;
Derrick Williams;;21:05;1;3;0;0;4;7;0;1;1;0;0;0;0;3;6;
Derrick Williams;;14:05;0;3;0;0;0;0;1;0;1;0;0;1;1;1;0;
Derrick Williams;;12:39;1;3;0;0;0;1;0;1;1;1;0;0;0;0;2;
Derrick Williams;;20:26;1;5;0;0;0;1;1;3;4;1;0;0;2;2;2;
Derrick Williams;;19:11;3;5;1;1;1;2;1;3;4;1;0;0;1;1;8;
Derrick Williams;;21:27;3;4;1;1;3;4;1;4;5;2;0;0;1;1;10;
Derrick Williams;F;31:03;1;5;1;3;2;4;0;6;6;1;2;0;2;3;5;
Derrick Williams;;18:19;1;3;0;0;1;3;1;4;5;0;0;0;1;1;3;
Derrick Williams;;28:00;8;15;2;4;8;10;1;10;11;0;1;0;3;1;26;
Derrick Williams;;31:49;2;5;1;2;3;4;0;1;1;2;2;0;2;2;8;
Derrick Williams;;26:17;2;4;0;0;0;0;1;5;6;2;0;0;0;0;4;
Derrick Williams;;24:02;0;3;0;2;2;2;0;2;2;1;0;0;0;1;2;
Derrick Williams;;30:48;1;3;0;0;4;7;3;2;5;1;2;0;0;1;6;
Derrick Williams;;10:04;1;2;0;1;2;2;0;2;2;0;0;0;0;1;4;
Derrick Williams;;8:58;1;2;0;0;0;0;0;0;0;0;0;0;1;0;2;
Derrick Williams;;10:03;0;2;0;0;1;2;0;3;3;0;0;1;1;0;1;
Derrick Williams;;23:16;3;9;0;1;0;0;2;8;10;0;1;0;3;0;6;
Derrick Williams;;13:25;1;3;1;1;2;2;0;4;4;0;0;0;1;2;5;
Derrick Williams;;20:28;0;0;0;0;1;2;0;2;2;0;0;0;0;1;1;
Derrick Williams;;29:06;2;9;0;1;3;4;4;4;8;2;0;0;1;1;7;
Derrick Williams;;4:42;1;1;0;0;0;0;0;1;1;0;0;0;0;1;2;
Derrick Williams;F;39:44;4;9;1;2;4;7;1;3;4;1;1;0;2;1;13;
Derrick Williams;F;30:34;3;8;0;2;1;2;0;3;3;1;1;1;0;1;7;
Derrick Williams;;27:03;4;6;0;1;2;2;0;7;7;0;1;2;2;2;10;
Derrick Williams;;20:39;2;5;1;2;1;2;0;1;1;0;0;0;0;0;6;
Derrick Williams;;22:24;5;9;0;1;3;4;0;2;2;0;1;0;0;0;13;
Derrick Williams;;18:58;0;6;0;3;0;0;0;2;2;0;1;0;0;1;0;
Derrick Williams;;3:12;0;1;0;0;0;0;0;0;0;0;0;0;1;0;0;
Derrick Williams;;11:18;2;5;0;3;2;2;0;0;0;0;0;0;0;1;6;
Derrick Williams;;21:45;3;7;1;2;2;2;0;3;3;0;0;2;2;2;9;
Derrick Williams;;2:57;0;2;0;0;0;0;0;0;0;1;0;0;0;0;0;
Derrick Williams;;10:41;0;4;0;1;4;4;1;3;4;0;0;0;0;1;4;
Derrick Williams;;15:01;3;7;0;1;0;0;2;3;5;0;1;0;0;1;6;
Derrick Williams;;8:04;0;2;0;1;0;0;0;2;2;0;0;0;1;1;0;
Derrick Williams;F;32:21;6;13;0;2;0;1;0;6;6;4;0;0;1;3;12;
Derrick Williams;F;21:19;1;3;0;1;2;2;0;7;7;0;1;0;2;2;4;
Derrick Williams;F;26:36;5;10;0;2;3;4;0;0;0;0;1;0;1;1;13;
Derrick Williams;F;25:09;2;5;0;0;5;6;3;6;9;2;0;0;2;2;9;
Derrick Williams;F;26:35;2;6;0;0;4;5;1;3;4;1;1;0;0;4;8;
Derrick Williams;F;35:13;12;16;3;5;4;6;1;4;5;0;5;0;2;2;31;
Derrick Williams;F;32:13;6;11;0;2;1;2;1;6;7;1;0;1;2;1;13;
Derrick Williams;;30:29;4;10;2;3;4;4;1;3;4;1;1;0;1;3;14;
Derrick Williams;;23:34;3;10;1;3;4;6;2;4;6;0;1;1;0;0;11;
Derrick Williams;;22:01;2;4;0;1;1;1;0;0;0;1;1;0;1;3;5;
Derrick Williams;;25:22;3;8;2;4;4;4;0;2;2;3;0;0;1;0;12;
Derrick Williams;;27:27;3;5;0;1;1;5;0;2;2;3;3;0;0;2;7;
Derrick Williams;;11:54;0;1;0;0;1;2;0;3;3;0;0;0;0;1;1;
Derrick Williams;;24:25;2;3;0;0;3;3;0;2;2;1;1;0;0;1;7;
Derrick Williams;;27:37;1;4;0;1;0;0;0;2;2;0;0;0;1;1;2;
Derrick Williams;;13:19;1;3;0;0;1;2;2;2;4;0;0;0;0;3;3;
Derrick Williams;;18:30;0;1;0;0;0;0;0;1;1;2;1;1;2;0;0;
