╔═══════════════╤═══════════════╗
║Name		│Devin Harris	║
╟───────────────┼───────────────╢
║Number		│20		║
╟───────────────┼───────────────╢
║Position	│G		║
╟───────────────┼───────────────╢
║Height		│6-3		║
╟───────────────┼───────────────╢
║Weight		│192		║
╟───────────────┼───────────────╢
║Birth		│FEB 27, 1983	║
╟───────────────┼───────────────╢
║Age		│31		║
╟───────────────┼───────────────╢
║Exp		│9		║
╟───────────────┼───────────────╢
║School		│Wisconsin	║
╚═══════════════╧═══════════════╝
Devin Harris;;17:24;2;4;0;0;2;4;0;0;0;2;0;0;0;1;6;
Devin Harris;;13:59;1;7;0;3;0;0;0;3;3;0;0;0;0;1;2;
Devin Harris;;14:16;1;3;1;3;0;0;0;1;1;3;1;0;0;1;3;
Devin Harris;;15:48;4;6;2;3;4;4;0;0;0;4;0;0;0;6;14;
Devin Harris;;24:03;4;7;2;4;4;4;0;1;1;7;0;0;1;3;14;
Devin Harris;;24:32;5;8;0;2;4;6;0;1;1;3;0;0;1;5;14;
Devin Harris;;17:45;2;7;0;3;3;3;2;0;2;5;0;0;0;1;7;
Devin Harris;;19:06;4;8;2;3;6;6;0;1;1;4;0;0;1;1;16;
Devin Harris;;16:58;1;3;0;2;1;3;0;1;1;3;0;0;2;1;3;
Devin Harris;;17:25;3;11;1;1;0;0;1;4;5;2;0;0;2;0;7;
Devin Harris;;23:05;4;9;0;1;4;4;0;2;2;7;0;0;2;2;12;
Devin Harris;;20:25;3;7;1;1;2;2;0;0;0;5;1;0;1;1;9;
Devin Harris;;18:54;2;3;1;1;4;4;0;4;4;5;0;0;3;1;9;
Devin Harris;;19:37;3;4;0;1;3;5;0;2;2;7;1;0;3;2;9;
Devin Harris;;18:51;2;5;0;1;2;2;0;4;4;3;0;1;1;3;6;
Devin Harris;;14:20;0;3;0;1;2;2;0;4;4;8;0;0;2;2;2;
Devin Harris;;22:12;1;7;0;3;1;2;0;2;2;4;0;0;1;1;3;
Devin Harris;;15:14;0;3;0;1;2;2;0;1;1;4;0;0;2;2;2;
Devin Harris;;20:55;3;9;1;3;1;2;0;1;1;0;0;0;0;3;8;
Devin Harris;;17:49;0;5;0;2;2;2;1;3;4;11;1;0;1;2;2;
Devin Harris;;22:52;4;6;1;1;3;5;0;3;3;1;1;0;1;4;12;
Devin Harris;;23:33;6;9;4;6;4;5;0;1;1;5;4;0;1;3;20;
Devin Harris;;6:48;0;1;0;0;1;2;0;0;0;0;0;0;0;0;1;
Devin Harris;;19:39;5;9;1;3;1;1;0;3;3;3;0;0;3;2;12;
Devin Harris;;20:54;3;6;1;2;1;1;1;3;4;6;0;0;1;1;8;
Devin Harris;;19:39;3;8;1;4;5;6;0;3;3;6;2;0;1;1;12;
Devin Harris;;31:56;4;11;0;3;5;5;0;4;4;4;2;0;4;3;13;
Devin Harris;;24:17;1;5;0;1;5;5;0;2;2;3;1;0;3;0;7;
Devin Harris;;40:28;4;15;3;8;0;0;3;4;7;6;0;0;4;5;11;
Devin Harris;;17:43;2;4;0;1;1;1;0;2;2;1;0;0;0;0;5;
Devin Harris;;19:20;1;5;1;3;4;5;0;1;1;3;3;0;4;1;7;
Devin Harris;;16:23;0;4;0;1;3;6;0;1;1;2;0;0;1;1;3;
Devin Harris;;16:22;3;7;2;4;2;2;0;1;1;4;0;0;0;3;10;
Devin Harris;;23:22;2;6;2;4;0;0;0;3;3;7;0;0;0;1;6;
Devin Harris;;23:49;3;8;1;3;0;0;0;1;1;7;2;0;3;2;7;
Devin Harris;;16:57;1;6;0;3;1;2;0;2;2;7;1;0;0;1;3;
Devin Harris;;17:21;3;5;1;3;2;4;0;1;1;6;2;0;2;0;9;
Devin Harris;;27:10;1;8;1;5;5;6;0;2;2;4;3;1;2;0;8;
Devin Harris;;31:03;1;4;1;4;0;0;0;2;2;6;1;0;2;3;3;
Devin Harris;;25:34;4;8;0;3;2;2;0;3;3;10;2;0;4;2;10;
