╔═══════════════╤═══════════════╗
║Name		│Dewayne Dedmon	║
╟───────────────┼───────────────╢
║Number		│3		║
╟───────────────┼───────────────╢
║Position	│C		║
╟───────────────┼───────────────╢
║Height		│7-0		║
╟───────────────┼───────────────╢
║Weight		│255		║
╟───────────────┼───────────────╢
║Birth		│AUG 12, 1989	║
╟───────────────┼───────────────╢
║Age		│24		║
╟───────────────┼───────────────╢
║Exp		│R		║
╟───────────────┼───────────────╢
║School		│USC		║
╚═══════════════╧═══════════════╝
Dewayne Dedmon;;14:03;0;2;0;0;0;0;0;7;7;0;0;2;1;1;0;
Dewayne Dedmon;;20:38;3;5;0;0;1;3;3;4;7;1;0;1;2;3;7;
Dewayne Dedmon;;16:58;4;5;0;0;0;0;2;5;7;0;0;1;1;1;8;
Dewayne Dedmon;;13:05;0;1;0;0;0;0;0;5;5;1;0;1;0;1;0;
Dewayne Dedmon;;9:10;1;3;0;0;1;2;1;2;3;0;0;0;1;2;3;
Dewayne Dedmon;;12:19;1;1;0;0;1;2;0;1;1;1;0;0;0;2;3;
Dewayne Dedmon;;10:12;0;0;0;0;1;2;1;3;4;0;0;0;0;4;1;
Dewayne Dedmon;;4:16;1;3;0;0;0;0;0;0;0;0;0;0;1;1;2;
Dewayne Dedmon;;14:50;2;3;0;0;0;0;0;4;4;0;0;1;1;3;4;
Dewayne Dedmon;;15:48;1;2;0;0;0;0;2;2;4;0;0;2;0;6;2;
Dewayne Dedmon;;19:04;2;4;0;0;3;4;2;5;7;0;0;1;2;4;7;
Dewayne Dedmon;;2:56;1;2;0;0;1;1;0;2;2;0;0;0;0;0;3;
Dewayne Dedmon;;1:32;1;1;0;0;0;0;1;0;1;0;0;0;1;1;2;
Dewayne Dedmon;;1:29;1;1;0;0;0;0;0;0;0;0;0;0;0;1;2;
Dewayne Dedmon;;12:00;2;2;0;0;0;0;1;2;3;0;0;0;0;2;4;
Dewayne Dedmon;;8:57;2;3;0;0;2;2;0;0;0;0;1;1;1;0;6;
Dewayne Dedmon;;12:24;0;1;0;0;0;0;1;1;2;0;0;1;1;3;0;
Dewayne Dedmon;;10:37;2;2;0;0;1;2;1;2;3;0;0;1;0;2;5;
Dewayne Dedmon;;14:57;1;1;0;0;0;0;0;2;2;0;0;1;0;4;2;
Dewayne Dedmon;;17:11;1;2;0;0;0;0;2;3;5;1;0;0;1;1;2;
Dewayne Dedmon;;18:22;2;5;0;0;3;5;5;3;8;0;0;0;1;4;7;
Dewayne Dedmon;C;14:00;1;5;0;0;0;0;3;3;6;0;1;0;0;3;2;
Dewayne Dedmon;C;19:37;2;3;0;0;0;1;2;7;9;0;1;2;0;2;4;
Dewayne Dedmon;C;24:55;1;7;0;0;2;2;4;6;10;1;1;1;1;3;4;
Dewayne Dedmon;C;20:01;1;4;0;0;0;0;1;4;5;0;1;2;2;2;2;
Dewayne Dedmon;C;28:30;1;4;0;0;4;4;2;7;9;0;0;2;0;6;6;
Dewayne Dedmon;C;26:53;4;10;0;0;0;0;4;9;13;0;2;2;1;3;8;
Dewayne Dedmon;;2:11;0;1;0;0;0;0;0;0;0;0;0;0;0;0;0;
Dewayne Dedmon;;0:36;0;0;0;0;0;0;0;0;0;0;0;0;0;0;0;
Dewayne Dedmon;;2:39;0;0;0;0;1;2;0;0;0;0;0;0;0;1;1;
Dewayne Dedmon;;0:17;0;0;0;0;0;0;0;0;0;0;0;0;0;0;0;
