╔═══════════════╤═══════════════╗
║Name		│Diante Garrett	║
╟───────────────┼───────────────╢
║Number		│8		║
╟───────────────┼───────────────╢
║Position	│G		║
╟───────────────┼───────────────╢
║Height		│6-4		║
╟───────────────┼───────────────╢
║Weight		│190		║
╟───────────────┼───────────────╢
║Birth		│NOV 03, 1988	║
╟───────────────┼───────────────╢
║Age		│25		║
╟───────────────┼───────────────╢
║Exp		│1		║
╟───────────────┼───────────────╢
║School		│Iowa State	║
╚═══════════════╧═══════════════╝
Diante Garrett;;19:47;4;5;2;2;0;0;0;4;4;2;1;0;1;2;10;
Diante Garrett;;14:41;1;2;1;2;0;0;0;1;1;2;0;0;1;1;3;
Diante Garrett;;10:60;0;0;0;0;0;0;0;0;0;2;1;0;2;0;0;
Diante Garrett;;20:24;2;6;1;2;0;0;0;0;0;5;0;0;1;1;5;
Diante Garrett;;17:02;0;0;0;0;0;0;0;4;4;2;0;1;1;3;0;
Diante Garrett;;16:26;0;4;0;1;0;0;0;1;1;1;0;0;0;0;0;
Diante Garrett;;17:38;2;4;0;1;0;0;0;0;0;4;1;0;1;2;4;
Diante Garrett;;22:23;3;7;2;4;0;0;0;2;2;1;1;1;1;1;8;
Diante Garrett;;3:00;0;0;0;0;0;0;0;1;1;1;0;0;0;0;0;
Diante Garrett;;12:35;2;4;0;2;0;0;0;3;3;1;1;0;0;2;4;
Diante Garrett;;5:05;1;2;0;1;1;2;0;3;3;0;0;0;0;2;3;
Diante Garrett;;25:35;6;8;1;1;0;0;0;2;2;1;3;0;2;4;13;
Diante Garrett;;15:54;1;3;1;1;0;0;1;2;3;1;0;0;0;3;3;
Diante Garrett;;13:01;1;2;0;0;0;0;0;1;1;1;0;0;1;0;2;
Diante Garrett;;5:48;0;2;0;0;0;0;0;2;2;0;0;0;1;0;0;
Diante Garrett;;21:00;0;0;0;0;0;0;0;0;0;2;1;0;1;3;0;
Diante Garrett;;19:11;2;8;0;2;0;0;2;4;6;4;1;0;1;1;4;
Diante Garrett;;18:47;2;4;0;0;0;0;0;3;3;1;0;1;0;0;4;
Diante Garrett;;17:15;3;6;1;1;0;0;0;0;0;0;0;0;4;3;7;
Diante Garrett;;15:12;2;4;0;0;0;0;0;3;3;1;1;0;2;1;4;
Diante Garrett;;16:30;3;4;0;0;0;0;0;0;0;1;0;0;2;4;6;
Diante Garrett;;11:60;2;3;0;1;0;0;0;0;0;1;0;0;1;1;4;
Diante Garrett;;21:00;6;9;3;4;0;0;0;2;2;2;2;0;2;3;15;
Diante Garrett;;17:28;2;7;2;4;0;0;0;0;0;2;0;0;0;2;6;
Diante Garrett;;13:55;1;4;1;2;0;0;0;1;1;1;0;0;0;0;3;
Diante Garrett;;19:47;1;5;0;2;0;0;0;1;1;3;0;0;1;2;2;
Diante Garrett;;12:24;3;5;1;3;0;0;0;0;0;0;0;0;1;1;7;
Diante Garrett;;11:22;0;2;0;0;0;0;0;0;0;0;0;0;2;0;0;
Diante Garrett;;24:37;4;7;3;4;0;0;0;4;4;3;2;0;4;2;11;
Diante Garrett;;9:45;0;3;0;1;1;2;0;2;2;0;1;0;2;1;1;
Diante Garrett;;12:37;2;4;0;2;0;0;0;3;3;0;1;0;1;3;4;
Diante Garrett;;12:42;1;2;1;1;0;0;0;0;0;0;0;0;1;1;3;
Diante Garrett;;18:11;0;3;0;0;2;2;0;2;2;2;0;0;0;0;2;
Diante Garrett;;7:32;1;4;1;3;0;0;0;1;1;2;0;0;0;0;3;
Diante Garrett;;14:06;1;6;0;1;0;0;0;0;0;2;1;0;2;0;2;
Diante Garrett;;18:38;3;6;3;5;2;2;0;4;4;1;1;0;0;1;11;
Diante Garrett;;20:33;2;7;0;2;0;0;0;0;0;2;1;0;0;2;4;
Diante Garrett;;19:55;1;3;1;3;0;0;0;0;0;2;0;1;1;1;3;
Diante Garrett;;19:10;3;6;2;3;0;0;1;0;1;1;0;0;4;1;8;
Diante Garrett;;8:58;1;4;0;1;0;0;0;0;0;3;1;0;0;1;2;
Diante Garrett;;18:04;0;8;0;5;0;0;0;3;3;1;0;0;0;1;0;
Diante Garrett;;14:06;0;0;0;0;0;0;0;0;0;0;0;1;1;3;0;
Diante Garrett;;9:32;0;2;0;1;0;0;0;0;0;0;0;0;0;0;0;
Diante Garrett;;16:46;1;2;1;1;0;0;0;2;2;2;1;0;2;1;3;
Diante Garrett;;7:47;0;3;0;1;0;0;0;0;0;0;0;0;0;1;0;
Diante Garrett;;14:57;1;4;0;1;0;0;0;1;1;2;1;0;1;0;2;
Diante Garrett;;13:39;1;3;0;1;0;0;0;1;1;3;1;0;0;1;2;
Diante Garrett;;9:39;1;2;1;2;0;0;0;1;1;1;1;0;0;1;3;
Diante Garrett;;21:50;3;5;1;2;0;0;0;1;1;5;1;0;4;0;7;
Diante Garrett;;17:28;1;7;0;1;0;0;0;0;0;3;1;0;3;0;2;
Diante Garrett;;9:41;1;6;0;1;0;0;1;1;2;0;0;0;1;1;2;
Diante Garrett;;21:27;4;6;0;1;0;0;1;2;3;5;1;0;1;2;8;
Diante Garrett;;19:44;2;6;0;2;0;0;1;0;1;6;3;0;2;0;4;
Diante Garrett;;16:02;3;3;1;1;0;0;0;0;0;8;1;0;0;0;7;
Diante Garrett;;20:42;3;6;1;3;0;0;0;1;1;2;1;0;0;1;7;
Diante Garrett;;1:30;0;0;0;0;0;0;0;1;1;1;0;0;0;0;0;
Diante Garrett;;15:48;1;2;1;1;0;0;0;0;0;2;1;0;3;2;3;
Diante Garrett;;13:59;2;5;1;1;0;0;0;0;0;1;0;0;0;0;5;
Diante Garrett;;9:11;0;0;0;0;0;0;0;0;0;2;0;0;1;0;0;
Diante Garrett;;25:20;2;5;1;1;0;0;0;2;2;4;3;0;4;1;5;
Diante Garrett;;10:51;1;5;0;1;0;0;1;2;3;1;0;0;0;0;2;
Diante Garrett;;13:28;0;4;0;0;2;2;0;1;1;3;0;0;1;0;2;
Diante Garrett;;22:16;3;5;0;1;0;0;1;2;3;4;2;0;0;3;6;
Diante Garrett;;10:09;0;2;0;1;2;2;0;1;1;0;0;0;1;0;2;
Diante Garrett;;6:14;0;1;0;0;0;0;0;0;0;1;1;0;1;0;0;
Diante Garrett;;17:03;1;2;1;1;0;0;0;1;1;1;0;0;3;1;3;
Diante Garrett;;7:32;0;0;0;0;0;0;1;0;1;0;0;0;0;1;0;
Diante Garrett;;13:50;0;1;0;1;0;0;1;2;3;2;0;0;1;0;0;
Diante Garrett;;5:13;0;1;0;0;0;0;0;1;1;0;1;0;0;0;0;
Diante Garrett;;8:43;1;2;0;1;0;0;0;1;1;0;0;0;1;0;2;
Diante Garrett;;11:60;0;2;0;2;0;0;0;3;3;0;0;0;0;0;0;
