╔═══════════════╤═══════════════╗
║Name		│Dion Waiters	║
╟───────────────┼───────────────╢
║Number		│3		║
╟───────────────┼───────────────╢
║Position	│G		║
╟───────────────┼───────────────╢
║Height		│6-4		║
╟───────────────┼───────────────╢
║Weight		│225		║
╟───────────────┼───────────────╢
║Birth		│DEC 10, 1991	║
╟───────────────┼───────────────╢
║Age		│22		║
╟───────────────┼───────────────╢
║Exp		│1		║
╟───────────────┼───────────────╢
║School		│Syracuse	║
╚═══════════════╧═══════════════╝
Dion Waiters;;38:45;6;20;0;3;5;6;1;3;4;3;0;0;1;0;17;
Dion Waiters;;28:29;9;18;3;5;5;6;1;1;2;0;0;1;4;3;26;
Dion Waiters;;31:42;6;17;2;6;0;0;0;1;1;5;0;0;3;5;14;
Dion Waiters;;27:38;5;14;1;4;1;3;0;4;4;8;2;0;2;2;12;
Dion Waiters;;30:37;6;13;2;5;3;4;0;1;1;2;0;0;0;3;17;
Dion Waiters;;20:08;1;7;1;5;1;2;0;0;0;3;0;0;2;2;4;
Dion Waiters;;23:03;4;11;2;2;7;8;1;1;2;4;2;1;0;3;17;
Dion Waiters;;29:40;8;19;1;3;1;4;1;1;2;3;1;0;1;1;18;
Dion Waiters;;28:01;3;14;1;3;2;2;0;0;0;2;2;0;1;2;9;
Dion Waiters;;16:44;0;4;0;2;0;0;0;2;2;0;0;0;1;1;0;
Dion Waiters;;27:43;6;13;1;4;2;2;0;1;1;3;0;0;0;4;15;
Dion Waiters;;28:17;5;13;1;3;2;4;2;6;8;3;2;0;4;2;13;
Dion Waiters;;17:42;2;5;0;0;0;0;0;1;1;2;0;0;3;3;4;
Dion Waiters;;35:45;9;13;3;4;0;2;0;0;0;4;2;1;3;2;21;
Dion Waiters;;25:21;8;15;2;4;3;3;1;2;3;0;2;0;1;4;21;
Dion Waiters;;26:11;8;14;2;3;1;1;0;2;2;4;0;0;4;2;19;
Dion Waiters;;10:45;0;4;0;2;0;2;0;1;1;1;0;0;0;2;0;
Dion Waiters;;24:21;3;11;0;5;0;1;0;2;2;1;1;0;1;1;6;
Dion Waiters;;32:31;11;18;1;3;1;2;1;3;4;1;1;0;4;3;24;
Dion Waiters;;38:17;7;21;1;5;3;3;2;5;7;6;2;0;2;1;18;
Dion Waiters;;28:07;7;17;2;5;4;4;0;1;1;8;0;0;1;3;20;
Dion Waiters;;20:02;4;8;1;3;0;4;0;3;3;0;0;0;1;1;9;
Dion Waiters;;14:32;5;7;1;2;2;2;0;4;4;3;0;0;3;1;13;
Dion Waiters;;23:18;11;18;2;3;0;0;1;0;1;3;0;1;2;3;24;
Dion Waiters;;32:11;8;18;1;3;2;2;1;4;5;1;3;0;0;1;19;
Dion Waiters;;13:36;3;8;0;0;2;3;0;2;2;1;0;0;0;1;8;
Dion Waiters;;17:57;4;11;2;5;0;0;1;1;2;1;2;0;4;3;10;
Dion Waiters;;31:02;8;17;2;5;0;0;0;1;1;4;1;0;2;0;18;
Dion Waiters;;35:42;5;15;3;6;2;4;0;3;3;5;0;0;3;2;15;
Dion Waiters;G;41:28;6;19;1;6;4;5;0;4;4;11;1;0;6;4;17;
Dion Waiters;G;40:51;11;25;2;3;6;12;0;2;2;4;3;0;1;3;30;
Dion Waiters;G;39:48;11;21;1;6;3;4;1;4;5;7;0;0;3;5;26;
Dion Waiters;G;40:38;9;17;2;7;2;2;0;5;5;2;0;0;2;1;22;
Dion Waiters;G;42:58;10;19;1;2;3;4;1;2;3;7;1;2;4;0;24;
Dion Waiters;G;38:32;8;20;0;6;2;3;0;4;4;4;0;1;0;3;18;
Dion Waiters;G;42:05;6;18;3;7;5;5;0;1;1;5;1;0;3;3;20;
Dion Waiters;G;33:05;9;20;1;4;0;0;0;1;1;1;2;0;2;3;19;
Dion Waiters;G;33:31;10;15;3;3;3;4;0;0;0;3;1;0;3;3;26;
Dion Waiters;G;36:16;8;19;3;5;4;4;0;2;2;3;0;0;2;4;23;
Dion Waiters;G;36:02;5;16;1;4;3;4;1;2;3;1;0;3;2;2;14;
Dion Waiters;G;30:33;9;18;4;8;0;1;0;3;3;8;1;0;1;4;22;
Dion Waiters;G;29:55;8;15;1;2;6;8;0;0;0;3;5;0;1;3;23;
Dion Waiters;G;27:07;6;15;0;3;3;6;1;3;4;2;0;1;1;0;15;
Dion Waiters;G;26:53;7;12;2;5;3;4;1;1;2;2;1;0;2;0;19;
Dion Waiters;G;29:21;5;12;1;3;0;0;1;0;1;2;3;0;2;2;11;
Dion Waiters;G;14:23;1;5;0;1;0;0;0;0;0;0;0;0;2;2;2;
Dion Waiters;G;29:19;7;21;2;3;1;1;0;2;2;0;4;0;2;3;17;
Dion Waiters;G;20:23;3;10;0;2;2;2;0;4;4;2;1;2;0;1;8;
Dion Waiters;G;30:16;7;13;1;4;6;11;0;3;3;3;1;1;1;2;21;
Dion Waiters;G;32:06;7;19;3;6;1;2;0;6;6;3;1;0;0;0;18;
Dion Waiters;G;39:00;9;16;3;5;1;2;0;5;5;5;3;0;3;4;22;
Dion Waiters;G;33:37;6;13;1;3;0;0;0;2;2;2;1;2;6;2;13;
Dion Waiters;G;22:27;2;6;1;2;1;2;0;2;2;2;0;0;1;1;6;
Dion Waiters;;30:16;2;13;0;2;7;8;1;2;3;3;1;0;3;3;11;
Dion Waiters;;25:50;5;9;1;4;3;5;0;4;4;2;1;0;4;4;14;
Dion Waiters;;20:11;4;9;1;1;2;2;1;0;1;2;1;0;3;2;11;
Dion Waiters;;32:58;7;14;4;8;6;11;0;6;6;3;0;0;3;2;24;
Dion Waiters;;34:31;7;18;1;5;6;7;2;2;4;6;1;0;6;5;21;
Dion Waiters;;27:02;8;10;2;2;2;2;0;2;2;0;1;0;4;1;20;
Dion Waiters;;26:02;2;8;0;1;1;2;1;3;4;6;0;0;2;0;5;
Dion Waiters;;34:42;13;20;1;4;3;3;0;2;2;1;0;0;2;0;30;
Dion Waiters;;29:20;1;10;0;2;1;2;3;3;6;2;0;0;1;1;3;
Dion Waiters;;13:55;2;6;0;1;2;4;0;0;0;1;0;0;4;3;6;
Dion Waiters;;29:24;8;18;1;2;4;6;0;5;5;4;1;1;2;2;21;
Dion Waiters;;35:04;5;11;2;4;4;4;2;1;3;0;0;0;2;2;16;
Dion Waiters;;31:29;11;19;2;2;1;1;1;2;3;5;1;0;1;4;25;
Dion Waiters;;36:48;9;13;1;2;1;2;1;3;4;2;0;0;5;0;20;
Dion Waiters;;31:55;6;16;0;2;5;8;0;3;3;2;2;0;3;3;17;
Dion Waiters;;38:48;3;15;1;2;1;2;0;5;5;4;0;0;5;1;8;
Dion Waiters;;35:08;5;13;0;2;2;2;0;4;4;2;0;0;1;2;12;
