╔═══════════════╤═══════════════════════╗
║Name		│Dionte Christmas	║
╟───────────────┼───────────────────────╢
║Number		│25			║
╟───────────────┼───────────────────────╢
║Position	│G			║
╟───────────────┼───────────────────────╢
║Height		│6-5			║
╟───────────────┼───────────────────────╢
║Weight		│205			║
╟───────────────┼───────────────────────╢
║Birth		│SEP 15, 1986		║
╟───────────────┼───────────────────────╢
║Age		│27			║
╟───────────────┼───────────────────────╢
║Exp		│R			║
╟───────────────┼───────────────────────╢
║School		│Temple			║
╚═══════════════╧═══════════════════════╝
Dionte Christmas;;2:38;0;1;0;1;0;0;0;0;0;0;0;0;0;0;0;
Dionte Christmas;;3:11;1;2;0;1;0;0;0;0;0;0;0;0;0;0;2;
Dionte Christmas;;7:09;0;2;0;1;2;2;0;3;3;2;0;1;0;1;2;
Dionte Christmas;;5:54;0;0;0;0;0;0;2;1;3;0;0;0;0;1;0;
Dionte Christmas;;5:27;1;1;1;1;2;2;1;1;2;1;0;0;0;1;5;
Dionte Christmas;;8:26;0;2;0;1;4;4;0;1;1;0;0;0;1;2;4;
Dionte Christmas;;1:02;0;0;0;0;0;0;0;0;0;0;0;0;0;0;0;
Dionte Christmas;;2:36;0;1;0;1;0;0;0;0;0;0;0;0;0;0;0;
Dionte Christmas;;18:41;2;4;1;2;2;2;2;1;3;3;0;0;0;1;7;
Dionte Christmas;;3:13;0;3;0;1;2;4;2;1;3;0;0;0;0;0;2;
Dionte Christmas;;1:32;1;2;0;0;0;0;0;0;0;0;0;0;0;0;2;
Dionte Christmas;;4:58;1;2;1;1;0;0;0;0;0;0;0;0;2;1;3;
Dionte Christmas;;1:30;0;1;0;0;0;0;0;1;1;0;0;0;0;0;0;
Dionte Christmas;;7:29;1;4;1;2;0;2;1;2;3;0;0;0;0;1;3;
Dionte Christmas;;14:50;3;6;1;2;2;2;1;3;4;0;0;0;1;1;9;
Dionte Christmas;;5:50;1;2;1;2;1;2;1;1;2;0;1;0;0;0;4;
Dionte Christmas;;14:50;1;2;0;0;0;0;0;4;4;0;1;0;1;0;2;
Dionte Christmas;;10:55;1;4;0;2;0;0;0;0;0;1;0;0;0;2;2;
Dionte Christmas;;5:26;0;0;0;0;0;0;0;0;0;0;0;0;0;2;0;
Dionte Christmas;;2:50;0;1;0;0;0;0;0;0;0;0;0;0;0;1;0;
Dionte Christmas;;4:37;0;0;0;0;0;0;0;1;1;0;0;0;0;0;0;
Dionte Christmas;;12:30;3;6;2;5;0;0;1;2;3;0;0;0;1;2;8;
Dionte Christmas;;6:26;1;2;0;0;0;0;0;1;1;0;0;0;0;0;2;
Dionte Christmas;;6:54;0;1;0;0;0;0;0;0;0;0;0;0;0;1;0;
Dionte Christmas;;1:59;0;0;0;0;0;0;0;0;0;0;0;0;0;0;0;
Dionte Christmas;;3:45;0;0;0;0;0;0;0;1;1;0;0;0;0;0;0;
Dionte Christmas;;4:01;0;3;0;2;0;0;1;0;1;0;0;0;0;0;0;
Dionte Christmas;;1:11;0;0;0;0;0;0;0;0;0;0;0;0;0;0;0;
Dionte Christmas;;5:04;1;2;0;1;0;0;0;0;0;1;0;1;0;0;2;
Dionte Christmas;;17:19;1;4;0;3;3;4;1;1;2;0;0;1;0;2;5;
Dionte Christmas;;5:39;3;4;1;2;0;0;0;0;0;0;0;0;0;0;7;
