╔═══════════════╤═══════════════════════╗
║Name		│Dirk Nowitzki		║
╟───────────────┼───────────────────────╢
║Number		│41			║
╟───────────────┼───────────────────────╢
║Position	│F			║
╟───────────────┼───────────────────────╢
║Height		│7-0			║
╟───────────────┼───────────────────────╢
║Weight		│245			║
╟───────────────┼───────────────────────╢
║Birth		│JUN 19, 1978		║
╟───────────────┼───────────────────────╢
║Age		│36			║
╟───────────────┼───────────────────────╢
║Exp		│15			║
╟───────────────┼───────────────────────╢
║School		│Wurzburg, Germany	║
╚═══════════════╧═══════════════════════╝
Dirk Nowitzki;F;31:39;3;14;0;4;3;3;1;4;5;4;1;0;2;2;9;
Dirk Nowitzki;F;32:55;10;17;4;5;0;0;0;4;4;4;2;0;1;0;24;
Dirk Nowitzki;F;34:09;6;11;1;2;5;9;0;9;9;1;1;0;1;0;18;
Dirk Nowitzki;F;30:59;12;20;0;3;3;4;0;7;7;4;0;0;2;0;27;
Dirk Nowitzki;F;27:20;3;14;0;2;2;2;0;5;5;2;1;1;1;2;8;
Dirk Nowitzki;F;28:12;10;19;4;8;0;0;0;4;4;5;3;2;0;2;24;
Dirk Nowitzki;F;33:27;10;20;5;9;15;16;0;4;4;4;2;0;1;2;40;
Dirk Nowitzki;F;28:11;4;10;1;2;6;6;0;5;5;2;0;1;3;2;15;
Dirk Nowitzki;F;32:43;8;22;3;6;8;8;0;8;8;3;0;0;0;4;27;
Dirk Nowitzki;F;34:54;9;16;2;6;1;2;0;5;5;2;1;1;1;0;21;
Dirk Nowitzki;F;21:39;6;17;1;5;5;5;0;3;3;0;0;1;0;3;18;
Dirk Nowitzki;F;35:00;8;20;0;5;1;2;1;9;10;1;0;0;0;2;17;
Dirk Nowitzki;F;35:47;5;15;0;2;8;9;3;4;7;3;0;0;3;1;18;
Dirk Nowitzki;F;32:10;10;16;3;5;5;5;0;9;9;4;1;0;1;3;28;
Dirk Nowitzki;F;35:04;13;21;1;3;11;11;4;13;17;3;0;0;2;1;38;
Dirk Nowitzki;F;34:07;11;19;1;3;11;11;0;5;5;2;2;0;1;4;34;
Dirk Nowitzki;F;29:34;9;16;3;5;2;2;0;8;8;2;0;0;2;2;23;
Dirk Nowitzki;F;34:28;10;14;3;4;3;4;0;6;6;3;2;0;2;1;26;
Dirk Nowitzki;F;26:28;5;9;2;3;8;9;0;3;3;1;0;0;0;2;20;
Dirk Nowitzki;F;31:54;7;16;2;6;4;4;1;4;5;4;0;0;1;0;20;
Dirk Nowitzki;F;24:09;5;9;2;2;4;4;0;4;4;1;0;0;0;3;16;
Dirk Nowitzki;F;34:28;7;14;1;3;3;4;2;4;6;1;2;1;1;3;18;
Dirk Nowitzki;F;36:16;7;14;1;5;7;7;2;7;9;7;1;0;1;1;22;
Dirk Nowitzki;F;27:03;9;12;5;7;2;2;1;6;7;4;0;1;2;0;25;
Dirk Nowitzki;F;30:34;9;19;2;7;4;4;0;4;4;1;0;0;1;4;24;
Dirk Nowitzki;F;32:26;6;13;0;5;3;3;1;0;1;3;2;0;1;2;15;
Dirk Nowitzki;F;27:08;7;13;1;3;3;3;0;5;5;3;2;0;1;2;18;
Dirk Nowitzki;F;34:16;7;18;1;5;0;0;2;3;5;2;0;1;3;2;15;
Dirk Nowitzki;F;31:20;9;17;0;2;4;5;1;6;7;0;0;1;1;3;22;
Dirk Nowitzki;F;34:21;13;20;1;2;0;0;0;7;7;0;0;0;1;4;27;
Dirk Nowitzki;F;33:59;8;19;0;2;6;7;0;5;5;6;2;0;1;2;22;
Dirk Nowitzki;F;35:00;3;14;1;4;7;7;1;7;8;1;2;0;3;0;14;
Dirk Nowitzki;F;30:18;4;11;0;1;4;4;0;6;6;1;1;0;0;1;12;
Dirk Nowitzki;F;33:19;12;14;4;4;3;3;0;8;8;0;0;0;2;1;31;
Dirk Nowitzki;F;29:50;6;12;2;3;3;3;1;3;4;2;1;0;2;1;17;
Dirk Nowitzki;F;32:12;6;17;4;8;3;3;0;6;6;1;0;0;1;1;19;
Dirk Nowitzki;F;39:04;11;27;0;7;5;6;0;3;3;0;0;0;2;3;27;
Dirk Nowitzki;F;28:56;9;15;1;2;2;3;0;6;6;1;2;1;1;4;21;
Dirk Nowitzki;F;38:28;2;12;0;3;6;6;0;8;8;2;0;0;2;4;10;
Dirk Nowitzki;F;38:45;11;23;2;8;8;8;1;9;10;6;4;1;6;4;32;
Dirk Nowitzki;F;35:12;7;15;1;4;6;10;1;8;9;3;0;0;3;2;21;
Dirk Nowitzki;F;30:14;5;10;0;2;9;10;0;7;7;7;0;1;2;4;19;
Dirk Nowitzki;F;39:40;13;21;6;8;1;3;1;10;11;3;2;1;0;0;33;
Dirk Nowitzki;F;34:48;10;18;4;7;2;2;0;11;11;1;2;1;2;4;26;
Dirk Nowitzki;F;33:44;11;14;1;2;4;5;3;6;9;5;0;0;2;1;27;
Dirk Nowitzki;F;34:03;5;17;2;6;3;4;0;1;1;3;0;1;0;1;15;
Dirk Nowitzki;F;32:52;9;11;2;3;1;1;0;6;6;3;0;0;0;0;21;
Dirk Nowitzki;F;34:11;8;14;0;0;3;5;0;6;6;1;1;0;0;1;19;
Dirk Nowitzki;F;39:05;8;15;3;6;4;4;0;8;8;3;2;1;4;2;23;
Dirk Nowitzki;F;45:55;12;22;3;9;3;3;0;5;5;2;0;4;2;1;30;
Dirk Nowitzki;F;33:00;8;14;4;6;4;4;0;4;4;5;0;0;1;4;24;
Dirk Nowitzki;F;29:43;6;15;0;2;10;11;2;2;4;2;0;0;1;6;22;
Dirk Nowitzki;F;32:22;7;16;3;4;7;8;0;6;6;1;2;0;2;3;24;
Dirk Nowitzki;F;28:06;4;9;1;3;2;2;1;7;8;4;2;0;1;1;11;
Dirk Nowitzki;F;34:24;5;12;2;4;4;4;0;6;6;3;3;0;4;2;16;
Dirk Nowitzki;F;31:26;5;11;1;4;3;3;0;3;3;1;1;1;4;2;14;
Dirk Nowitzki;F;32:18;5;15;0;5;6;6;0;6;6;0;1;0;1;1;16;
Dirk Nowitzki;F;31:33;8;19;2;5;1;2;1;7;8;2;2;1;1;3;19;
Dirk Nowitzki;F;35:39;8;12;3;5;9;10;0;6;6;3;2;1;5;3;28;
Dirk Nowitzki;F;33:18;6;12;4;6;2;2;0;4;4;3;0;0;0;3;18;
Dirk Nowitzki;F;32:50;8;15;1;5;3;3;0;10;10;3;1;1;3;2;20;
Dirk Nowitzki;F;33:38;13;20;2;5;7;7;1;6;7;4;1;1;1;3;35;
Dirk Nowitzki;F;31:40;5;14;1;2;7;7;1;6;7;1;1;0;1;1;18;
Dirk Nowitzki;F;34:22;9;22;0;2;9;9;0;9;9;1;0;1;0;2;27;
Dirk Nowitzki;F;31:06;7;15;0;1;4;5;1;5;6;2;1;0;2;1;18;
Dirk Nowitzki;F;32:53;11;19;0;2;0;0;0;6;6;3;2;1;0;1;22;
Dirk Nowitzki;F;31:18;6;13;1;1;3;3;1;2;3;1;0;0;1;4;16;
Dirk Nowitzki;F;32:35;10;13;1;1;2;2;0;5;5;6;1;0;2;3;23;
Dirk Nowitzki;F;34:59;10;21;2;6;3;3;0;3;3;1;0;1;2;0;25;
Dirk Nowitzki;F;32:06;7;17;1;3;6;8;0;7;7;3;2;4;1;1;21;
Dirk Nowitzki;F;35:52;13;23;3;4;1;1;1;5;6;7;0;1;0;3;30;
Dirk Nowitzki;F;31:14;7;15;1;3;3;3;0;6;6;7;2;2;3;0;18;
Dirk Nowitzki;F;34:42;7;14;3;6;4;5;0;7;7;2;1;2;2;2;21;
Dirk Nowitzki;F;27:04;9;15;0;1;2;2;1;5;6;5;2;1;2;3;20;
Dirk Nowitzki;F;42:53;10;22;2;6;0;1;2;7;9;5;0;0;0;4;22;
Dirk Nowitzki;F;30:02;7;17;1;6;6;6;1;5;6;1;0;1;1;2;21;
Dirk Nowitzki;F;35:14;11;18;1;3;8;9;0;6;6;3;1;2;1;0;31;
Dirk Nowitzki;F;35:34;10;17;1;2;4;4;0;5;5;2;2;0;1;4;25;
Dirk Nowitzki;F;30:37;6;15;4;4;2;2;0;3;3;5;1;3;3;4;18;
Dirk Nowitzki;F;33:23;7;17;0;4;2;3;0;5;5;3;0;0;0;3;16;
