╔═══════════════╤═══════════════╗
║Name		│Donald Sloan	║
╟───────────────┼───────────────╢
║Number		│15		║
╟───────────────┼───────────────╢
║Position	│G		║
╟───────────────┼───────────────╢
║Height		│6-3		║
╟───────────────┼───────────────╢
║Weight		│205		║
╟───────────────┼───────────────╢
║Birth		│JAN 15, 1988	║
╟───────────────┼───────────────╢
║Age		│26		║
╟───────────────┼───────────────╢
║Exp		│2		║
╟───────────────┼───────────────╢
║School		│Texas A&M	║
╚═══════════════╧═══════════════╝
Donald Sloan;;1:16;0;0;0;0;0;0;0;0;0;0;0;0;0;0;0;
Donald Sloan;;1:16;0;0;0;0;0;0;0;0;0;0;0;0;0;0;0;
Donald Sloan;;2:19;0;0;0;0;0;0;0;0;0;1;0;0;0;0;0;
Donald Sloan;;4:51;0;2;0;0;0;0;0;1;1;0;0;0;0;0;0;
Donald Sloan;;3:45;1;1;0;0;0;0;0;1;1;2;0;0;0;0;2;
Donald Sloan;;2:17;0;0;0;0;0;0;0;0;0;0;0;0;0;0;0;
Donald Sloan;;6:06;2;3;1;1;0;0;0;1;1;0;0;0;1;0;5;
Donald Sloan;;1:44;0;0;0;0;0;0;0;0;0;0;0;0;0;0;0;
Donald Sloan;;3:00;0;1;0;1;0;0;0;0;0;0;0;0;1;0;0;
Donald Sloan;;7:16;1;1;0;0;0;0;0;1;1;0;0;0;0;1;2;
Donald Sloan;;5:40;0;2;0;1;0;0;0;0;0;0;0;0;0;0;0;
Donald Sloan;;2:31;0;0;0;0;0;0;0;0;0;0;0;0;1;0;0;
Donald Sloan;;6:12;0;1;0;0;1;2;0;0;0;0;0;0;1;0;1;
Donald Sloan;;12:21;0;3;0;1;0;0;0;0;0;2;0;0;0;1;0;
Donald Sloan;;8:49;0;1;0;0;0;0;0;0;0;1;1;0;0;0;0;
Donald Sloan;;7:30;0;2;0;1;0;2;0;0;0;1;0;0;1;1;0;
Donald Sloan;;7:57;1;5;0;2;1;1;0;0;0;3;0;0;1;0;3;
Donald Sloan;;9:36;0;2;0;2;0;0;0;0;0;0;0;0;0;0;0;
Donald Sloan;;12:21;1;3;0;1;1;2;0;1;1;4;1;0;0;0;3;
Donald Sloan;;11:58;2;2;1;1;0;0;0;2;2;0;1;0;1;1;5;
Donald Sloan;;6:02;0;1;0;1;0;0;0;0;0;0;0;0;0;0;0;
Donald Sloan;;12:13;0;1;0;0;0;0;0;4;4;2;0;1;1;1;0;
Donald Sloan;;9:41;2;4;1;2;0;0;0;0;0;0;1;0;1;1;5;
Donald Sloan;;8:52;2;4;0;0;0;0;1;1;2;1;0;0;0;0;4;
Donald Sloan;;6:53;0;2;0;2;0;0;0;0;0;2;1;0;0;0;0;
Donald Sloan;;10:26;3;4;1;1;0;0;0;1;1;0;0;0;1;0;7;
Donald Sloan;;14:31;2;6;1;2;0;0;0;1;1;2;0;0;1;0;5;
Donald Sloan;;11:23;1;6;0;2;2;2;0;0;0;1;0;0;0;1;4;
Donald Sloan;;9:17;0;2;0;2;0;0;0;1;1;1;0;0;1;1;0;
Donald Sloan;;12:54;3;4;1;1;2;2;0;1;1;3;0;0;0;0;9;
Donald Sloan;;10:38;2;5;0;2;0;0;0;1;1;0;0;0;2;0;4;
Donald Sloan;G;31:52;4;11;0;1;0;2;0;4;4;8;0;0;0;2;8;
Donald Sloan;;0:33;0;0;0;0;0;0;0;0;0;0;0;0;0;0;0;
Donald Sloan;;31:01;6;13;1;3;0;0;2;2;4;3;0;0;3;2;13;
Donald Sloan;;16:30;1;3;0;2;2;2;0;1;1;3;1;0;1;1;4;
Donald Sloan;;18:04;1;3;0;2;3;4;0;3;3;3;0;0;1;2;5;
Donald Sloan;;21:20;4;6;1;1;0;0;1;5;6;4;1;0;0;2;9;
Donald Sloan;;3:11;1;2;1;1;0;0;0;0;0;0;0;0;0;0;3;
Donald Sloan;;2:52;0;1;0;0;0;0;0;0;0;0;0;0;0;0;0;
Donald Sloan;;10:24;0;2;0;2;0;0;0;4;4;0;1;0;1;0;0;
Donald Sloan;;2:27;2;2;1;1;0;0;0;0;0;0;1;0;0;0;5;
Donald Sloan;;2:07;1;1;0;0;0;1;0;1;1;0;0;0;0;0;2;
Donald Sloan;;1:38;0;1;0;1;0;0;0;0;0;0;0;0;0;0;0;
Donald Sloan;;6:41;0;1;0;1;0;0;0;1;1;2;1;0;1;1;0;
Donald Sloan;;3:56;1;1;0;0;0;0;0;2;2;1;0;0;0;1;2;
Donald Sloan;;4:19;0;1;0;1;0;0;0;0;0;0;0;0;0;0;0;
Donald Sloan;;2:19;0;1;0;0;0;0;0;0;0;0;0;0;1;0;0;
Donald Sloan;;1:25;0;0;0;0;0;0;0;0;0;0;0;0;0;0;0;
