╔═══════════════╤═══════════════════════╗
║Name		│Donatas Motiejunas	║
╟───────────────┼───────────────────────╢
║Number		│20			║
╟───────────────┼───────────────────────╢
║Position	│F-C			║
╟───────────────┼───────────────────────╢
║Height		│7-0			║
╟───────────────┼───────────────────────╢
║Weight		│222			║
╟───────────────┼───────────────────────╢
║Birth		│SEP 20, 1990		║
╟───────────────┼───────────────────────╢
║Age		│23			║
╟───────────────┼───────────────────────╢
║Exp		│1			║
╟───────────────┼───────────────────────╢
║School		│Kaunas, Lithuania	║
╚═══════════════╧═══════════════════════╝
Donatas Motiejunas;;10:23;2;7;0;4;2;2;2;3;5;1;0;1;0;1;6;
Donatas Motiejunas;;7:00;2;5;0;1;0;0;1;4;5;1;0;0;2;2;4;
Donatas Motiejunas;;17:56;4;7;0;1;2;4;1;4;5;0;0;1;0;5;10;
Donatas Motiejunas;;23:57;6;9;3;4;0;0;2;5;7;0;0;0;1;2;15;
Donatas Motiejunas;;21:10;1;4;0;2;1;2;0;3;3;2;2;0;1;5;3;
Donatas Motiejunas;F;21:46;4;8;1;2;0;0;4;5;9;2;1;1;0;6;9;
Donatas Motiejunas;F;29:01;2;6;0;1;2;3;1;8;9;2;0;1;1;6;6;
Donatas Motiejunas;;20:06;3;7;0;2;0;2;2;2;4;0;2;0;2;1;6;
Donatas Motiejunas;;11:35;0;1;0;1;0;0;0;2;2;0;0;1;2;2;0;
Donatas Motiejunas;;17:54;2;3;1;2;0;0;0;6;6;1;1;0;0;2;5;
Donatas Motiejunas;;25:46;4;5;0;0;4;6;4;9;13;0;0;0;1;4;12;
Donatas Motiejunas;;25:19;2;7;0;2;0;0;2;2;4;1;0;1;1;2;4;
Donatas Motiejunas;;16:38;1;5;0;1;3;3;0;1;1;0;0;0;1;3;5;
Donatas Motiejunas;;24:47;4;5;0;0;1;2;0;1;1;0;1;0;1;3;9;
Donatas Motiejunas;;17:21;3;5;2;2;1;1;1;4;5;1;1;0;0;2;9;
Donatas Motiejunas;;17:25;3;4;1;2;4;6;2;2;4;0;0;1;1;1;11;
Donatas Motiejunas;;18:50;5;11;2;4;0;1;2;3;5;1;2;1;1;0;12;
Donatas Motiejunas;;12:07;2;5;1;2;0;0;0;2;2;1;0;0;0;1;5;
Donatas Motiejunas;;23:39;2;4;0;1;3;4;1;4;5;0;0;0;1;4;7;
Donatas Motiejunas;;19:03;1;1;1;1;2;2;1;0;1;3;0;1;2;6;5;
Donatas Motiejunas;;22:19;2;6;0;2;4;4;0;4;4;2;0;0;0;1;8;
Donatas Motiejunas;;15:48;3;7;1;4;0;0;0;2;2;1;0;0;0;1;7;
Donatas Motiejunas;;13:10;0;5;0;2;1;2;0;1;1;0;0;0;1;3;1;
Donatas Motiejunas;;9:49;2;3;0;0;0;0;0;2;2;1;1;0;3;1;4;
Donatas Motiejunas;;23:22;3;5;2;3;2;2;1;1;2;1;0;0;0;1;10;
Donatas Motiejunas;;8:03;0;1;0;0;0;0;0;3;3;0;0;0;1;1;0;
Donatas Motiejunas;;7:43;0;1;0;0;3;6;1;0;1;0;0;0;0;1;3;
Donatas Motiejunas;;17:11;1;5;0;2;0;2;1;4;5;1;0;0;0;2;2;
Donatas Motiejunas;;17:12;3;5;1;2;0;0;1;3;4;0;0;0;1;2;7;
Donatas Motiejunas;;27:39;3;7;1;3;0;2;1;10;11;3;2;1;5;6;7;
Donatas Motiejunas;;25:47;9;11;1;2;1;1;3;3;6;0;1;0;1;1;20;
Donatas Motiejunas;;18:55;5;5;0;0;1;1;0;0;0;0;1;0;1;4;11;
Donatas Motiejunas;;16:25;2;5;0;1;0;0;0;4;4;2;0;0;0;2;4;
Donatas Motiejunas;;18:24;3;7;0;2;0;0;2;2;4;0;2;0;2;5;6;
Donatas Motiejunas;;26:55;3;8;0;0;0;1;1;6;7;1;0;2;1;3;6;
Donatas Motiejunas;F;8:26;0;2;0;0;0;0;1;1;2;0;0;0;0;4;0;
Donatas Motiejunas;;22:41;6;11;0;3;1;1;3;2;5;1;0;0;3;5;13;
Donatas Motiejunas;;5:34;2;2;0;0;0;0;0;1;1;0;0;0;0;0;4;
Donatas Motiejunas;;16:29;0;3;0;0;0;2;1;2;3;1;1;1;0;2;0;
Donatas Motiejunas;;23:30;5;11;0;2;3;5;4;11;15;0;0;1;1;1;13;
Donatas Motiejunas;;29:50;4;9;0;1;3;4;0;4;4;1;0;1;1;1;11;
Donatas Motiejunas;;13:27;2;5;0;0;0;2;1;3;4;0;0;0;1;5;4;
Donatas Motiejunas;;13:04;0;2;0;1;0;0;0;2;2;0;0;0;1;0;0;
Donatas Motiejunas;;8:23;0;4;0;2;0;0;0;1;1;0;0;0;0;1;0;
Donatas Motiejunas;;16:59;3;9;1;1;4;4;7;3;10;0;1;0;3;1;11;
Donatas Motiejunas;;3:58;0;1;0;0;1;2;0;0;0;0;0;0;0;0;1;
Donatas Motiejunas;;4:38;0;1;0;1;0;0;0;0;0;0;0;0;0;0;0;
Donatas Motiejunas;;16:12;5;6;1;1;1;2;2;1;3;1;1;1;0;5;12;
Donatas Motiejunas;;18:08;2;8;0;4;1;1;0;5;5;0;0;1;2;1;5;
Donatas Motiejunas;;1:01;0;0;0;0;0;0;0;0;0;0;0;0;0;0;0;
Donatas Motiejunas;;4:20;1;3;0;0;1;2;0;1;1;0;0;0;0;0;3;
Donatas Motiejunas;;7:17;2;5;1;2;0;0;0;1;1;0;0;1;1;1;5;
Donatas Motiejunas;;5:37;0;1;0;0;0;0;1;0;1;0;0;0;1;0;0;
Donatas Motiejunas;;12:46;3;7;0;3;3;4;2;1;3;0;0;0;0;1;9;
Donatas Motiejunas;;4:06;0;1;0;1;0;0;0;2;2;0;0;0;1;2;0;
Donatas Motiejunas;;8:55;0;3;0;1;2;4;0;1;1;0;0;0;0;1;2;
Donatas Motiejunas;;5:16;0;1;0;1;0;2;0;2;2;0;0;0;0;1;0;
Donatas Motiejunas;;7:59;1;3;0;0;1;2;0;1;1;0;0;0;0;0;3;
Donatas Motiejunas;;0:05;0;0;0;0;0;0;0;0;0;0;0;0;0;1;0;
Donatas Motiejunas;;23:18;2;4;0;1;0;0;1;2;3;1;0;3;0;5;4;
Donatas Motiejunas;;3:50;0;1;0;0;0;0;0;1;1;1;0;0;0;1;0;
Donatas Motiejunas;;15:58;1;3;0;1;0;0;0;2;2;0;0;0;0;1;2;
