╔═══════════════╤═══════════════════════╗
║Name		│Dorell Wright		║
╟───────────────┼───────────────────────╢
║Number		│1			║
╟───────────────┼───────────────────────╢
║Position	│F			║
╟───────────────┼───────────────────────╢
║Height		│6-9			║
╟───────────────┼───────────────────────╢
║Weight		│205			║
╟───────────────┼───────────────────────╢
║Birth		│DEC 02, 1985		║
╟───────────────┼───────────────────────╢
║Age		│28			║
╟───────────────┼───────────────────────╢
║Exp		│9			║
╟───────────────┼───────────────────────╢
║School		│South Kent Prep (CT)	║
╚═══════════════╧═══════════════════════╝
Dorell Wright;;15:55;2;6;2;5;0;0;0;3;3;1;1;0;3;2;6;
Dorell Wright;;12:25;0;1;0;1;0;0;0;1;1;3;0;0;0;1;0;
Dorell Wright;;8:25;0;3;0;2;0;0;1;0;1;0;0;0;2;0;0;
Dorell Wright;;1:32;0;2;0;2;0;0;0;0;0;0;0;0;0;0;0;
Dorell Wright;;6:11;0;0;0;0;0;0;0;0;0;0;0;0;0;1;0;
Dorell Wright;;13:17;1;4;1;3;3;3;0;1;1;2;1;0;0;2;6;
Dorell Wright;;6:23;0;0;0;0;2;3;2;1;3;0;0;1;0;0;2;
Dorell Wright;;8:01;0;2;0;2;0;0;0;2;2;4;0;0;0;1;0;
Dorell Wright;;12:27;1;2;1;2;2;2;0;1;1;3;1;0;0;1;5;
Dorell Wright;F;20:24;4;8;2;4;0;0;3;2;5;0;2;0;1;2;10;
Dorell Wright;F;20:49;2;4;1;3;0;0;0;7;7;1;0;1;0;0;5;
Dorell Wright;F;6:32;1;2;1;2;0;0;0;1;1;1;0;0;0;1;3;
Dorell Wright;F;27:01;3;5;2;4;4;6;0;4;4;2;1;1;1;3;12;
Dorell Wright;F;24:54;1;4;1;4;1;2;1;5;6;5;0;1;0;2;4;
Dorell Wright;;14:27;3;7;2;6;0;0;0;2;2;0;0;0;0;2;8;
Dorell Wright;;15:57;3;6;2;4;0;0;1;1;2;0;1;0;0;1;8;
Dorell Wright;;16:19;1;4;1;3;2;3;0;4;4;1;0;0;0;0;5;
Dorell Wright;;4:41;0;0;0;0;0;0;0;0;0;0;0;0;0;1;0;
Dorell Wright;;21:44;3;7;0;2;4;4;1;5;6;0;1;0;1;0;10;
Dorell Wright;F;27:46;4;8;4;6;3;4;0;4;4;3;0;1;1;3;15;
Dorell Wright;F;16:35;5;6;3;4;0;0;0;4;4;0;1;1;3;0;13;
Dorell Wright;F;19:24;0;8;0;7;1;2;0;5;5;1;1;1;1;0;1;
Dorell Wright;F;20:00;6;11;3;6;0;0;1;6;7;2;1;0;0;2;15;
Dorell Wright;F;23:35;6;12;0;3;5;5;1;5;6;0;0;0;0;1;17;
Dorell Wright;F;18:53;2;7;2;6;1;2;1;2;3;1;0;0;3;1;7;
Dorell Wright;F;26:29;3;11;2;6;0;0;0;8;8;1;0;0;2;1;8;
Dorell Wright;;10:10;0;2;0;2;0;0;0;0;0;0;0;0;0;2;0;
Dorell Wright;;20:28;2;5;1;3;0;0;2;2;4;3;0;0;0;2;5;
Dorell Wright;;12:37;0;1;0;1;1;2;0;7;7;1;0;0;1;2;1;
Dorell Wright;;9:19;0;0;0;0;0;0;0;1;1;0;0;0;0;0;0;
Dorell Wright;;7:49;1;3;1;2;2;3;1;1;2;0;0;1;1;2;5;
Dorell Wright;;18:59;1;4;0;3;2;2;2;1;3;2;0;1;0;0;4;
Dorell Wright;;15:46;1;5;1;4;0;0;0;4;4;2;2;0;1;1;3;
Dorell Wright;;14:03;2;2;1;1;0;0;1;3;4;0;1;0;0;1;5;
Dorell Wright;;17:18;0;3;0;1;0;0;0;6;6;3;0;1;0;0;0;
Dorell Wright;F;12:00;1;3;0;1;0;0;0;6;6;1;0;1;1;0;2;
Dorell Wright;;12:16;0;2;0;1;3;3;0;1;1;1;0;0;1;0;3;
Dorell Wright;;10:44;3;4;2;3;0;0;2;3;5;1;1;0;0;1;8;
Dorell Wright;;15:28;0;0;0;0;2;2;0;2;2;1;1;0;1;0;2;
Dorell Wright;;20:44;3;8;2;5;0;0;0;3;3;2;2;1;0;1;8;
Dorell Wright;;14:20;1;3;1;3;0;0;0;4;4;0;0;0;1;1;3;
Dorell Wright;;11:28;3;5;2;3;0;0;1;1;2;2;0;0;0;1;8;
Dorell Wright;;18:43;4;7;3;5;0;0;0;4;4;0;0;0;0;1;11;
Dorell Wright;;12:10;2;2;1;1;0;0;0;3;3;1;0;0;1;0;5;
Dorell Wright;;14:35;1;4;1;4;0;0;0;4;4;0;0;0;0;2;3;
Dorell Wright;;13:38;1;4;0;2;0;0;1;2;3;0;0;0;1;2;2;
Dorell Wright;;11:17;0;0;0;0;0;0;1;0;1;0;0;0;0;0;0;
Dorell Wright;;16:27;3;6;3;6;0;0;0;5;5;0;0;0;1;0;9;
Dorell Wright;;12:50;0;4;0;3;0;0;0;1;1;3;0;0;0;0;0;
Dorell Wright;;21:22;2;8;1;4;1;2;0;2;2;2;0;0;0;0;6;
Dorell Wright;;13:16;2;4;1;2;3;4;0;2;2;1;0;1;0;1;8;
Dorell Wright;;14:14;1;4;0;2;0;0;1;3;4;0;0;1;0;2;2;
Dorell Wright;;12:46;1;4;0;3;2;3;2;1;3;0;0;0;1;2;4;
Dorell Wright;;12:06;0;2;0;1;2;2;0;2;2;0;0;0;0;1;2;
Dorell Wright;;15:47;3;7;1;4;0;0;1;2;3;0;0;0;1;1;7;
Dorell Wright;;10:19;2;4;2;3;0;0;0;1;1;0;0;1;2;0;6;
Dorell Wright;;13:19;1;4;0;3;1;3;0;0;0;0;0;0;0;0;3;
Dorell Wright;;16:31;2;9;2;5;0;0;0;0;0;0;0;0;2;3;6;
Dorell Wright;;12:52;2;6;2;6;0;0;1;1;2;1;0;0;1;0;6;
Dorell Wright;;10:44;5;5;5;5;0;0;0;2;2;2;0;0;1;1;15;
Dorell Wright;;13:25;1;2;1;2;0;0;0;1;1;0;2;0;0;0;3;
Dorell Wright;;13:12;1;6;1;4;0;0;0;1;1;0;0;0;0;0;3;
Dorell Wright;;9:58;2;5;1;3;0;0;0;3;3;0;1;0;0;0;5;
Dorell Wright;;14:17;2;3;1;2;2;3;0;2;2;0;0;0;1;1;7;
Dorell Wright;;14:58;2;6;1;4;0;0;0;0;0;2;0;0;0;0;5;
Dorell Wright;;13:16;1;4;0;2;0;0;0;1;1;1;0;1;0;2;2;
Dorell Wright;;11:02;1;5;1;4;3;4;0;0;0;1;1;0;2;1;6;
Dorell Wright;;7:53;0;2;0;2;0;0;1;0;1;0;1;0;0;0;0;
