╔═══════════════╤═══════════════╗
║Name		│Doron Lamb	║
╟───────────────┼───────────────╢
║Number		│1		║
╟───────────────┼───────────────╢
║Position	│G		║
╟───────────────┼───────────────╢
║Height		│6-4		║
╟───────────────┼───────────────╢
║Weight		│200		║
╟───────────────┼───────────────╢
║Birth		│NOV 06, 1991	║
╟───────────────┼───────────────╢
║Age		│22		║
╟───────────────┼───────────────╢
║Exp		│1		║
╟───────────────┼───────────────╢
║School		│Kentucky	║
╚═══════════════╧═══════════════╝
Doron Lamb;;12:42;3;4;1;2;0;0;0;1;1;1;0;0;2;0;7;
Doron Lamb;;9:26;1;4;0;2;0;0;0;1;1;1;1;0;1;0;2;
Doron Lamb;;5:10;0;0;0;0;0;0;0;0;0;0;0;0;0;0;0;
Doron Lamb;;31:38;3;12;1;5;1;2;0;4;4;2;0;0;0;3;8;
Doron Lamb;;17:32;1;4;1;4;1;1;0;0;0;1;1;0;2;2;4;
Doron Lamb;;2:06;0;0;0;0;0;0;0;0;0;0;0;0;0;0;0;
Doron Lamb;;5:24;1;1;1;1;3;3;0;0;0;1;0;0;0;0;6;
Doron Lamb;;18:53;5;6;3;4;0;0;0;1;1;0;0;0;0;6;13;
Doron Lamb;;14:31;2;6;1;3;0;0;0;1;1;0;1;0;0;0;5;
Doron Lamb;;4:42;0;0;0;0;0;0;0;0;0;0;0;0;2;2;0;
Doron Lamb;;5:36;0;0;0;0;0;0;0;0;0;0;0;0;0;0;0;
Doron Lamb;;12:00;3;3;2;2;0;0;0;3;3;1;0;0;1;1;8;
Doron Lamb;;13:44;1;2;0;1;0;0;0;2;2;0;0;0;1;1;2;
Doron Lamb;;11:42;1;2;1;2;0;0;0;0;0;1;0;0;0;0;3;
Doron Lamb;;16:43;1;4;0;2;0;0;0;2;2;0;1;0;0;1;2;
Doron Lamb;;14:43;1;2;1;1;0;0;0;1;1;0;0;0;0;3;3;
Doron Lamb;;2:50;1;1;0;0;0;0;0;0;0;0;0;0;0;0;2;
Doron Lamb;;16:00;1;4;1;1;0;0;0;1;1;0;0;0;0;2;3;
Doron Lamb;;22:41;2;7;2;5;0;0;0;2;2;4;0;0;1;2;6;
Doron Lamb;;18:14;2;3;0;0;7;7;0;1;1;0;0;0;0;1;11;
Doron Lamb;;14:29;0;6;0;2;0;0;1;1;2;0;0;0;0;1;0;
Doron Lamb;;15:13;0;4;0;0;0;0;0;2;2;3;0;0;0;1;0;
Doron Lamb;;13:42;1;3;1;1;2;2;1;0;1;3;1;0;0;1;5;
Doron Lamb;;12:43;0;2;0;0;0;0;0;0;0;0;1;0;0;1;0;
Doron Lamb;;7:08;1;2;1;2;0;0;0;0;0;1;0;0;0;0;3;
Doron Lamb;;13:29;1;2;0;1;0;0;1;4;5;0;0;0;0;0;2;
Doron Lamb;;6:19;1;1;0;0;0;0;1;2;3;0;0;0;0;1;2;
Doron Lamb;;8:49;1;3;0;2;1;1;0;2;2;0;0;0;0;0;3;
Doron Lamb;;22:16;2;5;1;2;0;0;2;1;3;1;0;0;2;4;5;
Doron Lamb;;22:42;3;4;3;4;2;5;1;1;2;1;0;0;1;3;11;
Doron Lamb;;12:54;1;1;0;0;2;2;0;0;0;1;0;0;0;0;4;
Doron Lamb;;4:42;0;1;0;0;0;0;0;0;0;0;0;0;0;0;0;
Doron Lamb;;24:30;3;5;3;5;5;5;0;1;1;1;0;0;4;1;14;
Doron Lamb;;20:57;0;0;0;0;0;0;0;2;2;1;0;0;1;2;0;
Doron Lamb;;16:14;2;4;1;3;0;0;0;0;0;2;0;0;0;0;5;
Doron Lamb;;12:35;0;2;0;2;0;0;0;0;0;3;1;0;0;2;0;
Doron Lamb;;19:07;4;5;3;4;0;0;0;1;1;1;1;0;0;2;11;
Doron Lamb;;26:42;1;7;1;5;0;0;1;0;1;1;1;0;2;2;3;
Doron Lamb;;25:32;3;6;1;2;2;3;0;0;0;2;1;1;1;2;9;
Doron Lamb;;39:59;4;12;3;7;0;0;0;0;0;2;0;0;0;3;11;
Doron Lamb;;11:25;0;2;0;2;0;0;0;1;1;1;0;0;0;1;0;
Doron Lamb;;7:59;0;2;0;1;0;0;0;0;0;1;0;0;0;1;0;
Doron Lamb;;15:27;1;2;1;2;0;0;0;0;0;1;0;0;2;1;3;
Doron Lamb;;4:57;1;1;0;0;0;0;0;0;0;1;0;0;1;0;2;
Doron Lamb;;3:15;0;2;0;2;0;0;0;0;0;0;0;0;0;0;0;
Doron Lamb;;12:11;0;1;0;1;1;1;0;0;0;3;0;0;0;0;1;
Doron Lamb;;8:13;1;2;1;1;0;0;0;1;1;0;0;0;0;0;3;
Doron Lamb;;8:56;1;2;1;2;1;2;0;0;0;0;0;0;1;0;4;
Doron Lamb;;1:15;0;0;0;0;0;0;0;0;0;0;0;0;0;0;0;
Doron Lamb;;9:51;1;2;0;1;0;0;0;0;0;0;0;0;0;1;2;
Doron Lamb;;1:49;0;1;0;1;0;0;0;0;0;0;0;0;0;0;0;
Doron Lamb;;7:25;0;0;0;0;0;0;0;1;1;0;1;0;2;0;0;
Doron Lamb;;6:04;1;3;0;0;1;2;0;1;1;1;0;0;0;0;3;
