╔═══════════════╤═══════════════╗
║Name		│Draymond Green	║
╟───────────────┼───────────────╢
║Number		│23		║
╟───────────────┼───────────────╢
║Position	│F		║
╟───────────────┼───────────────╢
║Height		│6-7		║
╟───────────────┼───────────────╢
║Weight		│230		║
╟───────────────┼───────────────╢
║Birth		│MAR 04, 1990	║
╟───────────────┼───────────────╢
║Age		│24		║
╟───────────────┼───────────────╢
║Exp		│1		║
╟───────────────┼───────────────╢
║School		│Michigan State	║
╚═══════════════╧═══════════════╝
Draymond Green;;25:29;2;5;0;0;0;0;2;5;7;3;4;1;2;4;4;
Draymond Green;;17:30;0;3;0;2;0;2;0;2;2;1;2;2;2;4;0;
Draymond Green;;8:11;1;4;1;2;0;0;1;0;1;0;1;0;0;0;3;
Draymond Green;;19:45;2;6;0;1;0;0;0;3;3;1;2;0;1;0;4;
Draymond Green;;16:29;1;3;0;1;2;4;1;4;5;2;1;0;1;5;4;
Draymond Green;;19:42;3;8;0;2;1;2;2;2;4;2;2;0;1;3;7;
Draymond Green;;17:23;3;5;2;2;3;3;2;2;4;3;1;0;0;2;11;
Draymond Green;;26:11;3;4;1;1;3;6;2;3;5;3;1;0;0;4;10;
Draymond Green;;15:44;1;1;0;0;2;4;0;3;3;0;0;1;0;3;4;
Draymond Green;;17:26;1;7;0;2;3;4;3;3;6;0;0;0;0;2;5;
Draymond Green;;13:38;1;4;0;1;2;2;1;4;5;5;2;0;0;2;4;
Draymond Green;;18:06;1;4;0;2;0;0;0;6;6;0;1;1;0;6;2;
Draymond Green;;16:46;4;8;0;1;0;0;0;3;3;1;1;0;1;1;8;
Draymond Green;;13:52;1;3;0;1;0;2;0;1;1;0;0;1;0;3;2;
Draymond Green;;29:09;3;6;0;2;1;2;2;1;3;1;4;1;1;5;7;
Draymond Green;;12:25;0;6;0;1;2;2;1;2;3;1;0;0;0;1;2;
Draymond Green;F;27:26;4;9;0;2;1;3;3;4;7;1;0;2;1;3;9;
Draymond Green;F;27:12;2;6;0;2;1;2;2;4;6;4;0;1;4;4;5;
Draymond Green;F;28:10;3;8;1;2;4;4;1;10;11;1;0;4;1;3;11;
Draymond Green;F;31:27;3;7;0;1;2;2;2;6;8;2;2;3;2;0;8;
Draymond Green;;27:48;5;8;0;2;2;2;2;6;8;2;2;0;1;4;12;
Draymond Green;;11:49;1;4;0;1;2;2;1;1;2;3;1;2;1;5;4;
Draymond Green;F;37:33;5;16;0;2;8;10;4;6;10;2;3;0;0;4;18;
Draymond Green;;20:02;3;4;0;0;0;0;1;4;5;1;2;1;1;4;6;
Draymond Green;;14:45;0;5;0;1;0;0;1;1;2;1;1;0;0;4;0;
Draymond Green;;22:39;2;6;1;1;0;0;1;1;2;1;3;1;0;1;5;
Draymond Green;;17:01;1;4;0;0;0;0;0;2;2;5;1;0;0;1;2;
Draymond Green;;21:10;4;7;2;4;0;0;1;6;7;3;1;0;1;1;10;
Draymond Green;;23:16;3;7;0;2;1;2;1;4;5;4;2;1;3;4;7;
Draymond Green;;24:32;3;7;2;4;0;0;0;4;4;5;4;0;2;3;8;
Draymond Green;;22:28;5;8;1;3;2;2;1;0;1;0;0;2;2;6;13;
Draymond Green;;17:35;2;4;2;2;0;0;0;6;6;3;3;0;2;4;6;
Draymond Green;;21:49;1;4;1;3;7;9;0;3;3;3;1;1;2;5;10;
Draymond Green;;28:02;7;12;2;5;2;2;2;7;9;1;0;0;1;2;18;
Draymond Green;;23:31;1;3;0;2;3;4;0;8;8;2;2;1;2;6;5;
Draymond Green;F;35:40;2;11;0;2;2;2;1;8;9;3;2;0;2;4;6;
Draymond Green;;29:11;2;6;0;2;1;2;3;2;5;3;1;1;1;5;5;
Draymond Green;;21:42;3;5;0;1;2;2;0;6;6;1;2;2;0;3;8;
Draymond Green;;32:14;5;11;2;4;0;0;2;7;9;1;0;1;0;3;12;
Draymond Green;;31:39;2;5;0;0;0;0;3;2;5;1;1;3;2;3;4;
Draymond Green;F;42:05;4;9;1;1;0;0;1;6;7;6;2;1;2;3;9;
Draymond Green;F;32:05;4;10;0;2;0;0;0;8;8;4;0;2;1;3;8;
Draymond Green;F;31:15;4;11;2;6;0;0;3;7;10;4;2;2;1;4;10;
Draymond Green;F;26:39;5;6;1;1;0;0;0;4;4;1;1;1;2;2;11;
Draymond Green;F;24:12;2;5;0;1;0;0;0;2;2;2;1;0;3;3;4;
Draymond Green;F;31:36;3;6;2;2;1;2;1;6;7;2;4;1;1;3;9;
Draymond Green;;22:19;1;3;1;2;0;0;1;3;4;2;1;0;2;3;3;
Draymond Green;;38:19;7;9;4;5;2;2;2;10;12;5;4;2;3;4;20;
Draymond Green;;2:49;1;3;0;2;0;0;2;2;4;0;0;0;0;1;2;
Draymond Green;;18:59;3;4;1;1;0;0;0;7;7;2;0;2;0;1;7;
Draymond Green;;21:28;1;3;1;1;1;4;2;6;8;1;2;0;2;5;4;
Draymond Green;;23:58;2;4;1;2;1;2;0;3;3;0;3;0;1;1;6;
Draymond Green;;20:50;1;4;0;1;0;0;0;9;9;2;2;2;1;2;2;
Draymond Green;;17:07;0;3;0;2;0;0;1;5;6;1;1;1;3;2;0;
Draymond Green;;14:58;2;2;1;1;0;0;0;2;2;1;0;2;0;0;5;
Draymond Green;;20:52;2;6;1;4;1;2;1;2;3;0;2;0;3;2;6;
Draymond Green;;17:34;2;3;1;2;0;0;0;3;3;2;1;0;1;1;5;
Draymond Green;;10:05;2;4;0;0;0;0;2;1;3;0;1;0;0;1;4;
Draymond Green;;9:29;1;4;0;2;0;0;0;0;0;1;0;0;1;1;2;
Draymond Green;;16:11;2;3;1;2;2;4;0;4;4;1;0;1;0;2;7;
Draymond Green;;14:23;2;4;1;3;0;0;0;4;4;0;0;1;0;2;5;
Draymond Green;;27:20;4;5;2;3;2;2;1;3;4;1;2;0;1;3;12;
Draymond Green;;15:28;1;4;0;1;2;2;0;3;3;0;0;0;0;4;4;
Draymond Green;;23:51;2;6;1;4;2;4;1;1;2;3;3;3;0;1;7;
Draymond Green;;27:45;0;3;0;2;1;2;1;4;5;3;0;3;4;3;1;
Draymond Green;;13:41;3;5;1;3;0;0;1;1;2;0;1;0;2;2;7;
Draymond Green;;21:26;3;4;2;2;1;2;2;3;5;4;1;0;0;2;9;
Draymond Green;;26:40;1;5;1;4;0;0;0;5;5;2;3;0;0;5;3;
Draymond Green;;29:49;0;4;0;1;1;2;2;6;8;1;0;0;1;4;1;
Draymond Green;;21:07;2;5;1;3;0;0;0;5;5;1;0;0;1;4;5;
Draymond Green;;17:60;1;5;1;5;0;0;0;3;3;0;0;1;0;1;3;
Draymond Green;;27:43;4;5;1;1;0;2;2;3;5;4;1;2;1;2;9;
Draymond Green;;20:54;2;7;2;4;0;0;0;3;3;2;0;1;2;5;6;
Draymond Green;;24:52;2;4;1;1;0;0;0;6;6;3;1;0;3;4;5;
Draymond Green;;27:11;2;10;1;2;2;4;2;5;7;1;0;0;1;3;7;
Draymond Green;;16:25;1;4;0;1;0;0;0;2;2;2;2;0;1;3;2;
Draymond Green;;20:45;2;4;1;3;2;2;1;4;5;4;2;0;3;2;7;
Draymond Green;;17:02;1;4;1;2;0;0;1;0;1;2;0;3;2;3;3;
Draymond Green;;7:48;0;3;0;2;0;0;0;0;0;1;0;0;1;2;0;
Draymond Green;;18:04;4;7;1;3;2;2;1;5;6;1;0;0;0;0;11;
Draymond Green;;25:06;2;10;1;4;0;0;5;7;12;2;1;4;1;3;5;
Draymond Green;;21:56;3;5;0;2;0;0;1;8;9;2;2;4;0;2;6;
