╔═══════════════╤═══════════════╗
║Name		│Drew Gooden	║
╟───────────────┼───────────────╢
║Number		│90		║
╟───────────────┼───────────────╢
║Position	│F		║
╟───────────────┼───────────────╢
║Height		│6-10		║
╟───────────────┼───────────────╢
║Weight		│250		║
╟───────────────┼───────────────╢
║Birth		│SEP 24, 1981	║
╟───────────────┼───────────────╢
║Age		│32		║
╟───────────────┼───────────────╢
║Exp		│11		║
╟───────────────┼───────────────╢
║School		│Kansas		║
╚═══════════════╧═══════════════╝
Drew Gooden;;8:08;0;2;0;0;0;0;3;3;6;0;0;0;1;4;0;
Drew Gooden;;5:23;0;2;0;0;0;0;1;0;1;0;0;0;1;2;0;
Drew Gooden;;19:09;6;7;0;0;0;0;0;3;3;2;1;0;1;2;12;
Drew Gooden;;16:47;6;9;1;2;0;0;3;2;5;1;1;2;1;1;13;
Drew Gooden;;17:13;7;12;1;2;0;0;2;1;3;0;0;0;0;0;15;
Drew Gooden;;17:52;2;5;0;0;0;0;2;6;8;0;0;2;2;1;4;
Drew Gooden;;6:33;0;3;0;0;0;0;0;3;3;0;0;0;0;1;0;
Drew Gooden;;26:05;8;11;1;2;4;4;1;8;9;1;0;1;0;5;21;
Drew Gooden;;27:37;7;10;2;2;2;2;2;4;6;2;2;0;2;2;18;
Drew Gooden;;26:28;6;13;0;2;6;6;5;4;9;1;1;0;1;3;18;
Drew Gooden;;19:16;5;8;0;1;1;1;3;8;11;0;0;0;1;5;11;
Drew Gooden;;18:01;7;12;0;0;1;1;0;3;3;0;1;0;0;1;15;
Drew Gooden;;18:21;3;5;0;0;0;0;3;4;7;0;0;0;0;1;6;
Drew Gooden;;20:18;1;5;0;0;1;2;0;6;6;1;0;0;1;4;3;
Drew Gooden;;28:55;5;5;1;1;5;7;2;6;8;1;2;0;2;3;16;
Drew Gooden;;27:13;5;12;0;2;2;2;4;4;8;2;2;0;0;5;12;
Drew Gooden;;18:06;1;5;0;1;0;0;0;2;2;1;0;1;2;3;2;
Drew Gooden;;14:60;2;4;0;0;0;0;3;2;5;1;0;0;2;2;4;
Drew Gooden;;21:39;2;5;0;1;0;0;1;3;4;0;0;0;0;3;4;
Drew Gooden;;14:24;1;2;0;0;0;0;1;2;3;1;0;0;0;1;2;
Drew Gooden;;16:50;1;4;0;0;2;2;1;2;3;0;0;1;0;3;4;
Drew Gooden;;5:50;1;2;1;1;0;0;0;1;1;1;0;0;0;1;3;
