╔═══════════════╤═══════════════════════════════════════╗
║Name		│Dwight Howard				║
╟───────────────┼───────────────────────────────────────╢
║Number		│12					║
╟───────────────┼───────────────────────────────────────╢
║Position	│C-F					║
╟───────────────┼───────────────────────────────────────╢
║Height		│6-11					║
╟───────────────┼───────────────────────────────────────╢
║Weight		│265					║
╟───────────────┼───────────────────────────────────────╢
║Birth		│DEC 08, 1985				║
╟───────────────┼───────────────────────────────────────╢
║Age		│28					║
╟───────────────┼───────────────────────────────────────╢
║Exp		│9					║
╟───────────────┼───────────────────────────────────────╢
║School		│SW Atlanta Christian Academy (GA)	║
╚═══════════════╧═══════════════════════════════════════╝
Dwight Howard;C;38:28;6;11;0;0;3;6;2;5;7;0;1;3;1;3;15;
Dwight Howard;C;38:06;5;14;0;0;10;24;4;9;13;3;4;1;0;4;20;
Dwight Howard;C;37:16;7;11;0;0;1;2;4;7;11;1;1;2;1;4;15;
Dwight Howard;C;34:18;10;17;0;0;3;10;2;5;7;2;1;0;5;5;23;
Dwight Howard;C;36:50;11;17;0;1;10;18;3;8;11;2;0;1;2;2;32;
Dwight Howard;C;29:51;4;5;0;0;4;11;4;7;11;2;2;3;3;5;12;
Dwight Howard;C;29:50;5;13;0;0;1;2;3;5;8;2;0;3;3;5;11;
Dwight Howard;C;34:53;8;11;1;1;3;7;4;10;14;2;0;1;0;4;20;
Dwight Howard;C;37:50;9;15;0;0;6;9;4;8;12;3;1;0;4;4;24;
Dwight Howard;C;32:28;10;13;0;0;6;17;4;9;13;1;1;4;2;1;26;
Dwight Howard;C;30:20;5;10;0;0;1;2;1;11;12;0;0;2;3;5;11;
Dwight Howard;C;33:15;4;11;0;0;2;6;2;10;12;1;2;1;4;3;10;
Dwight Howard;C;35:35;5;15;0;0;13;25;7;9;16;0;0;1;6;4;23;
Dwight Howard;C;35:47;6;10;0;0;9;11;0;5;5;1;1;1;4;4;21;
Dwight Howard;C;35:48;10;12;0;0;6;8;1;5;6;1;1;3;4;2;26;
Dwight Howard;C;38:59;11;17;0;0;12;18;0;14;14;0;3;2;5;4;34;
Dwight Howard;C;37:01;11;19;0;0;5;7;1;12;13;5;1;2;2;3;27;
Dwight Howard;C;39:28;7;13;0;0;4;5;4;11;15;2;1;3;6;4;18;
Dwight Howard;C;37:19;7;9;0;0;10;16;2;14;16;1;2;3;7;3;24;
Dwight Howard;C;28:25;9;14;0;0;2;6;6;7;13;1;2;3;4;0;20;
Dwight Howard;C;37:55;4;13;0;0;3;8;6;15;21;3;0;4;2;5;11;
Dwight Howard;C;34:28;10;12;0;0;5;7;3;6;9;2;0;2;4;1;25;
Dwight Howard;C;24:31;7;9;0;0;6;10;1;10;11;3;0;2;1;4;20;
Dwight Howard;C;34:57;9;12;0;0;5;9;3;8;11;2;0;1;3;2;23;
Dwight Howard;C;35:15;5;7;0;1;7;9;4;4;8;4;0;0;3;4;17;
Dwight Howard;C;36:29;8;13;0;0;6;8;3;13;16;1;0;0;2;2;22;
Dwight Howard;C;30:47;8;12;0;0;3;6;6;7;13;1;2;0;6;2;19;
Dwight Howard;C;27:59;6;11;0;0;3;5;1;5;6;4;0;1;2;3;15;
Dwight Howard;C;38:43;5;10;0;0;7;13;4;8;12;1;1;3;5;3;17;
Dwight Howard;C;32:54;4;12;0;0;1;6;2;8;10;0;0;1;2;4;9;
Dwight Howard;C;28:35;5;7;0;0;2;2;5;5;10;1;0;4;7;2;12;
Dwight Howard;C;37:48;9;12;0;0;3;6;3;11;14;5;0;2;2;3;21;
Dwight Howard;C;32:34;4;9;0;0;2;4;3;7;10;4;2;1;2;5;10;
Dwight Howard;C;26:10;6;6;0;0;5;9;3;10;13;0;2;3;3;3;17;
Dwight Howard;C;29:13;5;8;0;0;3;8;0;6;6;2;1;2;1;3;13;
Dwight Howard;C;31:25;9;11;0;0;2;4;5;12;17;0;0;0;2;3;20;
Dwight Howard;C;25:31;1;5;0;1;5;7;0;4;4;4;0;3;3;3;7;
Dwight Howard;F;34:41;8;14;0;0;1;4;6;20;26;2;0;2;4;3;17;
Dwight Howard;F;31:44;4;10;0;0;5;12;5;11;16;0;1;1;3;4;13;
Dwight Howard;F;37:13;4;8;0;0;7;10;2;7;9;1;1;2;2;3;15;
Dwight Howard;F;25:49;4;9;0;0;5;10;2;7;9;0;0;1;2;4;13;
Dwight Howard;F;38:22;10;13;0;0;9;12;4;9;13;2;0;1;6;4;29;
Dwight Howard;F;36:31;5;10;0;0;5;16;1;13;14;2;0;1;4;4;15;
Dwight Howard;F;39:22;8;14;0;0;5;11;4;4;8;0;0;2;2;5;21;
Dwight Howard;F;39:54;7;12;0;0;4;12;5;16;21;1;1;5;3;5;18;
Dwight Howard;C;42:05;9;20;0;1;5;9;4;11;15;7;2;6;2;4;23;
Dwight Howard;C;34:02;1;5;0;0;5;8;6;9;15;2;0;4;5;4;7;
Dwight Howard;C;28:34;4;6;0;0;17;24;0;7;7;1;0;1;4;5;25;
Dwight Howard;C;27:52;3;4;0;0;4;8;1;11;12;2;2;3;3;3;10;
Dwight Howard;C;36:15;12;16;0;0;9;13;3;8;11;1;0;0;1;3;33;
Dwight Howard;C;33:46;5;9;0;0;1;2;4;9;13;4;1;4;3;4;11;
Dwight Howard;C;27:01;6;10;0;0;3;6;2;5;7;1;0;1;5;3;15;
Dwight Howard;C;26:03;4;6;0;0;3;8;3;5;8;4;2;1;2;3;11;
Dwight Howard;C;17:27;5;10;0;0;2;2;2;5;7;2;1;0;2;4;12;
Dwight Howard;C;34:36;4;6;0;0;5;8;2;9;11;1;0;0;2;4;13;
Dwight Howard;C;32:44;7;12;0;0;1;4;4;5;9;2;0;0;3;3;15;
Dwight Howard;C;35:55;4;11;0;0;7;9;8;10;18;0;1;0;5;2;15;
Dwight Howard;C;35:14;5;8;0;0;12;20;6;12;18;1;3;1;3;2;22;
Dwight Howard;C;34:05;6;12;0;0;8;14;8;14;22;3;2;3;4;4;20;
Dwight Howard;C;42:07;14;22;0;1;4;6;5;12;17;1;2;3;1;2;32;
Dwight Howard;C;30:54;5;6;1;1;7;7;2;9;11;3;0;1;5;5;18;
Dwight Howard;C;30:56;4;7;0;0;5;13;2;8;10;0;1;3;5;4;13;
Dwight Howard;C;34:29;11;14;0;0;1;1;1;8;9;0;1;1;2;2;23;
Dwight Howard;C;31:26;9;16;0;0;1;3;3;9;12;2;1;5;3;2;19;
Dwight Howard;C;39:47;13;18;0;0;9;14;4;15;19;5;1;3;5;2;35;
Dwight Howard;C;40:48;10;16;0;0;9;13;5;10;15;4;1;0;4;2;29;
Dwight Howard;C;34:32;7;12;0;0;1;4;4;16;20;3;0;2;5;5;15;
Dwight Howard;C;18:05;1;5;0;0;0;0;1;5;6;0;2;0;1;5;2;
Dwight Howard;C;42:14;10;11;0;0;4;6;6;12;18;3;1;1;8;4;24;
Dwight Howard;C;25:16;4;13;0;0;1;7;2;7;9;1;1;1;1;3;9;
Dwight Howard;C;44:42;5;9;0;0;5;11;3;5;8;2;0;1;3;3;15;
