╔═══════════════╤═══════════════╗
║Name		│Dwight Buycks	║
╟───────────────┼───────────────╢
║Number		│13		║
╟───────────────┼───────────────╢
║Position	│G		║
╟───────────────┼───────────────╢
║Height		│6-3		║
╟───────────────┼───────────────╢
║Weight		│190		║
╟───────────────┼───────────────╢
║Birth		│MAR 06, 1989	║
╟───────────────┼───────────────╢
║Age		│25		║
╟───────────────┼───────────────╢
║Exp		│R		║
╟───────────────┼───────────────╢
║School		│Marquette	║
╚═══════════════╧═══════════════╝
Dwight Buycks;;2:33;0;0;0;0;0;0;0;0;0;0;0;0;0;0;0;
Dwight Buycks;;22:20;1;7;0;2;0;0;1;2;3;0;2;0;4;1;2;
Dwight Buycks;;5:46;1;3;1;1;0;0;0;0;0;0;0;0;1;1;3;
Dwight Buycks;;1:54;1;1;0;0;1;1;0;1;1;0;0;0;0;0;3;
Dwight Buycks;;20:47;1;3;0;1;0;0;0;2;2;2;1;0;1;2;2;
Dwight Buycks;;13:32;2;6;0;1;1;1;2;1;3;0;0;0;1;1;5;
Dwight Buycks;;11:48;0;1;0;0;4;4;1;2;3;0;1;0;1;0;4;
Dwight Buycks;;17:37;0;5;0;4;0;0;0;2;2;1;0;0;1;2;0;
Dwight Buycks;;7:54;2;3;0;0;1;2;0;1;1;0;0;0;1;0;5;
Dwight Buycks;;10:29;1;4;1;3;0;0;0;2;2;2;0;0;0;2;3;
Dwight Buycks;;5:38;1;3;1;2;0;0;0;1;1;1;0;0;0;1;3;
Dwight Buycks;;5:01;1;3;1;2;0;0;0;0;0;1;1;0;0;0;3;
Dwight Buycks;;18:03;4;9;1;1;1;1;0;5;5;3;3;0;0;1;10;
Dwight Buycks;;1:00;0;0;0;0;0;0;0;0;0;0;0;0;0;0;0;
