╔═══════════════╤═══════════════╗
║Name		│Dwyane Wade	║
╟───────────────┼───────────────╢
║Number		│3		║
╟───────────────┼───────────────╢
║Position	│G		║
╟───────────────┼───────────────╢
║Height		│6-4		║
╟───────────────┼───────────────╢
║Weight		│220		║
╟───────────────┼───────────────╢
║Birth		│JAN 17, 1982	║
╟───────────────┼───────────────╢
║Age		│32		║
╟───────────────┼───────────────╢
║Exp		│10		║
╟───────────────┼───────────────╢
║School		│Marquette	║
╚═══════════════╧═══════════════╝
Dwyane Wade;G;35:45;9;18;2;2;2;2;1;3;4;5;3;0;2;4;22;
Dwyane Wade;G;35:58;8;15;0;0;4;5;1;5;6;4;1;0;2;2;20;
Dwyane Wade;G;34:40;5;13;0;0;4;4;2;7;9;3;2;1;1;1;14;
Dwyane Wade;G;34:20;9;15;0;1;4;5;3;5;8;8;0;0;4;1;22;
Dwyane Wade;G;39:06;11;15;1;1;0;6;1;3;4;2;1;1;3;3;23;
Dwyane Wade;G;32:52;4;11;0;0;0;0;1;5;6;5;0;0;3;0;8;
Dwyane Wade;G;25:06;3;6;0;0;2;2;1;1;2;2;1;3;1;3;8;
Dwyane Wade;;23:42;3;8;0;0;2;2;0;3;3;5;1;0;2;3;8;
Dwyane Wade;G;31:31;7;12;0;1;1;2;1;0;1;2;0;2;4;3;15;
Dwyane Wade;G;33:45;10;15;0;2;2;3;1;3;4;4;2;0;5;4;22;
Dwyane Wade;G;37:09;13;19;1;1;3;4;2;8;10;5;0;0;6;2;30;
Dwyane Wade;G;35:08;5;8;0;0;4;4;0;3;3;8;0;0;2;3;14;
Dwyane Wade;G;36:25;7;14;0;0;5;5;0;6;6;2;0;0;3;4;19;
Dwyane Wade;G;33:42;4;7;0;0;5;6;1;2;3;7;0;1;1;1;13;
Dwyane Wade;G;36:35;11;17;0;0;2;2;2;5;7;10;3;0;3;3;24;
Dwyane Wade;G;35:10;10;22;0;0;3;3;7;3;10;7;2;1;3;0;23;
Dwyane Wade;G;27:10;10;13;0;0;3;4;0;2;2;1;1;0;4;1;23;
Dwyane Wade;G;30:02;10;14;0;0;4;5;2;1;3;4;1;1;3;0;24;
Dwyane Wade;G;37:04;8;15;0;1;8;12;3;1;4;6;2;0;3;1;24;
Dwyane Wade;G;36:09;7;15;0;1;2;3;0;3;3;7;1;0;2;2;16;
Dwyane Wade;G;39:31;7;16;0;2;11;12;1;4;5;4;2;0;4;3;25;
Dwyane Wade;G;33:27;8;17;0;0;6;6;2;3;5;6;1;1;3;1;22;
Dwyane Wade;G;37:10;8;11;0;0;6;7;0;2;2;2;0;1;2;4;22;
Dwyane Wade;G;35:02;8;18;0;0;3;5;1;4;5;6;0;0;2;1;19;
Dwyane Wade;G;34:22;10;15;0;0;4;7;1;2;3;6;2;1;1;1;24;
Dwyane Wade;G;32:02;7;17;0;1;3;3;2;1;3;5;1;1;3;1;17;
Dwyane Wade;G;33:02;5;11;0;0;4;4;2;2;4;4;2;0;3;0;14;
Dwyane Wade;G;31:34;6;11;0;0;3;6;0;4;4;1;1;1;6;2;15;
Dwyane Wade;G;23:18;10;14;0;1;4;9;1;2;3;1;1;1;2;2;24;
Dwyane Wade;F;18:27;4;9;0;1;1;2;0;0;0;3;2;0;4;0;9;
Dwyane Wade;G;23:04;6;14;0;2;4;6;1;1;2;4;0;0;3;1;16;
Dwyane Wade;G;36:07;5;13;1;1;2;5;0;4;4;3;1;1;3;4;13;
Dwyane Wade;G;37:35;5;12;1;2;10;11;2;3;5;4;2;0;3;4;21;
Dwyane Wade;G;34:52;8;15;0;2;4;8;1;4;5;5;2;2;5;1;20;
Dwyane Wade;G;33:31;9;19;0;1;2;2;1;5;6;5;2;0;2;1;20;
Dwyane Wade;G;33:54;13;22;0;1;3;4;1;3;4;7;3;1;7;1;29;
Dwyane Wade;G;33:48;7;14;0;0;4;8;0;3;3;7;2;0;1;1;18;
Dwyane Wade;G;30:32;4;7;0;0;0;0;0;7;7;5;2;2;6;3;8;
Dwyane Wade;G;36:09;7;14;0;0;3;7;1;4;5;8;8;0;0;2;17;
Dwyane Wade;G;22:58;1;7;0;0;2;4;0;2;2;3;0;1;4;3;4;
Dwyane Wade;G;34:11;9;16;0;0;9;10;1;3;4;4;1;0;1;2;27;
Dwyane Wade;G;33:04;9;13;0;0;3;3;2;4;6;12;0;0;3;2;21;
Dwyane Wade;G;35:56;10;14;0;0;2;2;1;3;4;3;2;0;6;1;22;
Dwyane Wade;G;34:28;9;16;0;0;4;5;1;6;7;6;4;0;5;4;22;
Dwyane Wade;G;34:58;6;10;0;1;5;6;0;3;3;4;1;2;5;4;17;
Dwyane Wade;G;32:05;7;14;0;0;5;5;0;5;5;4;1;1;5;4;19;
Dwyane Wade;G;34:54;6;14;0;1;5;6;1;5;6;6;3;0;1;1;17;
Dwyane Wade;G;33:46;9;15;0;0;6;9;3;3;6;3;1;0;1;3;24;
Dwyane Wade;G;30:40;9;14;0;0;9;10;1;4;5;2;0;1;3;3;27;
Dwyane Wade;G;37:10;15;25;0;1;2;3;1;2;3;1;3;0;2;1;32;
Dwyane Wade;G;30:55;9;16;2;3;0;1;1;4;5;5;3;0;2;1;20;
Dwyane Wade;G;38:46;11;17;1;1;0;2;1;5;6;7;3;0;3;1;23;
Dwyane Wade;G;33:48;8;20;0;0;0;1;1;3;4;7;1;1;3;2;16;
Dwyane Wade;G;18:17;6;9;0;1;0;0;0;2;2;2;1;1;0;0;12;
