╔═══════════════╤═══════════════╗
║Name		│E'Twaun Moore	║
╟───────────────┼───────────────╢
║Number		│55		║
╟───────────────┼───────────────╢
║Position	│G		║
╟───────────────┼───────────────╢
║Height		│6-4		║
╟───────────────┼───────────────╢
║Weight		│191		║
╟───────────────┼───────────────╢
║Birth		│FEB 25, 1989	║
╟───────────────┼───────────────╢
║Age		│25		║
╟───────────────┼───────────────╢
║Exp		│2		║
╟───────────────┼───────────────╢
║School		│Purdue		║
╚═══════════════╧═══════════════╝
E'Twaun Moore;;13:35;1;2;1;2;0;2;0;1;1;2;0;0;0;1;3;
E'Twaun Moore;;14:53;2;5;0;1;2;2;0;1;1;0;2;0;2;3;6;
E'Twaun Moore;;16:48;0;4;0;2;0;2;1;1;2;0;2;0;0;2;0;
E'Twaun Moore;;1:13;0;0;0;0;1;2;0;0;0;0;0;0;0;0;1;
E'Twaun Moore;;16:08;2;8;0;4;0;0;0;0;0;1;2;0;0;2;4;
E'Twaun Moore;;24:52;5;10;0;1;0;0;0;3;3;2;0;1;2;1;10;
E'Twaun Moore;;20:10;2;7;0;3;0;0;0;0;0;3;1;1;0;2;4;
E'Twaun Moore;;19:40;1;1;0;0;0;0;0;3;3;1;0;0;1;0;2;
E'Twaun Moore;;17:47;3;4;1;2;0;0;0;1;1;4;2;0;2;2;7;
E'Twaun Moore;;21:46;1;5;1;3;0;0;0;2;2;0;2;1;0;4;3;
E'Twaun Moore;;24:33;5;8;1;2;2;2;0;2;2;2;0;0;0;2;13;
E'Twaun Moore;;null;1;4;0;0;0;0;0;1;1;1;3;0;1;2;2;
E'Twaun Moore;;7:10;2;3;0;0;0;0;0;1;1;0;0;0;0;1;4;
E'Twaun Moore;;14:17;3;7;0;1;0;0;1;2;3;0;0;0;0;3;6;
E'Twaun Moore;;22:21;3;6;1;2;3;3;1;1;2;2;0;1;0;1;10;
E'Twaun Moore;;19:41;4;8;1;2;0;0;0;2;2;0;1;0;0;2;9;
E'Twaun Moore;;24:16;5;7;3;5;0;0;0;2;2;1;2;1;0;5;13;
E'Twaun Moore;;10:08;1;3;0;1;0;0;0;0;0;0;1;0;2;0;2;
E'Twaun Moore;;13:30;2;5;1;2;1;2;0;1;1;2;0;0;1;0;6;
E'Twaun Moore;;16:13;2;5;0;1;0;1;0;1;1;2;0;0;1;0;4;
E'Twaun Moore;;13:30;3;4;0;1;0;0;1;1;2;2;0;0;1;1;6;
E'Twaun Moore;;12:59;1;3;0;1;0;0;0;0;0;1;1;0;1;2;2;
E'Twaun Moore;;14:07;4;7;0;1;0;0;0;0;0;0;0;0;0;0;8;
E'Twaun Moore;;23:12;6;12;3;6;2;2;0;1;1;0;1;2;3;2;17;
E'Twaun Moore;;17:44;1;6;0;3;0;0;0;1;1;0;1;0;0;1;2;
E'Twaun Moore;;28:34;4;10;1;2;1;1;0;1;1;2;0;0;0;0;10;
E'Twaun Moore;;27:51;7;15;1;3;1;2;2;2;4;3;2;1;0;1;16;
E'Twaun Moore;;15:00;1;4;1;2;0;0;0;3;3;1;1;0;1;1;3;
E'Twaun Moore;;19:02;2;4;1;2;0;0;1;1;2;2;0;0;1;1;5;
E'Twaun Moore;;33:55;4;7;1;2;1;2;0;0;0;1;1;0;2;2;10;
E'Twaun Moore;;32:15;4;10;0;1;3;4;0;1;1;2;1;0;1;2;11;
E'Twaun Moore;;26:08;3;6;1;2;2;2;0;2;2;2;1;0;0;2;9;
E'Twaun Moore;;16:34;3;4;2;3;0;0;0;4;4;4;0;0;0;2;8;
E'Twaun Moore;;18:06;4;7;0;2;0;0;0;0;0;3;1;0;1;3;8;
E'Twaun Moore;;17:07;3;7;2;3;0;0;0;2;2;1;2;0;1;1;8;
E'Twaun Moore;;17:59;3;6;2;3;0;0;0;1;1;0;0;1;0;3;8;
E'Twaun Moore;;29:00;3;8;0;4;0;1;0;1;1;1;0;0;1;1;6;
E'Twaun Moore;;20:24;0;7;0;0;0;0;3;2;5;0;2;0;1;0;0;
E'Twaun Moore;;12:19;2;5;1;3;0;0;1;1;2;0;0;0;0;1;5;
E'Twaun Moore;;8:54;0;3;0;2;0;0;0;0;0;0;0;0;0;0;0;
E'Twaun Moore;;14:04;0;3;0;1;1;2;1;3;4;1;1;0;0;4;1;
E'Twaun Moore;;13:26;1;5;0;2;1;2;1;3;4;0;1;0;1;0;3;
E'Twaun Moore;;12:54;0;1;0;0;1;1;0;2;2;3;1;0;0;0;1;
E'Twaun Moore;;19:15;4;7;2;4;0;0;0;0;0;0;0;0;0;3;10;
E'Twaun Moore;;20:36;3;7;0;0;0;0;0;2;2;2;0;1;2;1;6;
E'Twaun Moore;;14:46;4;5;1;2;0;0;1;1;2;2;0;0;0;1;9;
E'Twaun Moore;;18:25;6;6;5;5;0;0;0;0;0;1;1;0;0;2;17;
E'Twaun Moore;;13:15;0;2;0;2;5;6;0;1;1;2;0;0;2;1;5;
E'Twaun Moore;;24:17;3;6;0;1;2;2;0;0;0;3;1;0;2;0;8;
E'Twaun Moore;;20:40;2;6;0;1;1;1;1;1;2;2;1;0;1;1;5;
E'Twaun Moore;;30:36;5;12;0;2;3;3;1;5;6;3;0;0;0;1;13;
E'Twaun Moore;;25:45;3;6;0;1;0;0;1;0;1;1;2;0;2;2;6;
E'Twaun Moore;;21:08;4;11;2;3;0;0;0;1;1;0;1;1;1;2;10;
E'Twaun Moore;;22:16;1;2;1;2;2;2;0;0;0;3;1;0;0;2;5;
E'Twaun Moore;;13:44;2;3;1;1;0;0;0;1;1;0;0;0;1;1;5;
E'Twaun Moore;;26:49;5;8;2;3;0;0;0;2;2;1;1;0;0;4;12;
E'Twaun Moore;;19:24;3;7;0;1;1;1;0;1;1;3;0;0;0;0;7;
E'Twaun Moore;;24:40;2;5;1;1;2;3;1;1;2;2;1;0;0;1;7;
E'Twaun Moore;;24:52;4;6;0;1;3;3;0;3;3;2;1;0;2;3;11;
E'Twaun Moore;;17:23;1;8;0;3;0;0;0;0;0;0;0;1;0;2;2;
E'Twaun Moore;;29:00;2;4;0;1;1;1;2;2;4;2;1;0;1;5;5;
E'Twaun Moore;;16:19;1;3;0;1;0;0;0;1;1;3;1;0;2;1;2;
E'Twaun Moore;;21:57;5;5;4;4;0;0;0;1;1;1;0;0;2;1;14;
E'Twaun Moore;;13:44;1;2;1;2;0;0;0;1;1;0;0;0;0;0;3;
E'Twaun Moore;;30:02;5;8;1;3;1;1;0;3;3;5;2;0;1;2;12;
E'Twaun Moore;;29:43;2;8;1;4;2;2;1;5;6;3;1;0;2;0;7;
E'Twaun Moore;G;32:24;2;8;2;5;0;0;0;3;3;3;1;0;1;0;6;
E'Twaun Moore;G;28:12;1;8;0;3;4;4;1;2;3;0;2;0;1;4;6;
E'Twaun Moore;G;21:43;1;4;0;2;0;0;1;1;2;2;1;0;0;1;2;
E'Twaun Moore;;19:42;1;5;0;3;0;0;0;0;0;1;0;0;2;0;2;
E'Twaun Moore;;22:07;4;10;2;5;2;3;2;3;5;3;2;0;0;0;12;
E'Twaun Moore;;8:17;0;2;0;0;0;0;0;0;0;0;0;0;0;0;0;
E'Twaun Moore;;24:27;5;9;0;1;0;0;2;3;5;2;1;0;0;2;10;
E'Twaun Moore;;15:28;1;5;1;3;0;0;0;0;0;2;0;0;1;0;3;
E'Twaun Moore;;6:14;1;2;0;1;0;0;0;1;1;1;0;0;0;0;2;
E'Twaun Moore;;6:02;1;3;1;2;0;0;1;0;1;0;0;0;0;0;3;
E'Twaun Moore;;21:39;4;8;2;2;0;0;1;2;3;2;2;1;0;0;10;
E'Twaun Moore;;11:48;1;3;0;2;1;1;0;0;0;0;0;0;2;0;3;
E'Twaun Moore;;9:59;1;4;1;1;0;0;0;1;1;0;1;0;0;0;3;
