╔═══════════════╤═══════════════╗
║Name		│Earl Watson	║
╟───────────────┼───────────────╢
║Number		│17		║
╟───────────────┼───────────────╢
║Position	│G		║
╟───────────────┼───────────────╢
║Height		│6-1		║
╟───────────────┼───────────────╢
║Weight		│199		║
╟───────────────┼───────────────╢
║Birth		│JUN 12, 1979	║
╟───────────────┼───────────────╢
║Age		│35		║
╟───────────────┼───────────────╢
║Exp		│12		║
╟───────────────┼───────────────╢
║School		│UCLA		║
╚═══════════════╧═══════════════╝
Earl Watson;;7:06;0;0;0;0;0;0;0;0;0;1;0;0;1;3;0;
Earl Watson;;0:46;0;0;0;0;0;0;0;0;0;0;0;0;0;0;0;
Earl Watson;;3:41;0;0;0;0;0;0;0;1;1;1;0;0;0;0;0;
Earl Watson;;0:56;0;0;0;0;0;0;0;0;0;0;0;0;0;0;0;
Earl Watson;;1:35;0;0;0;0;0;0;1;0;1;1;0;0;0;0;0;
Earl Watson;;12:12;1;1;0;0;0;0;1;2;3;1;0;0;2;5;2;
Earl Watson;;10:42;1;2;1;2;0;0;0;0;0;2;0;0;0;4;3;
Earl Watson;;11:09;0;0;0;0;0;0;0;0;0;0;1;0;0;2;0;
Earl Watson;;1:08;0;0;0;0;0;0;0;0;0;0;0;0;0;0;0;
Earl Watson;;6:40;1;1;1;1;0;0;1;1;2;2;1;0;0;1;3;
Earl Watson;;10:42;0;0;0;0;0;0;0;0;0;3;0;0;2;0;0;
Earl Watson;;12:11;0;1;0;1;2;2;0;0;0;3;0;1;1;3;2;
Earl Watson;;8:39;0;0;0;0;0;0;0;0;0;1;2;0;2;0;0;
Earl Watson;;1:59;0;0;0;0;0;0;0;0;0;0;0;0;1;1;0;
Earl Watson;;2:09;0;0;0;0;0;0;0;1;1;0;0;0;1;0;0;
Earl Watson;;12:02;0;1;0;1;0;0;0;3;3;3;0;0;0;3;0;
Earl Watson;;15:34;0;3;0;1;0;0;0;0;0;2;0;0;0;3;0;
Earl Watson;;4:38;0;0;0;0;0;0;1;0;1;2;0;0;1;2;0;
Earl Watson;;11:51;0;1;0;1;0;0;0;1;1;1;0;0;1;2;0;
Earl Watson;;5:13;0;0;0;0;0;0;0;0;0;2;0;0;0;2;0;
Earl Watson;;0:23;0;0;0;0;0;0;0;0;0;0;0;0;1;0;0;
Earl Watson;;8:55;0;1;0;0;0;0;0;1;1;2;0;0;1;2;0;
Earl Watson;;8:32;0;0;0;0;2;2;0;0;0;1;1;0;3;0;2;
Earl Watson;;1:52;0;0;0;0;0;0;1;0;1;0;0;0;0;0;0;
