Earl Clark;F;19:51;2;10;0;5;0;0;1;1;2;2;2;2;2;0;4;
Earl Clark;F;23:44;3;9;1;4;0;0;0;6;6;0;0;0;0;0;7;
Earl Clark;F;18:15;0;6;0;3;2;2;1;1;2;0;0;0;1;2;2;
Earl Clark;F;10:47;1;6;0;2;0;0;0;3;3;0;0;1;0;0;2;
Earl Clark;;5:07;0;3;0;3;0;0;0;0;0;0;0;0;0;1;0;
Earl Clark;;23:42;4;7;2;3;1;2;1;4;5;1;0;0;1;2;11;
Earl Clark;;5:26;1;2;0;0;0;0;1;0;1;0;0;0;0;0;2;
Earl Clark;;9:48;0;3;0;2;0;0;0;2;2;1;0;0;0;0;0;
Earl Clark;;10:50;2;4;0;1;0;0;0;1;1;0;0;0;1;1;4;
Earl Clark;;8:57;1;6;0;2;0;0;1;2;3;0;0;0;0;2;2;
Earl Clark;;6:06;2;5;0;2;1;1;0;0;0;0;1;0;0;2;5;
Earl Clark;;13:52;3;3;1;1;0;0;0;4;4;0;0;0;0;0;7;
Earl Clark;;9:56;1;2;1;2;0;0;0;0;0;0;0;0;1;2;3;
Earl Clark;;12:38;1;3;0;1;0;0;0;3;3;1;0;0;0;1;2;
Earl Clark;;11:04;2;4;0;2;0;2;2;4;6;1;0;0;2;4;4;
Earl Clark;;11:47;2;5;0;1;1;2;1;1;2;0;0;1;1;1;5;
Earl Clark;;6:53;0;0;0;0;0;0;0;1;1;0;0;0;0;0;0;
Earl Clark;;5:58;1;3;0;0;0;0;1;2;3;0;0;0;0;1;2;
Earl Clark;;10:59;2;5;0;2;4;4;0;4;4;1;0;2;0;0;8;
Earl Clark;;4:39;0;1;0;0;0;0;0;0;0;0;0;0;0;1;0;
Earl Clark;;1:00;0;0;0;0;0;0;0;0;0;0;0;0;0;0;0;
Earl Clark;;16:16;1;5;0;3;1;2;0;2;2;0;0;0;0;0;3;
Earl Clark;;0:43;0;0;0;0;0;0;0;0;0;0;0;0;0;0;0;
Earl Clark;;6:56;0;1;0;0;2;2;0;1;1;0;0;2;0;1;2;
Earl Clark;;20:18;2;5;1;1;1;2;1;5;6;1;1;2;1;3;6;
Earl Clark;;3:23;1;1;0;0;0;0;0;0;0;0;0;0;0;0;2;
Earl Clark;F;27:06;4;10;0;1;1;2;3;5;8;1;0;0;1;2;9;
Earl Clark;F;16:59;0;4;0;0;0;0;0;3;3;0;1;0;1;0;0;
Earl Clark;F;17:34;0;4;0;1;2;2;0;7;7;0;0;0;2;0;2;
Earl Clark;F;11:15;3;4;0;0;0;0;0;0;0;1;2;0;1;4;6;
Earl Clark;F;12:55;1;2;1;1;0;0;0;2;2;0;1;0;0;3;3;
Earl Clark;F;16:25;2;9;0;4;0;0;2;1;3;0;2;1;0;0;4;
Earl Clark;;14:01;3;8;1;3;0;0;0;2;2;0;0;0;1;1;7;
Earl Clark;F;24:44;6;7;3;3;0;0;1;4;5;0;0;1;1;3;15;
Earl Clark;F;32:32;4;6;3;4;0;0;0;3;3;0;2;2;2;4;11;
Earl Clark;F;28:47;1;6;1;3;0;2;0;8;8;3;0;0;3;1;3;
Earl Clark;;27:32;4;6;3;5;0;0;0;2;2;0;0;0;1;3;11;
Earl Clark;;9:26;1;4;1;3;0;0;0;1;1;0;0;1;0;0;3;
Earl Clark;;27:16;5;11;3;5;0;0;1;1;2;2;2;0;0;4;13;
Earl Clark;;12:07;0;5;0;2;1;2;0;2;2;0;1;0;1;1;1;
Earl Clark;;13:31;1;2;0;1;1;2;0;4;4;0;0;2;0;1;3;
Earl Clark;;6:25;1;3;0;1;0;0;0;0;0;0;0;0;0;0;2;
Earl Clark;;8:44;2;5;1;4;0;0;0;0;0;0;0;0;0;1;5;
Earl Clark;;9:38;1;1;0;0;0;0;0;4;4;0;0;0;1;1;2;
Earl Clark;;18:14;3;4;3;4;0;0;1;4;5;0;0;0;1;2;9;
Earl Clark;;15:57;5;9;2;5;0;0;1;1;2;0;0;0;0;1;12;
Earl Clark;;8:58;1;4;1;3;0;0;1;1;2;0;0;1;0;2;3;
Earl Clark;;18:55;5;8;4;6;0;0;0;3;3;0;1;0;1;2;14;
Earl Clark;;5:46;1;3;0;2;0;0;1;0;1;0;0;0;0;1;2;
Earl Clark;;14:29;2;10;2;8;0;0;0;1;1;0;0;2;2;0;6;
Earl Clark;F;18:23;1;4;1;1;0;0;1;4;5;1;0;1;0;1;3;
Earl Clark;F;24:21;4;9;3;5;1;2;0;3;3;1;1;1;1;1;12;
Earl Clark;F;13:22;2;3;1;2;1;1;0;4;4;1;0;2;1;0;6;
Earl Clark;F;34:10;2;11;1;5;2;2;0;4;4;0;0;1;0;4;7;
