╔═══════════════╤═══════════════╗
║Name		│Ed Davis	║
╟───────────────┼───────────────╢
║Number		│32		║
╟───────────────┼───────────────╢
║Position	│F		║
╟───────────────┼───────────────╢
║Height		│6-10		║
╟───────────────┼───────────────╢
║Weight		│225		║
╟───────────────┼───────────────╢
║Birth		│JUN 05, 1989	║
╟───────────────┼───────────────╢
║Age		│25		║
╟───────────────┼───────────────╢
║Exp		│3		║
╟───────────────┼───────────────╢
║School		│North Carolina	║
╚═══════════════╧═══════════════╝
Ed Davis;;27:43;8;11;0;0;0;1;4;7;11;2;2;0;0;2;16;
Ed Davis;;19:00;1;5;0;0;3;6;0;2;2;1;1;0;1;3;5;
Ed Davis;;17:11;7;11;0;0;3;5;5;6;11;0;0;1;3;2;17;
Ed Davis;;22:23;2;3;0;0;2;2;2;2;4;1;0;2;1;3;6;
Ed Davis;;30:06;5;9;0;0;0;2;4;13;17;1;0;3;1;3;10;
Ed Davis;;19:47;3;6;0;0;0;2;2;3;5;0;0;0;1;3;6;
Ed Davis;;22:06;3;6;0;0;0;0;2;4;6;0;0;0;2;5;6;
Ed Davis;;21:13;7;8;0;0;0;2;4;5;9;1;0;0;0;1;14;
Ed Davis;;12:04;1;2;0;0;1;2;0;3;3;0;0;0;0;3;3;
Ed Davis;;9:58;1;3;0;0;2;2;1;2;3;1;0;0;1;0;4;
Ed Davis;;17:27;5;8;0;0;0;0;2;3;5;0;1;0;0;3;10;
Ed Davis;;17:08;1;5;0;0;0;0;2;4;6;0;0;0;1;2;2;
Ed Davis;;12:29;0;1;0;0;0;0;0;2;2;0;0;0;0;2;0;
Ed Davis;;17:21;3;6;0;0;0;0;0;2;2;0;0;1;0;2;6;
Ed Davis;;13:32;3;5;0;0;0;1;0;3;3;0;0;1;0;0;6;
Ed Davis;;6:36;0;1;0;0;0;0;1;4;5;0;0;0;0;2;0;
Ed Davis;;6:12;1;1;0;0;0;0;0;1;1;2;0;0;0;0;2;
Ed Davis;;14:06;1;3;0;0;0;0;2;5;7;0;0;1;0;1;2;
Ed Davis;;10:37;1;4;0;0;0;0;1;3;4;0;0;1;0;1;2;
Ed Davis;;13:45;0;3;0;0;2;2;0;3;3;0;2;1;1;1;2;
Ed Davis;;6:16;1;4;0;0;0;0;0;1;1;0;0;0;0;1;2;
Ed Davis;;7:12;1;2;0;0;0;0;1;2;3;0;0;0;1;3;2;
Ed Davis;;3:58;0;2;0;0;0;0;1;1;2;1;0;0;1;2;0;
Ed Davis;;6:02;0;0;0;0;0;0;0;0;0;0;0;0;1;2;0;
Ed Davis;;4:50;2;3;0;0;0;0;0;0;0;0;0;0;0;1;4;
Ed Davis;F;12:54;0;2;0;0;0;0;0;1;1;0;0;1;1;1;0;
Ed Davis;;3:44;1;1;0;0;0;0;1;0;1;0;0;0;0;0;2;
Ed Davis;;19:40;3;4;0;0;0;2;3;8;11;1;1;2;1;1;6;
Ed Davis;;18:19;6;8;0;0;0;0;3;4;7;0;0;1;0;2;12;
Ed Davis;;10:46;1;2;0;0;3;4;1;1;2;1;0;0;1;0;5;
Ed Davis;;9:40;1;1;0;0;1;1;0;1;1;1;0;0;0;2;3;
Ed Davis;;16:48;5;8;0;0;0;0;3;3;6;0;1;2;1;1;10;
Ed Davis;;6:14;1;4;0;0;0;0;2;0;2;0;0;0;0;2;2;
Ed Davis;;21:55;3;5;0;0;3;6;1;2;3;1;1;0;1;0;9;
Ed Davis;;5:36;1;2;0;0;1;2;2;1;3;0;0;0;0;1;3;
Ed Davis;;17:06;1;2;0;0;0;2;1;2;3;1;0;1;1;4;2;
Ed Davis;;19:40;2;8;0;0;0;0;4;5;9;0;0;3;1;3;4;
Ed Davis;;9:05;0;1;0;0;0;0;0;1;1;0;0;0;0;1;0;
Ed Davis;;12:10;2;2;0;0;0;0;2;2;4;0;0;0;2;1;4;
Ed Davis;;7:54;0;2;0;0;0;0;1;2;3;0;0;0;0;0;0;
Ed Davis;;16:51;2;2;0;0;1;2;1;2;3;0;0;0;2;0;5;
Ed Davis;;5:55;1;1;0;0;0;0;0;1;1;1;0;1;0;2;2;
Ed Davis;;7:42;2;6;0;0;0;0;2;1;3;0;0;0;2;2;4;
Ed Davis;;24:16;3;4;0;0;1;2;2;3;5;2;0;0;0;3;7;
Ed Davis;;1:28;0;0;0;0;0;0;0;0;0;0;0;0;0;0;0;
Ed Davis;;17:17;2;8;0;0;1;2;2;5;7;0;0;2;0;2;5;
Ed Davis;;23:53;2;5;0;0;1;2;1;4;5;2;0;3;0;5;5;
Ed Davis;;2:22;0;1;0;0;0;0;0;0;0;0;0;0;0;0;0;
Ed Davis;;15:34;3;4;0;0;0;1;2;2;4;2;0;0;1;2;6;
Ed Davis;;15:35;3;5;0;0;0;0;2;2;4;1;1;2;0;1;6;
Ed Davis;;24:11;3;5;0;0;5;6;3;4;7;1;0;3;0;2;11;
Ed Davis;F;29:29;5;11;0;0;0;0;3;5;8;0;1;0;1;5;10;
Ed Davis;F;32:31;8;11;0;0;5;11;3;9;12;1;0;2;1;3;21;
Ed Davis;;7:51;3;5;0;0;0;0;1;1;2;0;0;1;1;0;6;
Ed Davis;;23:42;5;8;0;0;2;2;1;2;3;0;1;2;2;2;12;
Ed Davis;;6:54;0;2;0;0;0;0;0;1;1;0;0;0;0;2;0;
Ed Davis;;21:43;4;6;0;0;1;2;3;1;4;0;1;0;3;3;9;
Ed Davis;;23:04;6;11;0;0;0;1;1;1;2;0;0;0;2;2;12;
Ed Davis;C;25:19;5;6;0;0;0;0;2;2;4;0;0;2;0;1;10;
Ed Davis;;20:15;3;7;0;0;2;2;2;1;3;1;1;1;0;1;8;
Ed Davis;;13:21;2;6;0;0;0;0;2;3;5;0;0;1;0;1;4;
Ed Davis;;22:50;6;8;0;0;5;8;1;0;1;1;1;1;0;4;17;
Ed Davis;;23:28;3;4;0;0;2;4;0;4;4;0;2;1;1;4;8;
