╔═══════════════╤═══════════════╗
║Name		│Ekpe Udoh	║
╟───────────────┼───────────────╢
║Number		│5		║
╟───────────────┼───────────────╢
║Position	│F-C		║
╟───────────────┼───────────────╢
║Height		│6-10		║
╟───────────────┼───────────────╢
║Weight		│245		║
╟───────────────┼───────────────╢
║Birth		│MAY 20, 1987	║
╟───────────────┼───────────────╢
║Age		│27		║
╟───────────────┼───────────────╢
║Exp		│3		║
╟───────────────┼───────────────╢
║School		│Baylor		║
╚═══════════════╧═══════════════╝
Ekpe Udoh;;18:21;0;0;0;0;2;2;0;0;0;0;0;1;0;1;2;
Ekpe Udoh;;15:51;0;4;0;0;1;2;2;4;6;0;0;2;2;2;1;
Ekpe Udoh;;19:27;1;4;0;0;0;0;2;2;4;2;0;1;2;0;2;
Ekpe Udoh;;24:00;1;2;0;0;0;0;2;4;6;0;1;1;0;2;2;
Ekpe Udoh;;20:18;1;3;0;0;2;2;0;4;4;0;1;0;0;1;4;
Ekpe Udoh;C;24:14;1;3;0;0;2;2;2;2;4;2;0;0;2;2;4;
Ekpe Udoh;C;11:47;1;2;0;0;0;0;1;0;1;0;0;1;0;0;2;
Ekpe Udoh;;14:30;0;0;0;0;0;0;0;1;1;1;0;1;2;2;0;
Ekpe Udoh;;12:22;0;1;0;0;0;0;0;1;1;1;0;1;0;3;0;
Ekpe Udoh;;8:00;2;4;0;0;0;0;1;1;2;0;0;0;0;2;4;
Ekpe Udoh;;4:22;0;1;0;0;0;0;0;1;1;0;0;0;0;2;0;
Ekpe Udoh;;9:57;1;4;0;0;0;0;0;0;0;1;0;1;0;0;2;
Ekpe Udoh;;16:12;2;4;0;0;0;0;0;2;2;1;0;3;1;3;4;
Ekpe Udoh;;21:46;1;3;0;0;0;0;2;0;2;1;1;1;1;1;2;
Ekpe Udoh;;16:51;1;1;0;0;1;2;1;3;4;0;0;0;1;3;3;
Ekpe Udoh;;15:33;1;3;0;0;0;0;0;2;2;1;0;0;0;1;2;
Ekpe Udoh;;13:18;2;3;0;0;0;0;2;3;5;1;2;1;1;1;4;
Ekpe Udoh;;11:44;0;3;0;0;0;0;1;1;2;0;0;0;0;1;0;
Ekpe Udoh;;17:00;2;6;0;0;3;4;1;1;2;0;1;0;1;1;7;
Ekpe Udoh;C;18:30;0;2;0;0;0;0;2;2;4;2;2;2;1;3;0;
Ekpe Udoh;C;14:38;1;3;0;0;0;0;0;1;1;0;0;0;2;5;2;
Ekpe Udoh;F;38:17;4;10;0;0;3;6;5;6;11;2;0;2;0;3;11;
Ekpe Udoh;F;19:21;0;1;0;0;0;0;0;0;0;0;0;0;2;3;0;
Ekpe Udoh;;12:22;3;5;0;0;0;0;2;0;2;0;0;1;2;4;6;
Ekpe Udoh;;19:29;2;5;0;0;0;0;5;2;7;1;0;1;0;2;4;
Ekpe Udoh;;23:26;1;2;0;0;2;2;2;3;5;1;0;1;2;1;4;
Ekpe Udoh;;15:08;3;3;0;0;2;2;0;2;2;2;1;0;1;1;8;
Ekpe Udoh;;24:46;2;8;0;0;6;8;3;3;6;2;0;0;1;3;10;
Ekpe Udoh;F;38:42;4;9;0;0;1;4;4;6;10;1;0;2;1;2;9;
Ekpe Udoh;F;28:09;4;7;0;0;0;0;0;1;1;1;0;3;2;2;8;
Ekpe Udoh;F;21:44;1;4;0;0;1;2;1;3;4;0;1;6;1;4;3;
Ekpe Udoh;;32:38;3;5;0;0;1;1;2;4;6;1;0;0;2;3;7;
Ekpe Udoh;F;25:49;0;1;0;0;0;2;1;1;2;0;1;1;0;5;0;
Ekpe Udoh;F;22:27;2;3;0;0;0;2;4;1;5;0;1;2;0;3;4;
Ekpe Udoh;F;14:12;1;4;0;0;0;0;0;0;0;0;0;0;0;1;2;
Ekpe Udoh;F;32:51;3;5;0;0;1;2;1;4;5;2;1;3;3;3;7;
Ekpe Udoh;;17:38;1;1;0;0;0;0;0;2;2;0;0;0;0;3;2;
Ekpe Udoh;;15:56;0;2;0;0;0;0;2;6;8;0;1;1;1;3;0;
Ekpe Udoh;;28:05;4;7;0;0;2;2;4;2;6;0;0;0;3;5;10;
Ekpe Udoh;C;25:37;0;1;0;0;0;0;4;3;7;2;0;5;0;5;0;
Ekpe Udoh;;14:22;1;4;0;0;0;0;2;2;4;2;1;0;1;2;2;
Ekpe Udoh;;4:08;0;0;0;0;0;0;0;1;1;1;0;0;0;2;0;
