╔═══════════════╤═══════════════╗
║Name		│Elliot Williams║
╟───────────────┼───────────────╢
║Number		│25		║
╟───────────────┼───────────────╢
║Position	│G		║
╟───────────────┼───────────────╢
║Height		│6-5		║
╟───────────────┼───────────────╢
║Weight		│180		║
╟───────────────┼───────────────╢
║Birth		│JUN 20, 1989	║
╟───────────────┼───────────────╢
║Age		│25		║
╟───────────────┼───────────────╢
║Exp		│3		║
╟───────────────┼───────────────╢
║School		│Memphis	║
╚═══════════════╧═══════════════╝
Elliot Williams;;7:39;0;2;0;2;0;0;1;1;2;0;0;0;1;1;0;
Elliot Williams;;2:54;0;0;0;0;0;0;0;0;0;0;0;0;0;1;0;
Elliot Williams;;6:17;0;1;0;0;0;0;0;1;1;0;0;0;0;1;0;
Elliot Williams;;20:09;2;5;1;1;3;4;0;3;3;3;0;0;4;2;8;
Elliot Williams;;23:19;4;8;1;3;3;4;0;4;4;1;0;0;2;2;12;
Elliot Williams;;19:00;4;7;1;1;0;0;1;1;2;0;1;0;0;1;9;
Elliot Williams;;9:13;2;4;1;3;0;0;0;1;1;0;0;0;0;2;5;
Elliot Williams;;15:11;3;3;0;0;2;2;1;1;2;0;0;0;2;2;8;
Elliot Williams;;18:40;1;4;0;1;3;5;0;1;1;1;0;0;1;3;5;
Elliot Williams;;22:30;0;4;0;2;2;4;1;2;3;0;1;0;1;2;2;
Elliot Williams;;29:39;0;8;0;3;4;6;1;0;1;1;1;0;2;5;4;
Elliot Williams;;14:27;1;3;0;1;0;0;1;0;1;1;1;0;1;0;2;
Elliot Williams;;22:15;2;5;0;1;0;0;0;5;5;1;1;0;0;1;4;
Elliot Williams;;12:33;2;3;0;0;0;0;0;1;1;1;0;0;1;1;4;
Elliot Williams;;12:20;1;4;0;1;0;0;1;1;2;0;0;0;2;1;2;
Elliot Williams;;10:53;1;2;0;0;0;0;0;0;0;0;0;0;1;2;2;
Elliot Williams;;24:17;3;6;1;3;8;10;0;4;4;0;0;0;0;1;15;
Elliot Williams;;24:04;5;9;3;4;2;3;1;0;1;2;0;0;0;2;15;
Elliot Williams;;10:56;3;7;1;4;1;3;0;1;1;0;0;0;0;3;8;
Elliot Williams;;13:18;3;4;1;1;0;0;0;2;2;3;0;0;1;2;7;
Elliot Williams;;16:15;4;10;3;5;0;2;0;1;1;1;1;0;2;1;11;
Elliot Williams;;21:04;2;8;1;3;3;3;0;1;1;2;0;0;0;1;8;
Elliot Williams;;25:47;2;6;1;2;2;2;0;3;3;1;1;0;2;3;7;
Elliot Williams;;15:30;0;2;0;1;2;2;1;3;4;1;0;0;0;2;2;
Elliot Williams;;23:19;3;9;1;5;3;4;3;2;5;1;1;0;1;3;10;
Elliot Williams;G;27:28;4;9;1;4;1;1;0;0;0;4;3;0;1;3;10;
Elliot Williams;;16:47;1;5;0;2;0;0;0;1;1;0;0;0;2;3;2;
Elliot Williams;;17:33;1;4;0;0;2;2;1;2;3;2;1;0;0;3;4;
Elliot Williams;;17:41;2;5;0;3;0;0;0;4;4;4;1;0;2;2;4;
Elliot Williams;;13:22;0;1;0;0;2;2;0;2;2;1;0;0;1;1;2;
Elliot Williams;;17:22;2;6;0;3;3;3;0;3;3;1;3;0;1;3;7;
Elliot Williams;;15:35;1;2;0;0;0;0;0;2;2;2;0;0;0;1;2;
Elliot Williams;;15:22;1;3;0;2;0;0;0;1;1;0;1;0;0;1;2;
Elliot Williams;;13:26;1;3;0;1;4;4;0;1;1;1;1;0;0;1;6;
Elliot Williams;;18:13;3;6;1;2;1;1;2;1;3;1;0;0;2;4;8;
Elliot Williams;;23:12;3;8;1;3;1;2;1;5;6;1;1;0;2;2;8;
Elliot Williams;;15:29;0;1;0;1;2;2;0;3;3;1;0;0;1;4;2;
Elliot Williams;;23:59;1;5;0;3;0;0;1;3;4;4;1;0;1;2;2;
Elliot Williams;;14:03;1;2;0;1;0;0;1;1;2;1;0;0;2;2;2;
Elliot Williams;;21:04;2;9;0;3;2;2;0;2;2;0;1;0;3;3;6;
Elliot Williams;;19:00;6;7;2;2;0;2;0;1;1;1;1;0;1;2;14;
Elliot Williams;;26:40;3;9;1;3;1;2;0;1;1;2;1;1;2;0;8;
Elliot Williams;;25:18;5;8;1;2;2;3;0;0;0;2;1;0;3;3;13;
Elliot Williams;;19:08;3;8;1;3;3;3;2;2;4;1;1;0;0;2;10;
Elliot Williams;;20:41;5;8;2;3;0;0;0;2;2;0;0;0;1;3;12;
Elliot Williams;;26:13;5;7;2;3;3;4;1;0;1;2;4;0;2;0;15;
Elliot Williams;;28:57;4;8;0;3;3;3;2;3;5;6;1;0;1;4;11;
Elliot Williams;;26:13;4;9;1;3;2;2;0;4;4;3;0;0;0;2;11;
Elliot Williams;;28:40;6;11;1;2;0;1;1;1;2;4;1;0;3;2;13;
Elliot Williams;;20:17;4;9;1;4;1;2;1;1;2;1;1;0;1;3;10;
Elliot Williams;;24:38;4;5;0;0;2;4;0;1;1;1;0;0;0;0;10;
Elliot Williams;;22:36;4;7;0;1;1;2;0;1;1;1;0;1;1;1;9;
Elliot Williams;;3:31;0;0;0;0;0;0;0;0;0;0;0;0;0;0;0;
Elliot Williams;;13:47;2;5;0;1;2;2;1;0;1;0;0;0;1;3;6;
Elliot Williams;;16:52;2;7;1;4;0;0;1;3;4;0;0;0;1;3;5;
Elliot Williams;;11:54;1;5;1;2;1;2;0;1;1;0;0;0;1;0;4;
Elliot Williams;;5:05;0;1;0;1;0;0;1;0;1;0;0;0;0;1;0;
Elliot Williams;;10:44;0;2;0;2;2;2;1;2;3;0;0;1;0;1;2;
Elliot Williams;;6:08;0;2;0;0;0;0;0;0;0;0;0;0;0;0;0;
Elliot Williams;;8:00;2;2;0;0;2;2;0;1;1;0;0;0;0;1;6;
Elliot Williams;;7:53;1;3;1;2;0;0;0;0;0;1;1;0;1;0;3;
Elliot Williams;;1:06;0;1;0;1;0;0;0;0;0;0;0;0;1;1;0;
Elliot Williams;;22:13;2;5;0;0;3;6;0;1;1;1;1;0;2;1;7;
Elliot Williams;;18:56;4;7;1;2;1;2;0;1;1;2;0;0;0;4;10;
Elliot Williams;;13:37;1;2;1;2;0;0;0;2;2;0;0;0;2;1;3;
Elliot Williams;G;26:35;0;5;0;3;0;0;1;1;2;0;1;0;1;3;0;
Elliot Williams;;10:22;1;1;1;1;2;2;0;1;1;1;0;0;1;5;5;
