╔═══════════════╤═══════════════╗
║Name		│Elton Brand	║
╟───────────────┼───────────────╢
║Number		│42		║
╟───────────────┼───────────────╢
║Position	│F		║
╟───────────────┼───────────────╢
║Height		│6-9		║
╟───────────────┼───────────────╢
║Weight		│254		║
╟───────────────┼───────────────╢
║Birth		│MAR 11, 1979	║
╟───────────────┼───────────────╢
║Age		│35		║
╟───────────────┼───────────────╢
║Exp		│14		║
╟───────────────┼───────────────╢
║School		│Duke		║
╚═══════════════╧═══════════════╝
Elton Brand;;17:55;3;5;0;0;0;0;1;2;3;0;0;1;2;0;6;
Elton Brand;;19:27;2;4;0;0;0;0;0;2;2;0;1;3;0;3;4;
Elton Brand;;29:37;4;5;0;0;2;2;3;4;7;0;0;3;1;5;10;
Elton Brand;;19:51;3;5;0;0;2;2;2;2;4;1;1;1;0;0;8;
Elton Brand;;23:38;0;4;0;0;0;0;4;7;11;0;0;3;2;3;0;
Elton Brand;;18:11;4;4;0;0;0;0;1;3;4;0;1;2;0;4;8;
Elton Brand;;21:30;3;3;0;0;1;1;0;4;4;0;0;4;0;1;7;
Elton Brand;;20:32;4;5;0;0;0;0;1;4;5;1;1;0;1;4;8;
Elton Brand;;13:25;1;2;0;0;2;2;0;1;1;0;1;0;1;3;4;
Elton Brand;;21:23;3;6;0;0;3;4;2;3;5;1;0;1;0;4;9;
Elton Brand;;19:45;5;8;0;0;0;0;1;4;5;2;1;2;0;4;10;
Elton Brand;;15:10;0;4;0;0;0;0;0;4;4;1;0;1;1;5;0;
Elton Brand;;22:38;8;12;0;1;2;3;3;5;8;1;0;0;0;3;18;
Elton Brand;;22:19;4;10;0;1;0;1;2;5;7;0;0;1;0;4;8;
Elton Brand;;20:36;6;8;0;0;0;0;2;5;7;0;0;3;5;4;12;
Elton Brand;;19:54;2;6;0;0;0;0;2;4;6;0;0;3;0;3;4;
Elton Brand;;22:53;4;6;0;0;1;2;1;6;7;0;0;2;2;1;9;
Elton Brand;;25:49;3;8;0;0;2;4;0;8;8;0;0;1;0;2;8;
Elton Brand;;14:30;1;5;0;0;3;3;1;4;5;0;1;0;2;4;5;
Elton Brand;;30:12;4;10;0;0;0;3;5;3;8;1;1;0;1;5;8;
Elton Brand;C;34:57;7;11;0;0;6;7;3;8;11;1;1;0;0;1;20;
Elton Brand;C;26:54;3;8;0;0;1;2;5;4;9;1;0;2;1;3;7;
Elton Brand;C;42:39;0;3;0;0;1;2;1;5;6;1;0;3;3;2;1;
Elton Brand;C;41:46;3;5;0;0;1;1;3;10;13;3;2;2;3;4;7;
Elton Brand;C;34:19;5;9;0;0;0;0;3;4;7;5;1;5;3;5;10;
Elton Brand;C;30:41;4;6;0;0;5;6;3;3;6;4;1;2;1;4;13;
Elton Brand;C;19:37;3;6;0;0;0;0;0;3;3;0;0;0;0;3;6;
Elton Brand;C;24:45;4;7;0;0;1;2;2;4;6;3;0;1;0;2;9;
Elton Brand;;18:14;3;3;0;0;2;4;1;4;5;2;0;0;1;2;8;
Elton Brand;;19:14;4;5;0;0;0;1;1;3;4;4;1;3;1;1;8;
Elton Brand;;19:48;3;7;0;0;0;0;2;5;7;2;1;0;0;4;6;
Elton Brand;;23:28;1;3;0;0;1;2;1;3;4;1;0;2;1;3;3;
Elton Brand;;16:15;2;3;0;0;0;0;1;6;7;1;0;3;1;2;4;
Elton Brand;;17:53;2;2;0;0;2;4;3;1;4;1;1;0;0;3;6;
Elton Brand;;14:48;0;2;0;0;0;0;0;3;3;0;0;2;0;2;0;
Elton Brand;;21:47;3;3;0;0;1;2;0;4;4;2;1;0;1;3;7;
Elton Brand;;16:56;2;5;0;0;0;0;2;1;3;2;1;0;0;3;4;
Elton Brand;;17:06;3;5;0;0;0;0;1;2;3;0;2;0;3;2;6;
Elton Brand;C;29:48;5;10;0;0;1;1;4;8;12;2;1;1;2;5;11;
Elton Brand;;21:53;2;5;0;0;0;0;1;3;4;1;0;0;0;4;4;
Elton Brand;;25:52;4;5;0;0;0;0;0;5;5;3;2;1;0;3;8;
Elton Brand;;27:26;4;7;0;0;0;0;0;5;5;2;0;0;1;4;8;
Elton Brand;;22:27;1;3;0;0;0;0;1;2;3;2;1;0;1;5;2;
Elton Brand;;20:11;2;3;0;0;0;0;1;6;7;0;1;2;1;3;4;
Elton Brand;C;33:01;6;12;0;0;1;2;4;9;13;3;3;1;3;1;13;
Elton Brand;C;22:24;2;2;0;0;0;0;0;3;3;2;2;4;0;3;4;
Elton Brand;C;26:37;3;7;0;0;0;1;1;2;3;2;1;1;1;3;6;
Elton Brand;;20:46;4;5;0;0;4;6;2;5;7;1;2;3;0;4;12;
Elton Brand;;19:22;1;2;0;0;0;0;0;1;1;1;0;0;1;5;2;
Elton Brand;;13:04;4;5;0;0;0;0;0;0;0;0;0;0;0;0;8;
Elton Brand;;7:10;1;2;0;0;0;0;1;3;4;0;0;1;0;2;2;
Elton Brand;;4:20;0;0;0;0;0;2;1;0;1;1;0;0;0;0;0;
Elton Brand;;11:31;0;2;0;0;0;0;0;3;3;1;0;2;0;0;0;
Elton Brand;;19:11;2;5;0;0;2;2;1;6;7;0;0;0;0;2;6;
Elton Brand;;11:46;0;2;0;0;2;2;0;4;4;1;0;0;0;1;2;
Elton Brand;;5:12;0;1;0;0;0;0;0;1;1;1;0;1;1;0;0;
Elton Brand;;6:05;0;0;0;0;0;0;1;2;3;1;0;0;0;2;0;
Elton Brand;;10:52;1;3;0;0;0;0;1;4;5;0;0;0;2;1;2;
Elton Brand;;7:07;1;1;0;0;3;4;1;1;2;1;0;1;0;0;5;
Elton Brand;;12:38;3;4;0;0;0;0;0;4;4;0;1;0;2;1;6;
Elton Brand;;16:55;0;2;0;0;0;0;1;3;4;1;1;1;0;2;0;
Elton Brand;;14:04;0;1;0;0;0;0;2;2;4;0;0;1;2;5;0;
Elton Brand;;14:40;0;2;0;0;0;2;0;2;2;1;3;2;1;2;0;
Elton Brand;;11:23;2;4;0;0;3;4;0;4;4;0;0;0;0;0;7;
Elton Brand;;4:37;0;1;0;0;0;0;1;1;2;1;0;0;1;1;0;
Elton Brand;;17:25;4;5;0;0;0;0;2;5;7;1;1;3;0;2;8;
Elton Brand;;12:16;2;2;0;0;2;2;0;2;2;0;0;0;0;5;6;
Elton Brand;;19:30;2;2;0;0;0;0;1;7;8;1;0;5;0;4;4;
Elton Brand;;8:30;2;4;0;0;0;0;4;2;6;1;0;1;0;2;4;
Elton Brand;;9:40;0;0;0;0;0;0;0;2;2;0;0;1;2;2;0;
Elton Brand;C;19:02;1;4;0;0;1;2;2;2;4;2;0;0;1;4;3;
Elton Brand;C;14:20;3;4;0;0;1;2;1;1;2;0;0;0;0;2;7;
Elton Brand;C;12:10;1;2;0;0;2;2;0;1;1;0;1;0;1;1;4;
