╔═══════════════╤═══════════════╗
║Name		│Enes Kanter	║
╟───────────────┼───────────────╢
║Number		│0		║
╟───────────────┼───────────────╢
║Position	│C		║
╟───────────────┼───────────────╢
║Height		│6-11		║
╟───────────────┼───────────────╢
║Weight		│247		║
╟───────────────┼───────────────╢
║Birth		│MAY 20, 1992	║
╟───────────────┼───────────────╢
║Age		│22		║
╟───────────────┼───────────────╢
║Exp		│2		║
╟───────────────┼───────────────╢
║School		│Kentucky	║
╚═══════════════╧═══════════════╝
Enes Kanter;;19:17;5;9;0;0;1;1;2;4;6;1;0;2;2;1;11;
Enes Kanter;;27:27;6;9;0;0;4;6;3;7;10;3;0;1;3;3;16;
Enes Kanter;;13:20;4;8;0;0;2;2;3;2;5;0;0;0;1;2;10;
Enes Kanter;;25:02;5;9;0;0;5;8;3;7;10;0;1;1;0;1;15;
Enes Kanter;;21:40;5;10;0;0;1;2;1;3;4;0;2;0;1;2;11;
Enes Kanter;;26:58;12;15;0;0;1;1;5;6;11;0;2;0;4;2;25;
Enes Kanter;;25:03;6;13;0;0;6;8;2;5;7;2;0;0;1;3;18;
Enes Kanter;;12:40;2;5;0;0;0;0;0;1;1;0;0;1;2;3;4;
Enes Kanter;C;20:44;2;8;0;0;0;0;1;5;6;1;0;0;2;3;4;
Enes Kanter;;30:27;11;13;0;0;2;2;1;4;5;2;0;0;1;3;24;
Enes Kanter;;21:55;6;8;0;0;4;6;1;2;3;0;0;0;2;2;16;
Enes Kanter;C;29:18;6;10;0;0;3;6;2;5;7;1;0;0;2;2;15;
Enes Kanter;C;37:54;10;19;0;0;3;6;8;6;14;1;1;0;3;3;23;
Enes Kanter;C;19:51;4;8;0;0;2;2;1;2;3;0;0;1;1;3;10;
Enes Kanter;;15:04;3;4;0;0;0;2;0;1;1;0;0;0;0;4;6;
Enes Kanter;;21:25;4;7;0;0;0;0;2;6;8;0;0;0;1;3;8;
Enes Kanter;;20:57;3;7;0;0;0;0;2;9;11;0;0;0;2;1;6;
Enes Kanter;;29:17;6;15;0;0;0;0;1;6;7;2;0;1;2;3;12;
Enes Kanter;C;33:11;8;14;0;0;2;2;6;4;10;1;0;0;2;3;18;
Enes Kanter;C;36:26;12;20;0;0;1;2;6;4;10;4;1;3;2;5;25;
Enes Kanter;C;34:51;11;14;0;0;3;5;2;5;7;1;1;0;1;2;25;
Enes Kanter;;26:05;4;9;0;0;4;4;4;1;5;0;0;0;3;4;12;
Enes Kanter;;15:38;1;5;0;0;0;0;0;1;1;3;0;0;1;4;2;
Enes Kanter;;19:17;4;7;0;0;0;0;1;1;2;1;0;0;1;2;8;
Enes Kanter;;29:51;6;13;0;0;0;0;2;5;7;1;0;0;3;4;12;
Enes Kanter;;34:31;8;16;0;0;11;12;6;8;14;1;1;0;0;4;27;
Enes Kanter;;23:21;4;8;0;0;3;3;5;3;8;0;0;0;0;1;11;
Enes Kanter;;24:43;3;9;0;0;3;6;3;6;9;0;1;1;2;1;9;
Enes Kanter;;28:25;6;14;0;1;1;2;6;4;10;3;0;0;3;4;13;
Enes Kanter;;28:45;5;10;0;0;1;1;1;8;9;0;0;1;0;3;11;
Enes Kanter;;28:04;8;13;0;0;2;3;5;6;11;0;0;1;0;2;18;
Enes Kanter;F;41:49;5;17;0;0;1;2;3;12;15;0;1;0;2;2;11;
Enes Kanter;F;21:59;3;11;0;0;2;3;6;5;11;0;0;0;1;3;8;
Enes Kanter;;24:40;4;8;0;0;1;2;3;6;9;2;0;0;6;4;9;
Enes Kanter;C;37:43;6;14;0;0;0;0;3;9;12;0;1;0;0;4;12;
Enes Kanter;C;35:57;4;13;0;0;3;4;1;10;11;1;0;1;2;2;11;
Enes Kanter;C;33:12;6;12;0;0;2;2;4;4;8;1;0;0;0;2;14;
Enes Kanter;C;39:37;4;11;0;0;3;4;2;13;15;2;1;0;0;3;11;
Enes Kanter;C;26:28;4;7;0;0;0;0;1;2;3;3;0;0;6;3;8;
Enes Kanter;C;31:10;7;13;0;0;4;5;6;6;12;0;0;0;3;4;18;
Enes Kanter;;25:06;5;11;0;0;2;2;2;4;6;0;0;0;0;3;12;
Enes Kanter;C;24:48;5;9;0;0;1;3;1;6;7;2;0;0;4;2;11;
Enes Kanter;;22:47;4;11;0;0;0;2;4;8;12;1;0;0;1;2;8;
Enes Kanter;;27:44;6;12;0;0;3;4;9;10;19;1;0;2;1;1;15;
Enes Kanter;C;33:27;6;16;0;0;3;3;6;7;13;4;0;1;2;3;15;
Enes Kanter;C;36:56;8;14;0;0;6;7;4;10;14;1;1;1;4;5;22;
Enes Kanter;C;37:27;8;12;0;0;3;4;5;7;12;2;1;1;3;1;19;
Enes Kanter;C;29:01;6;10;0;0;2;2;3;7;10;1;0;1;2;2;14;
Enes Kanter;C;38:20;8;22;0;0;4;4;10;2;12;1;0;0;3;4;20;
Enes Kanter;C;33:43;7;13;0;0;2;2;5;3;8;1;0;1;2;3;16;
Enes Kanter;C;35:01;9;12;0;0;3;4;7;1;8;3;0;0;7;3;21;
Enes Kanter;C;37:34;9;14;0;0;4;5;4;4;8;0;0;0;0;2;22;
Enes Kanter;C;27:25;4;11;0;0;0;0;2;2;4;1;0;1;1;4;8;
Enes Kanter;C;37:32;5;12;0;0;4;4;1;3;4;2;1;1;1;3;14;
Enes Kanter;C;33:29;6;12;0;0;0;0;2;2;4;0;0;0;3;5;12;
Enes Kanter;C;37:59;8;10;0;0;5;6;1;9;10;1;0;3;3;3;21;
Enes Kanter;C;31:55;5;12;0;0;0;0;4;5;9;1;0;0;1;3;10;
Enes Kanter;C;28:18;5;12;0;0;0;0;1;4;5;2;0;2;2;3;10;
Enes Kanter;C;30:23;4;12;0;0;0;1;1;5;6;1;0;0;0;4;8;
Enes Kanter;C;31:45;8;13;0;0;3;6;1;8;9;1;0;1;0;4;19;
Enes Kanter;C;20:45;1;6;0;0;0;0;1;4;5;1;0;0;2;3;2;
Enes Kanter;;24:39;3;5;0;0;4;8;1;2;3;0;1;0;4;3;10;
Enes Kanter;;18:42;3;7;0;0;0;0;2;2;4;0;0;0;2;5;6;
Enes Kanter;;14:11;3;6;0;0;2;2;2;2;4;0;0;0;0;1;8;
Enes Kanter;;12:45;1;3;0;0;1;2;1;1;2;0;0;0;3;1;3;
Enes Kanter;C;39:54;8;18;0;0;4;4;3;7;10;0;0;1;2;3;20;
Enes Kanter;C;20:23;3;8;0;0;0;0;2;0;2;0;2;0;2;2;6;
Enes Kanter;C;36:38;6;11;0;0;0;0;0;7;7;2;1;4;3;6;12;
Enes Kanter;C;34:24;9;18;0;0;1;1;2;3;5;2;2;1;1;4;19;
Enes Kanter;;17:15;4;7;0;0;0;0;1;2;3;1;1;0;2;5;8;
Enes Kanter;;11:31;0;5;0;0;0;0;0;1;1;0;0;0;1;3;0;
Enes Kanter;;15:58;1;6;0;0;1;2;1;0;1;0;0;2;2;3;3;
Enes Kanter;;17:10;6;11;0;0;2;2;3;5;8;0;0;0;0;2;14;
Enes Kanter;;16:23;1;6;0;0;0;0;1;2;3;0;0;2;3;1;2;
Enes Kanter;;27:25;5;11;0;0;3;5;5;8;13;1;1;2;3;0;13;
Enes Kanter;;17:42;4;8;0;0;0;0;2;2;4;1;1;0;0;4;8;
Enes Kanter;;18:02;0;5;0;0;0;0;1;3;4;1;0;0;1;4;0;
Enes Kanter;;14:46;3;6;0;0;2;2;1;1;2;0;0;0;2;3;8;
Enes Kanter;;31:05;7;13;0;0;3;3;4;8;12;2;3;1;1;5;17;
Enes Kanter;;13:37;2;8;0;0;0;0;2;5;7;1;0;0;2;2;4;
