Eric Maynor;;6:37;0;2;0;1;0;0;0;0;0;1;0;0;0;1;0;
Eric Maynor;;15:39;0;5;0;2;1;2;0;1;1;2;1;1;3;1;1;
Eric Maynor;;18:19;5;6;1;1;2;2;0;4;4;2;0;0;0;0;13;
Eric Maynor;;17:35;5;7;2;3;1;4;1;4;5;1;0;1;0;1;13;
Eric Maynor;;16:08;0;4;0;2;0;0;0;1;1;1;0;0;3;0;0;
Eric Maynor;;12:30;0;4;0;1;0;0;1;0;1;1;1;0;1;1;0;
Eric Maynor;;13:16;1;2;1;2;0;0;0;2;2;2;1;0;3;0;3;
Eric Maynor;;9:04;0;0;0;0;0;0;0;1;1;1;1;0;1;1;0;
Eric Maynor;;9:37;0;1;0;1;0;0;0;0;0;2;0;0;1;0;0;
Eric Maynor;;9:01;1;3;1;1;0;0;0;2;2;1;0;0;0;0;3;
Eric Maynor;;14:04;2;4;0;1;0;0;2;0;2;4;0;0;0;2;4;
Eric Maynor;;14:13;2;2;1;1;0;0;1;1;2;4;1;0;0;0;5;
Eric Maynor;;12:11;2;7;1;1;0;0;1;0;1;3;0;0;0;0;5;
Eric Maynor;;10:17;2;6;1;2;0;0;1;0;1;2;1;0;1;0;5;
Eric Maynor;;13:20;0;1;0;1;0;0;0;2;2;2;1;0;2;2;0;
Eric Maynor;;13:54;1;5;0;0;0;0;0;3;3;3;1;0;1;2;2;
Eric Maynor;;7:50;0;1;0;1;0;0;0;0;0;0;0;0;0;0;0;
Eric Maynor;;4:17;1;2;0;0;0;0;0;0;0;2;0;0;0;0;2;
Eric Maynor;;7:12;0;4;0;1;0;0;1;4;5;0;0;0;0;0;0;
Eric Maynor;;8:24;1;2;1;1;0;0;0;0;0;1;0;0;2;0;3;
Eric Maynor;;9:49;0;2;0;0;0;0;0;2;2;2;0;0;1;0;0;
Eric Maynor;;10:47;1;4;1;3;0;0;0;1;1;2;0;0;1;1;3;
Eric Maynor;;14:24;1;4;1;3;0;0;0;1;1;4;0;0;1;0;3;
Eric Maynor;;8:46;3;4;1;1;1;2;0;0;0;1;0;1;4;1;8;
Eric Maynor;;9:15;2;6;0;2;0;0;1;0;1;1;1;0;2;0;4;
Eric Maynor;;18:36;1;4;0;0;0;0;0;0;0;3;0;0;1;2;2;
Eric Maynor;;4:28;1;4;0;1;1;1;0;0;0;1;0;0;0;0;3;
Eric Maynor;;4:58;0;3;0;3;0;0;0;1;1;1;0;0;1;1;0;
Eric Maynor;;3:22;0;0;0;0;0;0;0;0;0;1;0;0;0;0;0;
Eric Maynor;;4:25;0;1;0;0;0;0;0;0;0;1;0;0;0;0;0;
Eric Maynor;;4:24;0;1;0;1;0;0;0;0;0;0;0;0;0;1;0;
