╔═══════════════╤═══════════════╗
║Name		│Eric Gordon	║
╟───────────────┼───────────────╢
║Number		│10		║
╟───────────────┼───────────────╢
║Position	│G		║
╟───────────────┼───────────────╢
║Height		│6-4		║
╟───────────────┼───────────────╢
║Weight		│215		║
╟───────────────┼───────────────╢
║Birth		│DEC 25, 1988	║
╟───────────────┼───────────────╢
║Age		│25		║
╟───────────────┼───────────────╢
║Exp		│5		║
╟───────────────┼───────────────╢
║School		│Indiana	║
╚═══════════════╧═══════════════╝
Eric Gordon;G;29:11;5;12;0;4;2;2;1;4;5;3;2;0;4;2;12;
Eric Gordon;G;33:00;3;7;0;0;6;6;1;4;5;3;0;0;2;2;12;
Eric Gordon;G;38:43;9;16;3;5;0;0;2;4;6;2;0;0;4;0;21;
Eric Gordon;G;29:34;6;13;2;4;1;1;0;1;1;3;1;0;0;0;15;
Eric Gordon;G;37:48;9;18;1;5;4;5;0;3;3;4;1;1;0;2;23;
Eric Gordon;G;35:02;9;13;2;3;7;7;0;2;2;3;1;0;2;3;27;
Eric Gordon;G;37:47;7;14;3;6;3;4;2;1;3;3;2;0;8;6;20;
Eric Gordon;G;32:10;4;14;1;1;3;5;0;0;0;3;2;0;1;3;12;
Eric Gordon;G;41:48;11;17;6;9;7;8;0;3;3;6;1;0;2;2;35;
Eric Gordon;G;32:38;3;17;0;6;2;2;2;3;5;6;2;0;3;3;8;
Eric Gordon;G;35:07;4;10;1;2;3;4;1;2;3;3;1;0;1;4;12;
Eric Gordon;G;27:05;2;6;1;2;2;4;0;1;1;1;1;0;3;2;7;
Eric Gordon;G;32:34;5;10;2;4;3;4;0;3;3;3;2;0;7;2;15;
Eric Gordon;G;36:36;6;17;1;5;1;2;0;3;3;5;3;0;2;1;14;
Eric Gordon;G;35:35;8;17;1;5;3;5;0;7;7;9;1;0;0;0;20;
Eric Gordon;G;35:15;5;17;1;5;3;5;1;3;4;1;1;1;0;3;14;
Eric Gordon;G;31:28;4;15;1;3;0;0;0;2;2;4;1;0;1;1;9;
Eric Gordon;G;32:26;6;13;3;5;4;4;0;3;3;4;1;1;2;2;19;
Eric Gordon;G;33:35;7;17;1;5;3;3;1;2;3;1;0;0;1;2;18;
Eric Gordon;G;37:12;8;15;2;4;2;3;0;1;1;4;3;1;2;0;20;
Eric Gordon;G;27:41;3;12;0;3;1;4;0;1;1;2;0;0;3;2;7;
Eric Gordon;G;26:24;5;12;0;1;0;0;0;0;0;2;0;1;1;1;10;
Eric Gordon;G;34:09;7;13;2;5;5;6;1;0;1;6;2;0;1;1;21;
Eric Gordon;G;34:52;9;17;3;9;7;8;0;4;4;1;0;0;0;3;28;
Eric Gordon;G;31:01;5;11;2;4;2;4;0;0;0;2;0;0;1;1;14;
Eric Gordon;G;29:16;3;10;1;3;3;3;0;1;1;2;0;0;4;1;10;
Eric Gordon;G;23:01;4;6;2;4;0;0;0;0;0;1;0;0;1;3;10;
Eric Gordon;G;34:01;7;11;3;5;2;4;0;2;2;2;1;0;5;0;19;
Eric Gordon;G;38:07;7;10;3;4;4;4;0;2;2;5;2;0;2;2;21;
Eric Gordon;G;32:12;1;13;0;3;0;0;2;2;4;4;1;0;3;1;2;
Eric Gordon;G;24:40;4;9;2;4;0;0;0;1;1;2;2;0;1;6;10;
Eric Gordon;G;37:45;9;13;4;5;6;6;0;2;2;6;2;0;2;0;28;
Eric Gordon;G;29:16;5;10;2;7;0;0;0;0;0;5;0;0;1;3;12;
Eric Gordon;G;35:46;4;12;1;2;1;2;0;3;3;1;0;0;4;2;10;
Eric Gordon;G;35:59;6;15;2;5;2;4;1;5;6;6;0;0;3;1;16;
Eric Gordon;G;40:28;6;16;1;6;6;6;1;2;3;8;1;1;2;1;19;
Eric Gordon;G;29:11;4;10;2;6;5;6;0;2;2;2;0;0;4;4;15;
Eric Gordon;G;7:41;1;2;0;0;0;0;0;2;2;0;0;0;0;0;2;
Eric Gordon;G;33:29;8;19;3;5;6;9;1;2;3;1;2;0;1;0;25;
Eric Gordon;G;28:19;4;11;1;2;3;6;1;1;2;2;1;0;0;2;12;
Eric Gordon;G;21:06;3;7;1;3;0;0;0;2;2;2;1;2;3;3;7;
Eric Gordon;G;34:13;7;17;3;5;3;3;1;2;3;5;3;0;2;3;20;
Eric Gordon;G;33:58;6;14;1;4;6;6;2;2;4;2;2;1;1;0;19;
Eric Gordon;G;31:09;5;11;1;2;5;6;0;6;6;2;2;0;0;1;16;
Eric Gordon;G;32:20;5;14;2;4;2;2;2;3;5;5;2;0;3;1;14;
Eric Gordon;G;32:03;5;13;0;3;7;7;0;1;1;3;3;0;2;1;17;
Eric Gordon;G;33:21;5;13;3;6;3;4;0;1;1;4;5;0;2;4;16;
Eric Gordon;G;25:50;7;12;3;7;2;3;0;4;4;3;2;0;3;2;19;
Eric Gordon;G;28:03;3;13;0;4;3;4;0;1;1;0;0;0;1;1;9;
Eric Gordon;G;35:34;7;16;1;5;4;4;1;3;4;2;0;0;4;1;19;
Eric Gordon;G;19:16;2;9;0;2;0;0;0;0;0;2;0;0;4;1;4;
Eric Gordon;G;35:57;6;12;2;5;2;4;0;0;0;7;2;1;3;2;16;
Eric Gordon;G;39:45;11;16;2;5;2;2;0;2;2;7;2;0;1;2;26;
Eric Gordon;G;33:37;4;10;1;3;1;2;0;3;3;2;3;0;2;1;10;
Eric Gordon;G;35:01;7;19;2;5;7;8;2;4;6;2;1;0;1;0;23;
Eric Gordon;G;35:40;6;14;2;5;1;2;1;3;4;2;0;0;3;3;15;
Eric Gordon;G;33:48;7;14;1;1;1;3;0;1;1;3;1;1;3;4;16;
Eric Gordon;G;36:15;5;9;2;5;2;2;0;1;1;6;0;0;3;0;14;
Eric Gordon;G;36:01;10;12;3;3;2;2;0;4;4;4;1;1;2;0;25;
Eric Gordon;G;29:25;4;11;1;4;1;1;0;2;2;6;0;0;0;2;10;
Eric Gordon;G;24:12;1;9;1;3;2;2;0;2;2;1;1;0;2;1;5;
Eric Gordon;G;30:26;4;11;0;1;1;2;1;2;3;2;1;0;0;3;9;
Eric Gordon;G;31:46;7;14;1;2;3;4;0;1;1;4;0;0;1;3;18;
Eric Gordon;G;20:39;6;13;2;4;3;4;2;0;2;0;0;0;3;1;17;
