╔═══════════════╤═══════════════╗
║Name		│Eric Bledsoe	║
╟───────────────┼───────────────╢
║Number		│2		║
╟───────────────┼───────────────╢
║Position	│G		║
╟───────────────┼───────────────╢
║Height		│6-1		║
╟───────────────┼───────────────╢
║Weight		│195		║
╟───────────────┼───────────────╢
║Birth		│DEC 09, 1989	║
╟───────────────┼───────────────╢
║Age		│24		║
╟───────────────┼───────────────╢
║Exp		│3		║
╟───────────────┼───────────────╢
║School		│Kentucky	║
╚═══════════════╧═══════════════╝
Eric Bledsoe;;32:18;5;16;1;6;4;6;0;3;3;9;2;0;0;0;15;
Eric Bledsoe;G;29:05;6;12;0;3;5;6;3;7;10;4;1;0;1;1;17;
Eric Bledsoe;G;29:07;2;5;0;0;10;10;0;4;4;3;0;0;4;0;14;
Eric Bledsoe;G;23:13;4;10;1;3;1;2;1;4;5;5;1;0;2;4;10;
Eric Bledsoe;G;24:26;3;11;1;3;0;0;1;6;7;6;3;0;2;1;7;
Eric Bledsoe;G;37:45;8;16;1;5;6;9;0;5;5;5;2;0;5;2;23;
Eric Bledsoe;G;35:17;6;13;1;5;8;10;0;5;5;5;1;0;2;5;21;
Eric Bledsoe;G;37:25;7;15;3;3;3;4;3;3;6;4;2;0;4;2;20;
Eric Bledsoe;G;37:18;8;18;3;4;4;4;1;5;6;6;3;0;7;3;23;
Eric Bledsoe;G;31:01;6;15;2;4;2;2;0;7;7;6;1;1;1;3;16;
Eric Bledsoe;G;28:52;1;9;0;4;8;11;0;4;4;4;0;0;4;1;10;
Eric Bledsoe;G;29:32;6;9;1;2;1;1;0;1;1;3;0;0;5;4;14;
Eric Bledsoe;G;36:29;9;17;1;3;11;13;4;3;7;3;2;2;3;3;30;
Eric Bledsoe;G;31:30;6;13;0;2;6;11;0;4;4;4;3;0;5;1;18;
Eric Bledsoe;G;38:07;7;13;1;2;1;2;1;5;6;6;2;2;4;2;16;
Eric Bledsoe;G;37:17;11;16;2;4;6;8;2;9;11;9;3;0;7;2;30;
Eric Bledsoe;G;40:39;11;15;2;2;5;7;0;4;4;6;4;1;7;2;29;
Eric Bledsoe;G;37:24;6;16;1;4;0;1;0;3;3;5;2;0;2;2;13;
Eric Bledsoe;G;16:42;2;6;1;1;1;2;1;1;2;2;0;0;0;0;6;
Eric Bledsoe;G;38:52;7;12;0;3;8;11;0;7;7;6;1;0;4;2;22;
Eric Bledsoe;G;27:37;4;15;2;7;8;10;1;4;5;6;2;0;5;4;18;
Eric Bledsoe;G;40:02;7;17;2;8;10;12;2;5;7;14;3;0;8;3;26;
Eric Bledsoe;G;31:51;10;12;1;2;4;4;0;4;4;5;3;0;5;2;25;
Eric Bledsoe;G;30:28;6;12;1;3;1;3;1;1;2;5;0;0;0;0;14;
Eric Bledsoe;G;35:34;6;11;1;1;4;4;0;2;2;9;3;0;3;3;17;
Eric Bledsoe;G;33:21;7;11;2;3;8;9;0;4;4;6;1;1;5;3;24;
Eric Bledsoe;G;35:44;10;21;0;1;3;3;0;3;3;6;1;0;3;0;23;
Eric Bledsoe;G;39:44;5;13;1;6;4;4;1;6;7;4;2;0;2;1;15;
Eric Bledsoe;;28:15;7;11;1;2;4;6;1;5;6;2;3;0;2;2;19;
Eric Bledsoe;;28:01;4;9;1;3;4;6;0;2;2;2;0;0;4;4;13;
Eric Bledsoe;G;31:44;4;13;0;3;1;2;1;2;3;5;0;0;1;3;9;
Eric Bledsoe;G;40:19;7;14;3;4;3;4;0;3;3;7;2;1;4;1;20;
Eric Bledsoe;G;33:49;5;11;2;2;4;5;0;1;1;7;0;1;3;3;16;
Eric Bledsoe;G;36:58;7;19;1;6;3;4;0;4;4;9;3;0;3;3;18;
Eric Bledsoe;G;35:04;11;16;2;4;4;4;0;5;5;8;3;2;3;2;28;
Eric Bledsoe;G;40:44;7;16;2;5;8;12;1;7;8;8;3;0;5;2;24;
Eric Bledsoe;G;33:14;6;15;0;3;3;3;0;5;5;7;0;0;4;4;15;
Eric Bledsoe;G;29:57;4;9;1;4;1;2;1;1;2;3;1;0;1;4;10;
Eric Bledsoe;G;37:21;9;12;3;4;4;4;0;4;4;6;1;0;3;2;25;
Eric Bledsoe;G;30:40;5;10;1;1;5;5;1;10;11;7;0;1;3;3;16;
Eric Bledsoe;G;18:34;3;9;0;0;1;1;0;0;0;0;0;0;3;4;7;
Eric Bledsoe;G;34:02;7;13;1;4;5;6;0;4;4;4;3;2;2;3;20;
Eric Bledsoe;G;31:06;3;10;0;1;1;4;0;3;3;4;2;0;2;3;7;
