╔═══════════════╤═══════════════╗
║Name		│Erik Murphy	║
╟───────────────┼───────────────╢
║Number		│33		║
╟───────────────┼───────────────╢
║Position	│F		║
╟───────────────┼───────────────╢
║Height		│6-10		║
╟───────────────┼───────────────╢
║Weight		│230		║
╟───────────────┼───────────────╢
║Birth		│OCT 26, 1990	║
╟───────────────┼───────────────╢
║Age		│23		║
╟───────────────┼───────────────╢
║Exp		│R		║
╟───────────────┼───────────────╢
║School		│Florida	║
╚═══════════════╧═══════════════╝
Erik Murphy;;4:20;0;1;0;0;0;0;0;0;0;0;0;1;0;0;0;
Erik Murphy;;0:54;0;0;0;0;0;0;0;0;0;0;0;0;0;0;0;
Erik Murphy;;4:54;0;0;0;0;0;0;0;1;1;0;0;1;0;0;0;
Erik Murphy;;3:41;0;0;0;0;0;0;1;2;3;0;0;0;0;0;0;
Erik Murphy;;4:52;0;1;0;0;0;0;0;0;0;0;0;0;0;1;0;
Erik Murphy;;3:55;0;2;0;2;0;0;0;0;0;1;0;1;0;1;0;
Erik Murphy;;2:17;1;1;0;0;0;0;0;0;0;1;0;0;0;1;2;
Erik Murphy;;0:13;0;0;0;0;0;0;0;0;0;0;0;0;0;0;0;
Erik Murphy;;1:05;0;0;0;0;0;0;0;0;0;0;0;0;0;0;0;
Erik Murphy;;3:37;0;1;0;0;0;0;0;2;2;0;0;1;1;1;0;
Erik Murphy;;0:24;0;0;0;0;0;0;0;0;0;0;0;0;0;0;0;
Erik Murphy;;0:22;0;0;0;0;0;0;0;0;0;0;0;0;0;0;0;
Erik Murphy;;1:16;0;0;0;0;0;0;0;0;0;0;0;0;0;0;0;
Erik Murphy;;6:22;0;2;0;0;0;0;0;0;0;0;0;0;0;1;0;
Erik Murphy;;1:40;0;0;0;0;0;0;0;1;1;0;0;0;1;0;0;
Erik Murphy;;0:31;0;1;0;0;0;0;0;0;0;0;0;0;0;0;0;
Erik Murphy;;10:10;1;3;0;1;0;0;1;0;1;0;0;0;0;1;2;
Erik Murphy;;4:36;0;0;0;0;0;0;0;0;0;0;0;0;0;0;0;
Erik Murphy;;1:00;0;0;0;0;0;0;0;0;0;0;0;0;0;0;0;
Erik Murphy;;0:25;0;0;0;0;0;0;0;0;0;0;0;0;0;0;0;
Erik Murphy;;2:25;0;0;0;0;0;0;0;0;0;0;0;0;0;0;0;
Erik Murphy;;0:27;0;0;0;0;0;0;0;0;0;0;0;0;0;0;0;
Erik Murphy;;1:42;0;0;0;0;0;0;0;0;0;0;0;0;0;1;0;
Erik Murphy;;1:03;1;1;0;0;0;0;0;0;0;0;0;0;0;0;2;
