╔═══════════════╤═══════════════════════╗
║Name		│Ersan Ilyasova		║
╟───────────────┼───────────────────────╢
║Number		│7			║
╟───────────────┼───────────────────────╢
║Position	│F			║
╟───────────────┼───────────────────────╢
║Height		│6-10			║
╟───────────────┼───────────────────────╢
║Weight		│235			║
╟───────────────┼───────────────────────╢
║Birth		│MAY 15, 1987		║
╟───────────────┼───────────────────────╢
║Age		│27			║
╟───────────────┼───────────────────────╢
║Exp		│5			║
╟───────────────┼───────────────────────╢
║School		│Eskisehir, Turkey	║
╚═══════════════╧═══════════════════════╝
Ersan Ilyasova;F;17:59;4;9;0;1;0;0;1;2;3;0;0;0;4;2;8;
Ersan Ilyasova;F;20:55;6;9;0;3;0;1;1;3;4;0;1;0;2;1;12;
Ersan Ilyasova;F;30:57;6;15;2;5;6;8;3;3;6;0;2;0;1;2;20;
Ersan Ilyasova;F;29:54;6;13;2;2;0;0;1;5;6;0;1;0;0;4;14;
Ersan Ilyasova;F;25:53;3;9;2;4;0;0;1;2;3;2;0;0;2;4;8;
Ersan Ilyasova;F;33:09;11;16;3;3;4;4;2;7;9;0;2;0;0;0;29;
Ersan Ilyasova;F;29:03;2;11;0;1;0;0;4;9;13;3;1;0;1;4;4;
Ersan Ilyasova;F;22:55;1;3;1;1;2;2;0;3;3;1;1;0;3;1;5;
Ersan Ilyasova;F;19:28;1;6;0;1;0;0;0;3;3;1;0;0;0;2;2;
Ersan Ilyasova;F;27:22;6;13;0;3;0;0;3;3;6;1;1;0;2;3;12;
Ersan Ilyasova;F;22:16;2;10;1;3;0;0;0;6;6;1;0;0;1;0;5;
Ersan Ilyasova;F;20:42;5;15;0;3;1;1;6;7;13;1;1;0;1;2;11;
Ersan Ilyasova;F;30:52;6;22;1;6;3;4;4;4;8;1;1;0;0;2;16;
Ersan Ilyasova;F;32:32;7;15;3;6;10;10;1;3;4;1;0;0;0;5;27;
Ersan Ilyasova;F;20:20;4;12;2;3;0;0;2;4;6;1;0;0;0;2;10;
Ersan Ilyasova;F;38:12;5;13;2;3;2;3;2;11;13;2;2;0;1;4;14;
Ersan Ilyasova;F;34:06;4;11;1;2;4;4;4;4;8;2;0;0;1;3;13;
Ersan Ilyasova;F;20:33;4;16;0;3;0;0;3;8;11;2;0;1;0;1;8;
Ersan Ilyasova;F;35:13;5;13;1;1;5;8;2;7;9;2;0;0;0;2;16;
Ersan Ilyasova;F;19:06;3;9;1;2;2;2;1;7;8;2;0;0;2;2;9;
Ersan Ilyasova;F;35:20;5;14;1;3;3;4;4;7;11;0;1;0;0;4;14;
Ersan Ilyasova;F;25:47;5;9;1;3;1;1;0;2;2;2;0;0;0;5;12;
Ersan Ilyasova;F;24:42;7;9;0;1;6;6;2;2;4;3;1;1;0;2;20;
Ersan Ilyasova;F;28:21;3;7;1;1;2;2;2;9;11;1;0;0;2;2;9;
Ersan Ilyasova;F;22:17;3;9;1;2;4;5;3;8;11;1;0;0;1;4;11;
Ersan Ilyasova;F;30:06;13;14;2;2;3;4;2;3;5;0;2;1;1;1;31;
Ersan Ilyasova;F;29:43;3;8;0;2;3;4;2;3;5;2;0;0;0;4;9;
Ersan Ilyasova;F;27:32;4;10;0;2;5;6;1;7;8;0;1;1;1;4;13;
Ersan Ilyasova;F;31:49;6;13;1;6;3;6;2;9;11;1;0;0;0;1;16;
Ersan Ilyasova;F;30:26;10;20;0;3;2;2;7;3;10;3;2;0;1;2;22;
Ersan Ilyasova;F;24:56;3;10;0;2;2;2;2;1;3;1;0;0;0;2;8;
Ersan Ilyasova;F;23:07;6;10;0;0;0;0;5;4;9;2;2;0;1;6;12;
Ersan Ilyasova;F;18:50;4;9;0;2;3;3;0;3;3;0;0;0;0;3;11;
Ersan Ilyasova;F;23:57;4;7;0;1;6;6;1;3;4;0;0;0;0;0;14;
Ersan Ilyasova;;19:43;5;6;0;0;0;0;0;2;2;1;3;0;2;1;10;
Ersan Ilyasova;F;22:55;2;7;1;3;0;0;0;4;4;1;2;1;1;3;5;
Ersan Ilyasova;F;23:30;6;12;2;2;0;0;2;2;4;2;0;1;2;1;14;
Ersan Ilyasova;;21:42;2;8;1;3;0;0;2;3;5;4;2;1;1;3;5;
Ersan Ilyasova;F;40:35;9;17;1;4;0;0;1;5;6;6;3;0;1;4;19;
Ersan Ilyasova;F;20:49;3;6;0;2;1;2;1;1;2;0;0;0;2;1;7;
Ersan Ilyasova;F;16:28;1;3;0;1;0;0;2;2;4;1;1;0;2;5;2;
Ersan Ilyasova;F;39:10;6;7;0;1;0;0;1;5;6;4;1;0;5;4;12;
Ersan Ilyasova;F;12:28;0;6;0;0;0;0;0;4;4;0;0;0;0;0;0;
Ersan Ilyasova;;21:09;3;5;0;0;1;1;1;6;7;0;0;0;1;1;7;
Ersan Ilyasova;;36:33;8;19;2;6;4;5;7;3;10;1;1;0;4;5;22;
Ersan Ilyasova;F;27:49;2;8;0;3;3;4;0;5;5;2;0;0;1;5;7;
Ersan Ilyasova;;29:22;2;6;0;1;0;0;1;4;5;2;0;0;1;2;4;
Ersan Ilyasova;;31:09;4;9;0;2;2;2;0;1;1;1;2;0;2;2;10;
Ersan Ilyasova;;38:31;3;16;1;4;1;2;2;4;6;2;1;0;0;1;8;
Ersan Ilyasova;;24:22;1;7;0;1;1;2;2;1;3;1;1;0;0;1;3;
Ersan Ilyasova;F;18:37;0;2;0;0;2;2;1;4;5;0;2;0;3;2;2;
Ersan Ilyasova;F;44:25;2;10;0;4;7;8;1;3;4;2;0;1;2;2;11;
Ersan Ilyasova;F;22:06;2;11;0;4;2;2;2;3;5;1;0;0;0;2;6;
Ersan Ilyasova;F;20:32;2;10;0;3;0;0;2;1;3;1;3;0;2;2;4;
Ersan Ilyasova;F;33:14;7;15;0;1;1;2;5;7;12;1;2;0;1;1;15;
