╔═══════════════╤═══════════════╗
║Name		│Evan Turner	║
╟───────────────┼───────────────╢
║Number		│12		║
╟───────────────┼───────────────╢
║Position	│F-G		║
╟───────────────┼───────────────╢
║Height		│6-7		║
╟───────────────┼───────────────╢
║Weight		│220		║
╟───────────────┼───────────────╢
║Birth		│OCT 27, 1988	║
╟───────────────┼───────────────╢
║Age		│25		║
╟───────────────┼───────────────╢
║Exp		│3		║
╟───────────────┼───────────────╢
║School		│Ohio State	║
╚═══════════════╧═══════════════╝
Evan Turner;F;40:20;8;17;1;3;6;8;0;5;5;6;2;1;1;3;23;
Evan Turner;F;42:26;11;22;0;4;2;2;2;8;10;6;2;0;1;3;24;
Evan Turner;F;36:06;9;20;2;3;3;4;0;7;7;0;1;1;4;4;23;
Evan Turner;F;25:15;5;9;0;1;3;4;0;1;1;3;0;0;1;2;13;
Evan Turner;F;17:31;2;13;0;1;0;0;1;0;1;2;0;0;0;3;4;
Evan Turner;F;36:37;6;14;2;3;5;6;1;4;5;4;1;0;1;2;19;
Evan Turner;F;38:47;4;11;1;4;3;4;0;5;5;1;0;1;6;4;12;
Evan Turner;F;36:15;10;19;1;2;2;2;2;5;7;4;1;0;4;3;23;
Evan Turner;F;29:20;4;8;0;1;3;4;2;4;6;2;1;0;0;3;11;
Evan Turner;F;29:12;3;8;0;1;1;2;0;3;3;3;0;0;3;5;7;
Evan Turner;F;28:11;3;10;0;0;5;6;0;2;2;1;0;0;2;0;11;
Evan Turner;F;39:54;13;22;3;3;5;5;1;10;11;2;0;0;3;1;34;
Evan Turner;F;32:34;5;17;0;2;3;4;0;2;2;4;1;0;1;3;13;
Evan Turner;F;34:12;4;11;0;3;7;8;0;5;5;6;0;0;1;2;15;
Evan Turner;F;33:42;7;12;1;1;6;6;1;5;6;3;3;0;2;3;21;
Evan Turner;F;37:56;6;17;0;5;4;6;0;6;6;8;2;0;0;2;16;
Evan Turner;F;26:00;2;10;0;1;2;2;1;4;5;4;0;1;4;3;6;
Evan Turner;F;33:25;5;13;0;1;5;6;0;4;4;4;3;0;4;3;15;
Evan Turner;F;33:56;3;8;0;0;3;3;2;3;5;2;0;0;4;3;9;
Evan Turner;F;29:01;5;13;0;2;2;2;0;6;6;4;1;0;1;6;12;
Evan Turner;F;31:45;6;14;3;7;0;0;0;7;7;3;2;0;4;1;15;
Evan Turner;F;26:47;1;8;0;1;5;5;1;3;4;0;0;0;2;2;7;
Evan Turner;F;32:05;6;13;0;0;0;0;0;4;4;2;3;0;2;1;12;
Evan Turner;F;34:20;9;18;0;1;3;4;1;4;5;1;1;0;3;4;21;
Evan Turner;F;32:50;3;14;1;2;4;5;1;6;7;6;3;0;0;2;11;
Evan Turner;;26:11;6;12;0;1;1;2;0;6;6;2;1;0;2;3;13;
Evan Turner;;20:27;2;10;0;1;4;5;0;6;6;3;0;1;2;1;8;
Evan Turner;;26:29;7;13;0;1;1;3;0;3;3;2;0;0;0;4;15;
Evan Turner;;20:02;2;9;1;2;3;5;1;3;4;0;0;0;0;1;8;
Evan Turner;;17:44;0;5;0;0;0;0;0;3;3;1;0;0;0;2;0;
Evan Turner;;31:20;9;12;2;2;2;2;0;2;2;5;0;0;3;3;22;
Evan Turner;;15:23;2;3;1;1;0;0;0;1;1;0;2;0;2;1;5;
Evan Turner;;24:54;1;3;0;0;0;0;0;1;1;3;0;0;0;4;2;
Evan Turner;;22:33;4;4;1;1;0;0;0;0;0;3;0;0;1;1;9;
Evan Turner;;21:28;1;4;0;1;0;0;0;4;4;4;1;0;1;2;2;
Evan Turner;;29:39;8;15;1;2;3;3;2;3;5;2;0;0;2;1;20;
Evan Turner;;22:08;2;7;0;1;0;0;1;6;7;1;0;0;2;1;4;
Evan Turner;;17:20;1;5;0;0;1;1;0;1;1;1;0;0;0;3;3;
Evan Turner;;20:34;3;8;0;0;0;2;1;1;2;7;1;0;3;1;6;
Evan Turner;;19:26;2;5;1;2;3;4;1;2;3;0;2;0;1;1;8;
Evan Turner;;19:32;1;4;0;0;1;1;0;2;2;1;0;1;1;1;3;
Evan Turner;;21:01;4;10;0;0;0;0;1;1;2;1;1;0;1;1;8;
Evan Turner;;14:02;0;4;0;1;0;0;0;2;2;1;0;0;1;2;0;
Evan Turner;;10:22;2;5;0;1;0;0;0;1;1;0;0;0;1;1;4;
Evan Turner;;6:59;0;2;0;0;0;0;0;1;1;0;0;0;0;2;0;
Evan Turner;;17:24;2;5;0;0;0;0;0;3;3;1;0;0;0;1;4;
Evan Turner;;19:48;1;8;0;0;0;0;3;2;5;1;1;0;1;2;2;
Evan Turner;;15:27;3;7;0;1;0;0;0;3;3;4;0;0;0;2;6;
Evan Turner;G;41:18;9;18;3;4;2;3;2;5;7;9;0;0;2;2;23;
Evan Turner;;16:16;1;5;1;1;0;0;0;2;2;2;0;0;1;1;3;
Evan Turner;;18:58;0;1;0;0;0;0;0;2;2;4;1;0;4;2;0;
Evan Turner;G;34:28;5;6;1;1;3;3;0;8;8;6;1;0;3;2;14;
Evan Turner;F;37:13;10;19;0;4;6;6;0;4;4;5;1;0;3;3;26;
Evan Turner;F;34:45;10;18;0;2;3;4;2;4;6;4;2;0;4;3;23;
Evan Turner;F;38:51;7;16;0;0;6;7;2;1;3;3;1;0;2;1;20;
Evan Turner;F;25:05;7;12;0;1;4;5;2;5;7;1;3;0;5;0;18;
Evan Turner;F;38:22;9;13;1;2;5;6;2;5;7;4;1;0;1;1;24;
Evan Turner;F;36:59;10;18;0;0;2;2;2;8;10;5;1;0;6;4;22;
Evan Turner;F;41:38;9;21;2;7;11;13;1;7;8;1;0;0;4;2;31;
Evan Turner;F;34:16;9;21;1;4;1;2;1;2;3;2;0;0;1;1;20;
Evan Turner;F;46:03;9;23;0;4;5;5;0;7;7;5;1;0;3;2;23;
Evan Turner;F;36:47;10;19;0;1;7;8;1;3;4;4;0;0;7;1;27;
Evan Turner;F;26:25;2;11;0;2;0;0;0;6;6;3;0;0;2;4;4;
Evan Turner;F;36:18;10;22;2;4;4;6;2;7;9;7;0;0;4;3;26;
Evan Turner;F;38:16;4;13;0;2;5;6;0;10;10;5;3;0;3;4;13;
Evan Turner;F;38:47;10;18;0;1;7;8;1;5;6;3;1;0;5;4;27;
Evan Turner;G;38:55;8;26;0;4;5;7;2;9;11;2;1;0;6;5;21;
Evan Turner;F;42:09;7;14;1;4;2;2;0;11;11;8;0;0;3;2;17;
Evan Turner;F;34:45;9;15;3;3;1;1;1;5;6;4;1;0;2;5;22;
Evan Turner;F;31:23;7;12;2;3;4;4;0;4;4;3;3;0;4;3;20;
Evan Turner;F;41:18;7;16;0;1;10;13;2;4;6;5;2;0;7;5;24;
Evan Turner;F;40:00;7;18;2;6;0;1;1;5;6;2;0;0;2;1;16;
Evan Turner;F;37:51;3;12;0;1;0;0;0;1;1;5;2;0;1;1;6;
Evan Turner;F;39:34;11;23;1;2;2;3;2;6;8;5;1;0;3;4;25;
Evan Turner;F;38:23;6;16;1;4;0;0;0;8;8;4;0;0;9;2;13;
Evan Turner;F;39:05;7;18;3;4;4;4;3;7;10;4;2;0;2;2;21;
Evan Turner;F;21:44;1;7;1;1;0;0;0;2;2;4;0;0;0;1;3;
Evan Turner;F;25:02;3;11;2;4;1;2;1;4;5;5;0;0;2;1;9;
Evan Turner;F;47:13;13;22;1;4;2;3;0;10;10;5;1;0;4;5;29;
Evan Turner;F;33:28;2;15;0;3;6;6;3;3;6;3;2;0;3;6;10;
Evan Turner;G;41:30;9;19;0;1;4;6;3;4;7;6;0;1;2;2;22;
