╔═══════════════╤═══════════════╗
║Name		│Evan Fournier	║
╟───────────────┼───────────────╢
║Number		│94		║
╟───────────────┼───────────────╢
║Position	│G		║
╟───────────────┼───────────────╢
║Height		│6-6		║
╟───────────────┼───────────────╢
║Weight		│200		║
╟───────────────┼───────────────╢
║Birth		│OCT 29, 1992	║
╟───────────────┼───────────────╢
║Age		│21		║
╟───────────────┼───────────────╢
║Exp		│1		║
╟───────────────┼───────────────╢
║School		│France		║
╚═══════════════╧═══════════════╝
Evan Fournier;;14:24;3;6;0;3;1;2;0;2;2;1;0;0;2;5;7;
Evan Fournier;;21:07;4;8;1;3;3;3;1;2;3;0;1;0;2;3;12;
Evan Fournier;;25:25;5;10;2;3;0;0;0;7;7;3;0;0;3;2;12;
Evan Fournier;;18:47;2;4;2;4;0;0;0;4;4;2;0;0;3;4;6;
Evan Fournier;;17:46;7;13;4;7;1;1;1;3;4;1;1;0;1;5;19;
Evan Fournier;;21:33;7;8;3;3;1;3;0;5;5;2;0;0;1;3;18;
Evan Fournier;;36:59;6;15;3;7;1;3;0;3;3;2;2;0;3;3;16;
Evan Fournier;;15:17;2;4;1;2;0;0;0;2;2;1;1;0;1;2;5;
Evan Fournier;;16:15;3;8;0;4;0;0;0;1;1;3;1;1;2;1;6;
Evan Fournier;G;32:49;6;11;3;4;2;2;0;4;4;1;0;0;2;3;17;
Evan Fournier;;14:01;2;7;0;2;0;0;0;2;2;0;0;0;1;0;4;
Evan Fournier;;12:54;0;2;0;0;1;2;0;1;1;0;0;0;1;2;1;
Evan Fournier;;14:46;2;4;1;2;4;4;0;2;2;2;0;0;1;1;9;
Evan Fournier;;38:23;8;21;3;9;0;0;1;4;5;6;3;0;2;4;19;
Evan Fournier;G;38:32;7;20;3;8;1;1;3;3;6;0;2;0;7;2;18;
Evan Fournier;;9:16;0;1;0;0;1;2;1;1;2;1;0;0;0;2;1;
Evan Fournier;;15:29;2;5;2;2;0;0;1;3;4;0;0;0;3;1;6;
Evan Fournier;;20:19;2;6;1;4;0;2;0;2;2;2;1;0;3;1;5;
Evan Fournier;;20:47;5;10;2;3;0;0;1;2;3;0;0;0;2;3;12;
Evan Fournier;;18:55;2;5;1;3;3;3;1;1;2;0;0;0;0;2;8;
Evan Fournier;;32:38;4;9;1;3;4;4;1;4;5;1;0;0;3;4;13;
Evan Fournier;;32:56;8;19;3;8;6;7;3;5;8;4;2;0;1;4;25;
Evan Fournier;;27:21;3;9;1;4;0;0;2;3;5;3;0;0;2;2;7;
Evan Fournier;;24:36;4;11;1;3;0;0;1;7;8;0;1;0;1;3;9;
Evan Fournier;;35:37;8;11;4;5;7;8;0;4;4;5;1;1;3;1;27;
Evan Fournier;;30:49;2;13;0;4;5;6;0;2;2;3;2;0;1;3;9;
Evan Fournier;F;44:08;3;9;0;3;2;2;0;3;3;5;0;0;4;5;8;
Evan Fournier;;32:25;4;9;1;5;7;8;1;6;7;4;2;0;0;4;16;
Evan Fournier;;14:24;1;5;1;4;2;2;0;0;0;1;0;0;1;3;5;
Evan Fournier;;14:39;3;5;2;2;1;2;0;0;0;2;1;0;1;3;9;
Evan Fournier;;23:31;4;6;1;2;4;6;0;4;4;2;0;0;2;1;13;
Evan Fournier;;13:09;2;3;2;3;0;0;0;2;2;2;1;0;1;3;6;
Evan Fournier;;15:31;0;1;0;0;0;0;0;2;2;2;0;0;1;5;0;
Evan Fournier;;19:17;1;3;0;0;0;0;0;3;3;2;0;1;1;0;2;
Evan Fournier;;30:24;6;14;2;5;0;0;1;5;6;4;1;0;0;3;14;
Evan Fournier;;23:48;4;10;2;7;0;0;1;4;5;0;1;0;2;3;10;
Evan Fournier;;14:20;2;6;1;4;0;0;0;1;1;1;0;0;1;2;5;
Evan Fournier;F;24:23;5;9;1;3;0;0;0;1;1;0;1;0;2;3;11;
Evan Fournier;;18:17;2;6;1;4;2;2;0;1;1;1;1;1;0;2;7;
Evan Fournier;;21:24;4;10;1;4;0;0;1;2;3;4;3;0;1;2;9;
Evan Fournier;;23:40;2;5;1;2;1;3;0;5;5;1;0;0;2;4;6;
Evan Fournier;;22:01;2;2;1;1;0;0;0;1;1;1;1;0;3;2;5;
Evan Fournier;;28:37;6;10;0;3;3;3;2;3;5;1;0;0;0;3;15;
Evan Fournier;;17:09;2;3;1;1;0;0;0;3;3;1;0;0;1;2;5;
Evan Fournier;;23:56;5;13;2;5;0;1;2;2;4;6;0;0;1;3;12;
Evan Fournier;;19:45;2;7;0;4;2;2;0;2;2;0;0;0;2;2;6;
Evan Fournier;;38:59;9;16;6;10;2;2;1;3;4;4;0;0;2;3;26;
Evan Fournier;;26:56;5;9;3;6;1;2;0;1;1;1;0;0;2;3;14;
Evan Fournier;;28:19;3;11;2;6;1;2;1;1;2;4;2;0;3;2;9;
Evan Fournier;;31:09;7;16;3;8;6;7;0;3;3;2;0;0;1;2;23;
Evan Fournier;;25:47;3;10;1;5;2;2;0;5;5;1;0;0;0;5;9;
Evan Fournier;;22:34;3;11;1;7;5;5;0;2;2;1;0;0;0;2;12;
Evan Fournier;;21:13;2;8;1;3;0;0;2;3;5;2;0;0;2;2;5;
Evan Fournier;;15:23;0;6;0;3;0;0;0;1;1;0;1;0;0;2;0;
Evan Fournier;;9:01;0;0;0;0;0;0;1;1;2;1;0;0;1;3;0;
Evan Fournier;;24:17;5;10;2;3;0;0;0;3;3;1;0;1;1;1;12;
Evan Fournier;;6:55;2;2;1;1;0;0;0;1;1;0;0;0;0;2;5;
Evan Fournier;;13:29;1;3;1;2;2;2;0;0;0;0;0;0;2;3;5;
Evan Fournier;;14:51;1;3;0;0;3;4;1;0;1;1;0;0;0;0;5;
Evan Fournier;;12:51;4;7;1;3;1;1;0;0;0;2;0;0;0;3;10;
Evan Fournier;;21:23;4;10;1;3;1;2;1;1;2;0;0;2;1;6;10;
Evan Fournier;;16:59;4;7;2;3;2;4;0;3;3;2;0;0;0;3;12;
Evan Fournier;;9:49;4;7;1;3;0;2;1;2;3;1;0;0;0;0;9;
Evan Fournier;;10:22;1;4;0;2;0;0;0;3;3;2;0;0;1;3;2;
Evan Fournier;;6:25;0;1;0;1;0;0;0;1;1;1;0;0;0;0;0;
Evan Fournier;;3:36;0;2;0;0;1;2;0;0;0;0;0;0;0;1;1;
Evan Fournier;;5:29;0;1;0;1;0;0;0;0;0;0;0;0;0;1;0;
Evan Fournier;;5:56;0;1;0;0;0;0;0;0;0;0;0;0;0;0;0;
Evan Fournier;;6:28;0;1;0;0;0;0;0;1;1;0;0;0;0;0;0;
Evan Fournier;;4:35;0;0;0;0;0;0;0;0;0;0;0;0;1;1;0;
Evan Fournier;;20:55;1;7;0;2;0;0;0;3;3;1;0;0;3;1;2;
Evan Fournier;;14:36;1;1;0;0;0;0;0;0;0;2;1;0;2;2;2;
Evan Fournier;;12:39;2;5;1;1;0;0;0;0;0;0;0;0;0;2;5;
Evan Fournier;;8:49;2;7;0;1;0;0;1;1;2;0;0;0;1;2;4;
Evan Fournier;;6:57;0;1;0;1;1;2;0;0;0;0;0;0;0;3;1;
Evan Fournier;;4:19;0;1;0;0;0;0;0;0;0;0;0;0;0;0;0;
