╔═══════════════╤═══════════════════════╗
║Name		│Francisco Garcia	║
╟───────────────┼───────────────────────╢
║Number		│32			║
╟───────────────┼───────────────────────╢
║Position	│G-F			║
╟───────────────┼───────────────────────╢
║Height		│6-7			║
╟───────────────┼───────────────────────╢
║Weight		│195			║
╟───────────────┼───────────────────────╢
║Birth		│DEC 31, 1980		║
╟───────────────┼───────────────────────╢
║Age		│33			║
╟───────────────┼───────────────────────╢
║Exp		│8			║
╟───────────────┼───────────────────────╢
║School		│Louisville		║
╚═══════════════╧═══════════════════════╝
Francisco Garcia;;19:11;1;2;1;2;0;0;0;4;4;0;0;1;0;4;3;
Francisco Garcia;;21:53;1;3;1;2;0;0;1;1;2;1;1;0;1;2;3;
Francisco Garcia;;23:21;1;7;0;4;0;0;0;1;1;1;1;0;1;3;2;
Francisco Garcia;;31:10;2;3;2;2;0;0;1;3;4;3;1;1;0;3;6;
Francisco Garcia;;11:15;0;2;0;1;0;0;1;1;2;0;0;1;0;0;0;
Francisco Garcia;;10:04;0;0;0;0;0;0;0;1;1;0;0;0;0;2;0;
Francisco Garcia;;8:41;1;3;1;3;0;0;0;0;0;0;0;0;0;2;3;
Francisco Garcia;;12:25;2;5;2;5;0;0;0;1;1;1;0;1;0;1;6;
Francisco Garcia;;18:13;2;4;1;3;0;0;0;1;1;0;0;0;1;0;5;
Francisco Garcia;;18:40;4;7;3;5;0;0;0;2;2;2;0;0;0;2;11;
Francisco Garcia;;16:32;4;5;3;4;0;0;1;2;3;0;0;1;1;3;11;
Francisco Garcia;;13:03;2;4;1;2;0;0;0;1;1;1;1;0;0;3;5;
Francisco Garcia;;1:53;0;0;0;0;0;0;0;0;0;0;0;0;0;0;0;
Francisco Garcia;;8:28;1;2;1;2;0;0;1;1;2;0;0;0;1;1;3;
Francisco Garcia;;25:32;4;9;2;5;0;0;0;2;2;3;0;1;0;2;10;
Francisco Garcia;;17:25;2;3;0;0;0;0;0;1;1;2;0;0;0;3;4;
Francisco Garcia;;28:05;2;4;2;3;0;0;0;1;1;3;2;0;0;5;6;
Francisco Garcia;;31:57;5;11;1;5;0;2;1;5;6;1;0;1;0;4;11;
Francisco Garcia;;22:59;2;9;1;4;0;0;1;2;3;3;0;2;2;5;5;
Francisco Garcia;;8:49;1;2;0;1;0;0;0;1;1;1;0;0;0;2;2;
Francisco Garcia;;33:14;2;8;0;2;0;0;0;1;1;1;0;0;0;4;4;
Francisco Garcia;;13:48;1;3;0;0;0;0;0;3;3;0;0;0;0;0;2;
Francisco Garcia;;30:03;7;13;5;9;0;0;0;1;1;1;0;0;1;2;19;
Francisco Garcia;;24:47;3;6;2;5;0;0;1;1;2;3;1;3;1;2;8;
Francisco Garcia;;25:45;4;8;3;6;1;2;0;1;1;0;0;0;0;3;12;
Francisco Garcia;;21:18;5;9;2;6;2;2;1;1;2;0;0;0;0;1;14;
Francisco Garcia;;22:35;2;6;2;4;0;0;0;1;1;0;1;0;0;2;6;
Francisco Garcia;;14:12;1;6;0;5;0;0;0;1;1;0;1;1;1;3;2;
Francisco Garcia;;19:46;1;6;0;3;1;2;1;4;5;1;2;0;1;3;3;
Francisco Garcia;;20:10;0;4;0;4;0;0;0;2;2;2;1;0;1;1;0;
Francisco Garcia;;16:25;2;5;2;4;2;2;0;2;2;1;0;2;0;3;8;
Francisco Garcia;;13:56;0;2;0;1;0;0;0;1;1;2;0;0;1;0;0;
Francisco Garcia;;18:08;2;3;0;1;0;0;0;5;5;1;0;0;0;2;4;
Francisco Garcia;;10:09;1;4;1;3;0;0;0;0;0;0;0;0;1;1;3;
Francisco Garcia;;15:15;0;1;0;0;0;0;0;1;1;1;0;1;1;0;0;
Francisco Garcia;;20:21;2;8;1;6;1;2;0;5;5;2;2;2;3;6;6;
Francisco Garcia;;33:12;9;14;3;6;0;0;0;2;2;3;1;0;1;0;21;
Francisco Garcia;;24:47;5;9;5;7;0;0;1;2;3;5;1;3;1;4;15;
Francisco Garcia;;13:41;3;6;2;4;0;0;1;2;3;0;2;0;1;2;8;
Francisco Garcia;F;34:31;5;10;3;7;0;0;0;6;6;2;0;4;0;2;13;
Francisco Garcia;F;27:31;3;9;2;7;0;0;1;4;5;1;0;0;1;3;8;
Francisco Garcia;;17:37;0;4;0;3;0;0;0;6;6;1;0;4;0;1;0;
Francisco Garcia;;12:53;0;3;0;3;0;0;0;0;0;0;1;0;2;2;0;
Francisco Garcia;;18:46;1;6;1;5;0;0;2;0;2;0;3;0;1;1;3;
Francisco Garcia;;18:10;2;5;2;3;0;0;1;3;4;0;0;0;0;2;6;
Francisco Garcia;;19:40;1;6;1;5;0;0;2;2;4;0;0;0;0;2;3;
Francisco Garcia;;18:49;4;6;1;2;0;0;1;0;1;0;0;2;0;4;9;
Francisco Garcia;;24:09;2;6;1;4;0;0;0;3;3;1;1;0;0;1;5;
Francisco Garcia;G;35:25;6;11;4;8;0;1;1;4;5;4;0;1;2;4;16;
Francisco Garcia;G;35:01;1;6;1;5;0;0;1;3;4;6;1;0;1;3;3;
Francisco Garcia;;13:53;0;0;0;0;0;0;0;0;0;2;1;0;1;2;0;
Francisco Garcia;;16:09;2;4;2;4;0;0;0;2;2;0;0;1;0;2;6;
Francisco Garcia;;12:17;0;4;0;4;0;0;0;0;0;1;1;0;0;0;0;
Francisco Garcia;;21:20;3;5;1;2;1;4;0;1;1;0;1;0;1;4;8;
Francisco Garcia;;15:56;1;3;0;2;2;2;0;0;0;0;0;0;0;1;4;
