╔═══════════════╤═══════════════╗
║Name		│Gal Mekel	║
╟───────────────┼───────────────╢
║Number		│33		║
╟───────────────┼───────────────╢
║Position	│G		║
╟───────────────┼───────────────╢
║Height		│6-3		║
╟───────────────┼───────────────╢
║Weight		│191		║
╟───────────────┼───────────────╢
║Birth		│MAR 04, 1988	║
╟───────────────┼───────────────╢
║Age		│26		║
╟───────────────┼───────────────╢
║Exp		│R		║
╟───────────────┼───────────────╢
║School		│Wichita State	║
╚═══════════════╧═══════════════╝
Gal Mekel;;4:02;0;2;0;1;0;0;0;0;0;1;0;0;0;0;0;
Gal Mekel;;7:09;0;0;0;0;0;0;0;1;1;4;0;0;3;3;0;
Gal Mekel;;9:56;1;4;0;0;0;0;0;3;3;5;0;0;1;1;2;
Gal Mekel;;1:41;0;0;0;0;0;0;0;0;0;1;0;0;0;0;0;
Gal Mekel;;2:20;0;0;0;0;0;0;0;0;0;0;0;0;0;0;0;
Gal Mekel;;14:31;0;3;0;2;0;0;1;0;1;7;0;0;1;1;0;
Gal Mekel;;4:35;1;2;0;0;0;0;0;1;1;1;0;0;0;2;2;
Gal Mekel;;8:51;0;0;0;0;2;2;0;2;2;3;0;0;2;1;2;
Gal Mekel;;22:48;5;7;1;2;0;0;0;1;1;6;0;0;1;4;11;
Gal Mekel;;7:06;0;2;0;1;0;0;0;1;1;1;0;1;2;0;0;
Gal Mekel;;26:15;4;8;1;3;0;0;0;4;4;6;0;0;3;1;9;
Gal Mekel;;10:49;0;4;0;1;0;0;1;1;2;2;1;0;0;0;0;
Gal Mekel;;15:25;3;8;0;1;1;2;0;1;1;4;0;0;0;1;7;
Gal Mekel;;13:00;1;2;0;0;2;2;0;0;0;1;0;0;2;0;4;
Gal Mekel;;12:12;1;2;0;1;2;2;0;0;0;2;1;0;1;0;4;
Gal Mekel;;6:02;0;1;0;0;0;0;0;0;0;1;0;0;3;0;0;
Gal Mekel;;13:00;3;5;0;1;0;0;0;0;0;2;1;0;1;2;6;
Gal Mekel;;6:16;0;0;0;0;0;0;0;2;2;0;0;0;1;0;0;
Gal Mekel;;9:32;2;3;0;0;1;2;0;1;1;1;0;0;1;1;5;
Gal Mekel;;3:58;0;1;0;0;0;0;0;0;0;0;0;0;0;1;0;
Gal Mekel;G;26:28;3;12;0;3;0;0;1;1;2;7;0;0;1;1;6;
Gal Mekel;;6:06;0;0;0;0;0;0;0;0;0;1;1;0;2;1;0;
Gal Mekel;;10:43;1;4;1;1;0;0;0;0;0;1;0;0;0;2;3;
Gal Mekel;;12:01;3;4;1;1;0;0;0;1;1;2;0;0;1;2;7;
Gal Mekel;;10:35;0;5;0;1;0;0;0;2;2;2;0;0;2;3;0;
Gal Mekel;;6:41;1;2;1;1;0;0;0;0;0;0;0;0;1;1;3;
Gal Mekel;;1:56;0;0;0;0;0;0;0;0;0;0;0;0;0;0;0;
Gal Mekel;;1:34;0;0;0;0;0;0;0;0;0;0;0;0;0;0;0;
Gal Mekel;;11:49;1;5;0;0;0;0;2;0;2;1;0;0;1;3;2;
Gal Mekel;;3:19;0;0;0;0;0;2;0;0;0;0;0;0;1;0;0;
Gal Mekel;;1:03;0;0;0;0;0;0;0;0;0;1;0;0;0;0;0;
