╔═══════════════╤═══════════════╗
║Name		│Garrett Temple	║
╟───────────────┼───────────────╢
║Number		│17		║
╟───────────────┼───────────────╢
║Position	│G		║
╟───────────────┼───────────────╢
║Height		│6-6		║
╟───────────────┼───────────────╢
║Weight		│195		║
╟───────────────┼───────────────╢
║Birth		│MAY 08, 1986	║
╟───────────────┼───────────────╢
║Age		│28		║
╟───────────────┼───────────────╢
║Exp		│3		║
╟───────────────┼───────────────╢
║School		│Louisiana State║
╚═══════════════╧═══════════════╝
Garrett Temple;;6:11;0;0;0;0;0;0;0;1;1;0;0;0;1;1;0;
Garrett Temple;;17:29;1;4;0;0;0;0;0;2;2;3;1;0;0;1;2;
Garrett Temple;;10:13;2;5;1;3;2;2;0;1;1;2;0;0;0;1;7;
Garrett Temple;;16:13;0;1;0;0;0;0;0;2;2;2;1;0;2;1;0;
Garrett Temple;;14:49;1;3;0;1;0;0;0;0;0;6;1;1;0;2;2;
Garrett Temple;;9:15;1;2;0;0;0;0;0;1;1;0;0;0;0;1;2;
Garrett Temple;;5:38;2;3;0;0;0;0;0;1;1;0;0;0;1;1;4;
Garrett Temple;;12:35;2;4;1;2;5;7;0;2;2;1;1;0;0;1;10;
Garrett Temple;;11:05;1;1;0;0;1;2;0;1;1;1;1;0;1;2;3;
Garrett Temple;;14:23;3;5;0;1;0;0;1;0;1;5;0;1;0;3;6;
Garrett Temple;;12:14;1;4;1;3;1;2;0;0;0;0;0;0;1;2;4;
Garrett Temple;;17:54;0;2;0;0;0;0;1;0;1;2;0;0;2;5;0;
Garrett Temple;;8:56;1;1;0;0;2;2;0;1;1;0;0;0;2;1;4;
Garrett Temple;;23:21;1;6;0;1;1;2;0;1;1;1;1;1;2;3;3;
Garrett Temple;;13:37;1;4;0;1;4;4;0;2;2;0;1;0;1;0;6;
Garrett Temple;;5:31;1;2;0;0;0;0;1;3;4;2;0;0;0;1;2;
Garrett Temple;;13:09;2;4;0;1;0;1;0;2;2;2;2;0;0;5;4;
Garrett Temple;;14:06;3;4;1;1;0;0;1;1;2;2;0;0;0;1;7;
Garrett Temple;;12:27;1;1;0;0;0;0;0;1;1;0;3;0;3;1;2;
Garrett Temple;;13:48;2;3;0;0;2;2;1;0;1;1;3;0;1;1;6;
Garrett Temple;;8:53;0;2;0;0;0;0;0;0;0;2;0;1;0;2;0;
Garrett Temple;;12:03;1;3;0;0;2;3;0;2;2;3;1;1;1;1;4;
Garrett Temple;;15:33;1;2;0;1;0;0;0;1;1;2;3;0;2;0;2;
Garrett Temple;;8:19;0;1;0;0;0;0;0;0;0;0;1;0;0;1;0;
Garrett Temple;;10:13;0;3;0;1;0;0;3;0;3;0;0;0;0;0;0;
Garrett Temple;;15:02;2;4;0;1;0;0;0;1;1;2;0;0;0;5;4;
Garrett Temple;;2:06;0;0;0;0;0;0;0;0;0;0;1;0;0;0;0;
Garrett Temple;;1:29;0;0;0;0;0;0;0;0;0;0;0;0;0;0;0;
Garrett Temple;;0:07;0;0;0;0;0;0;0;0;0;0;0;0;0;0;0;
Garrett Temple;;6:20;0;1;0;0;0;0;0;0;0;3;0;0;0;0;0;
Garrett Temple;;3:50;0;1;0;0;0;0;0;1;1;0;1;0;0;0;0;
Garrett Temple;;0:11;0;0;0;0;0;0;0;0;0;0;0;0;0;0;0;
Garrett Temple;;1:26;0;0;0;0;0;0;0;0;0;1;0;0;0;0;0;
Garrett Temple;;0:16;0;0;0;0;0;0;0;0;0;0;0;0;0;0;0;
Garrett Temple;;0:12;0;0;0;0;0;0;0;0;0;0;0;0;0;0;0;
Garrett Temple;;1:26;0;0;0;0;0;0;0;0;0;0;0;0;0;0;0;
Garrett Temple;;2:27;2;3;0;0;2;2;0;1;1;0;0;0;0;0;6;
Garrett Temple;;0:05;0;0;0;0;0;0;0;0;0;0;0;0;0;0;0;
Garrett Temple;;0:07;0;0;0;0;0;0;0;0;0;0;0;0;0;0;0;
Garrett Temple;;1:44;0;1;0;0;0;0;0;0;0;0;0;0;0;0;0;
Garrett Temple;;1:46;0;0;0;0;0;0;1;0;1;0;0;0;0;0;0;
Garrett Temple;;0:08;0;0;0;0;0;0;0;0;0;0;0;0;0;0;0;
Garrett Temple;;2:26;1;1;1;1;0;0;0;1;1;0;0;0;0;0;3;
Garrett Temple;;3:16;1;2;0;0;1;1;0;0;0;0;0;0;0;0;3;
Garrett Temple;;0:07;0;0;0;0;0;0;0;0;0;0;0;0;0;0;0;
Garrett Temple;;0:01;0;0;0;0;0;0;0;0;0;0;0;0;0;0;0;
Garrett Temple;;0:55;0;0;0;0;0;0;0;0;0;0;0;0;0;0;0;
Garrett Temple;;2:05;0;0;0;0;0;0;0;0;0;0;0;0;0;0;0;
Garrett Temple;;3:49;0;1;0;0;0;0;0;0;0;0;0;0;0;0;0;
Garrett Temple;;5:03;0;1;0;1;0;0;0;0;0;1;0;1;0;1;0;
Garrett Temple;;0:55;0;0;0;0;0;0;0;0;0;0;0;0;0;0;0;
Garrett Temple;;0:27;0;0;0;0;0;0;0;0;0;0;0;0;0;0;0;
Garrett Temple;;0:07;0;0;0;0;0;0;0;0;0;0;0;0;0;1;0;
Garrett Temple;;1:19;0;0;0;0;0;0;0;0;0;0;1;0;1;0;0;
Garrett Temple;;9:49;0;2;0;0;1;2;0;0;0;2;0;0;0;1;1;
Garrett Temple;;15:36;1;1;0;0;0;0;1;2;3;1;0;1;3;2;2;
Garrett Temple;;15:18;1;4;0;1;0;0;0;1;1;2;1;0;2;3;2;
Garrett Temple;;19:45;2;5;0;2;0;0;2;0;2;0;0;0;0;2;4;
Garrett Temple;;17:25;1;3;0;1;0;0;1;0;1;1;1;0;1;1;2;
Garrett Temple;;15:45;2;3;0;0;0;0;0;2;2;0;0;0;0;1;4;
Garrett Temple;;26:18;1;3;0;1;0;0;0;2;2;1;1;0;1;3;2;
Garrett Temple;;22:03;2;2;0;0;2;2;2;1;3;4;2;0;3;2;6;
Garrett Temple;;22:11;1;7;0;2;0;0;1;1;2;0;1;1;3;2;2;
Garrett Temple;;1:02;0;0;0;0;0;0;0;0;0;0;0;0;0;0;0;
Garrett Temple;;1:45;0;1;0;0;0;0;0;0;0;0;0;0;0;1;0;
Garrett Temple;;1:02;0;0;0;0;0;0;0;0;0;1;0;0;0;1;0;
Garrett Temple;;4:57;0;2;0;1;0;0;1;0;1;0;0;0;1;0;0;
Garrett Temple;;16:02;1;4;0;0;1;3;0;1;1;4;0;0;1;1;3;
Garrett Temple;;4:01;0;0;0;0;0;0;0;0;0;1;0;0;1;2;0;
Garrett Temple;;15:25;1;1;0;0;0;0;0;1;1;2;0;0;0;1;2;
Garrett Temple;;10:30;2;7;1;1;0;0;1;1;2;1;1;0;1;1;5;
Garrett Temple;;11:31;1;5;0;1;0;0;2;1;3;1;0;0;1;1;2;
Garrett Temple;;11:50;0;1;0;0;0;0;0;0;0;1;1;0;2;0;0;
Garrett Temple;;17:34;1;4;0;0;1;2;1;2;3;2;4;2;1;1;3;
Garrett Temple;;10:23;0;1;0;0;1;2;0;2;2;4;0;0;0;1;1;
