╔═══════════════╤═══════════════════════╗
║Name		│Gary Neal		║
╟───────────────┼───────────────────────╢
║Number		│12			║
╟───────────────┼───────────────────────╢
║Position	│G			║
╟───────────────┼───────────────────────╢
║Height		│6-4			║
╟───────────────┼───────────────────────╢
║Weight		│210			║
╟───────────────┼───────────────────────╢
║Birth		│OCT 03, 1984		║
╟───────────────┼───────────────────────╢
║Age		│29			║
╟───────────────┼───────────────────────╢
║Exp		│3			║
╟───────────────┼───────────────────────╢
║School		│Towson University	║
╚═══════════════╧═══════════════════════╝
Gary Neal;;16:34;5;9;1;4;0;1;0;1;1;0;0;0;0;0;11;
Gary Neal;;17:47;3;8;1;5;2;2;0;1;1;1;0;0;2;1;9;
Gary Neal;;17:52;1;8;1;5;0;0;1;1;2;3;0;0;1;1;3;
Gary Neal;;23:58;5;10;0;2;3;4;1;0;1;1;1;0;3;3;13;
Gary Neal;;13:16;1;8;1;6;0;0;0;1;1;0;0;0;0;1;3;
Gary Neal;;12:28;0;8;0;3;2;2;2;0;2;0;0;0;1;0;2;
Gary Neal;;18:55;6;11;1;4;4;5;0;1;1;2;0;0;1;0;17;
Gary Neal;;29:04;8;12;1;4;1;1;0;1;1;3;1;0;3;1;18;
Gary Neal;;20:17;3;7;0;1;0;0;0;0;0;1;2;0;1;1;6;
Gary Neal;;23:15;6;13;1;3;2;2;1;1;2;1;0;0;3;3;15;
Gary Neal;;20:02;2;5;2;4;6;7;0;0;0;1;1;0;1;5;12;
Gary Neal;G;32:38;3;11;2;4;2;2;0;0;0;5;0;0;2;2;10;
Gary Neal;;25:16;3;10;2;4;2;2;0;4;4;1;0;0;1;0;10;
Gary Neal;;18:14;5;10;0;3;0;0;0;1;1;0;0;0;2;1;10;
Gary Neal;;27:27;3;9;1;3;0;0;0;2;2;1;1;0;1;2;7;
Gary Neal;;30:47;7;9;3;3;2;2;0;4;4;4;1;0;2;4;19;
Gary Neal;;25:16;6;10;3;3;4;4;0;0;0;4;0;0;1;3;19;
Gary Neal;;24:46;5;6;2;3;6;6;0;2;2;0;1;0;1;4;18;
Gary Neal;;28:01;3;8;1;2;2;2;0;2;2;1;1;0;1;1;9;
Gary Neal;;26:39;5;9;3;6;4;4;0;1;1;1;0;0;0;3;17;
Gary Neal;;7:15;2;3;0;0;0;0;0;1;1;0;1;0;0;0;4;
Gary Neal;;14:32;0;8;0;3;0;0;0;1;1;0;0;0;1;0;0;
Gary Neal;;20:55;3;6;1;4;2;2;1;5;6;1;1;0;3;2;9;
Gary Neal;;18:50;6;10;1;2;2;2;0;0;0;3;0;0;0;1;15;
Gary Neal;;25:09;4;10;1;4;3;3;0;3;3;2;0;0;2;1;12;
Gary Neal;;19:06;0;6;0;4;0;0;0;1;1;0;1;0;1;2;0;
Gary Neal;;30:57;5;14;1;4;5;5;0;4;4;4;0;0;1;1;16;
Gary Neal;;23:19;6;8;1;1;0;0;0;0;0;2;1;0;0;1;13;
Gary Neal;;19:27;4;10;0;3;2;3;0;0;0;1;0;0;1;0;10;
Gary Neal;;25:13;5;11;2;3;5;5;0;2;2;2;0;0;0;1;17;
Gary Neal;;19:41;2;8;1;3;0;0;0;4;4;3;2;0;1;2;5;
Gary Neal;;31:49;6;16;2;5;2;2;0;2;2;5;0;0;0;0;16;
Gary Neal;G;25:31;4;11;2;3;4;6;0;1;1;1;1;0;1;0;14;
Gary Neal;G;25:54;3;10;0;2;2;2;0;5;5;4;1;0;2;1;8;
Gary Neal;;30:43;8;15;4;5;3;3;0;1;1;4;0;0;1;0;23;
Gary Neal;;20:19;2;6;2;3;1;2;0;3;3;3;0;0;4;1;7;
Gary Neal;;26:03;6;11;3;7;3;4;0;3;3;4;0;0;1;1;18;
Gary Neal;;26:20;4;12;3;5;0;0;0;0;0;3;0;0;5;4;11;
Gary Neal;;18:48;1;5;1;1;1;2;0;3;3;0;0;0;3;1;4;
Gary Neal;;23:25;4;9;2;5;1;1;1;3;4;1;0;0;1;0;11;
Gary Neal;;18:05;3;10;2;6;2;2;0;1;1;2;0;0;1;2;10;
Gary Neal;;19:25;4;11;1;3;0;0;0;2;2;0;0;0;1;2;9;
Gary Neal;;23:15;5;11;2;6;2;2;0;4;4;1;0;0;1;1;14;
Gary Neal;;16:38;3;9;2;4;2;2;0;0;0;3;0;0;0;1;10;
Gary Neal;;19:35;4;11;2;2;0;0;1;0;1;1;1;0;0;1;10;
Gary Neal;;16:52;2;6;0;2;0;0;0;0;0;1;0;0;0;0;4;
Gary Neal;;16:01;2;6;0;3;4;4;0;1;1;1;0;0;0;2;8;
Gary Neal;;24:38;3;11;1;4;1;1;1;1;2;0;0;0;1;0;8;
Gary Neal;;7:15;2;3;2;2;0;0;0;1;1;1;0;0;0;1;6;
Gary Neal;;19:18;5;9;2;4;5;6;0;2;2;0;0;0;4;0;17;
Gary Neal;;12:56;1;5;0;2;0;0;1;2;3;0;0;0;1;0;2;
Gary Neal;;13:45;4;9;1;3;0;0;0;1;1;0;0;0;0;0;9;
