╔═══════════════╤═══════════════╗
║Name		│George Hill	║
╟───────────────┼───────────────╢
║Number		│3		║
╟───────────────┼───────────────╢
║Position	│G		║
╟───────────────┼───────────────╢
║Height		│6-3		║
╟───────────────┼───────────────╢
║Weight		│188		║
╟───────────────┼───────────────╢
║Birth		│MAY 04, 1986	║
╟───────────────┼───────────────╢
║Age		│28		║
╟───────────────┼───────────────╢
║Exp		│5		║
╟───────────────┼───────────────╢
║School		│IUPUI		║
╚═══════════════╧═══════════════╝
George Hill;G;31:06;2;6;2;4;0;0;0;1;1;2;0;0;2;4;6;
George Hill;G;31:10;4;9;2;6;0;0;0;1;1;1;0;1;0;3;10;
George Hill;G;25:52;3;5;2;4;0;0;0;4;4;0;1;0;0;0;8;
George Hill;G;33:26;4;9;0;3;3;3;0;3;3;2;0;0;1;3;11;
George Hill;G;32:51;4;12;2;8;0;0;1;0;1;3;1;0;0;2;10;
George Hill;G;28:44;2;5;1;2;0;2;0;6;6;4;1;0;3;3;5;
George Hill;G;26:43;4;9;1;2;0;0;4;1;5;3;0;0;0;0;9;
George Hill;G;22:05;1;2;0;1;1;1;0;3;3;5;1;0;0;2;3;
George Hill;G;28:14;2;5;0;0;2;2;0;3;3;3;0;0;0;1;6;
George Hill;G;32:43;5;8;3;4;2;2;1;3;4;2;2;0;2;2;15;
George Hill;G;30:19;4;4;1;1;7;8;1;3;4;1;2;0;2;4;16;
George Hill;G;39:52;3;9;1;6;3;3;1;7;8;8;3;0;3;3;10;
George Hill;G;32:40;4;6;2;2;0;0;0;5;5;4;1;0;1;2;10;
George Hill;G;28:58;6;9;1;2;0;0;1;6;7;3;1;0;0;0;13;
George Hill;G;33:57;7;8;0;1;3;4;1;1;2;0;1;1;1;3;17;
George Hill;G;33:30;3;8;1;5;3;4;1;3;4;2;0;0;1;5;10;
George Hill;G;19:21;1;8;0;6;0;0;1;1;2;3;1;0;0;1;2;
George Hill;G;37:07;2;4;1;3;0;0;1;1;2;7;0;0;1;1;5;
George Hill;G;38:19;12;19;2;4;11;12;2;7;9;8;2;1;1;4;37;
George Hill;G;29:54;5;11;2;5;0;0;0;4;4;7;0;0;1;3;12;
George Hill;G;24:59;3;6;0;3;4;5;0;7;7;5;2;0;3;0;10;
George Hill;G;33:32;5;11;3;8;1;2;0;2;2;5;1;0;3;2;14;
George Hill;G;24:46;4;4;1;1;0;0;0;1;1;7;1;0;0;3;9;
George Hill;G;31:41;4;8;2;3;3;4;0;6;6;1;1;1;2;3;13;
George Hill;G;30:51;0;3;0;1;0;0;0;0;0;1;2;0;2;2;0;
George Hill;G;24:03;6;9;1;2;1;1;0;3;3;3;2;1;0;1;14;
George Hill;G;29:03;3;4;1;1;2;2;1;3;4;3;0;0;4;2;9;
George Hill;G;35:16;3;9;0;2;2;2;0;7;7;3;0;0;1;3;8;
George Hill;G;31:18;6;10;3;5;2;3;0;3;3;1;0;0;0;2;17;
George Hill;G;27:47;2;5;0;1;0;0;0;0;0;3;0;0;1;2;4;
George Hill;G;38:24;7;16;2;5;4;6;2;3;5;3;2;0;1;3;20;
George Hill;G;35:39;4;11;2;6;2;2;1;2;3;4;1;1;1;1;12;
George Hill;G;39:08;4;11;3;8;3;4;1;5;6;9;2;0;2;2;14;
George Hill;G;34:02;1;7;0;3;0;0;0;7;7;3;2;0;1;4;2;
George Hill;G;36:02;4;11;3;7;0;0;3;2;5;3;2;1;1;2;11;
George Hill;G;40:12;3;7;1;4;0;0;0;6;6;4;0;1;2;2;7;
George Hill;G;35:47;3;10;0;4;4;4;1;2;3;3;1;0;1;4;10;
George Hill;G;35:20;2;7;0;1;0;0;0;2;2;5;0;1;0;2;4;
George Hill;G;39:08;6;10;2;3;3;3;0;2;2;4;1;0;0;0;17;
George Hill;G;41:07;1;4;0;1;0;2;2;2;4;4;0;0;2;2;2;
George Hill;G;37:34;3;6;0;0;2;2;1;2;3;6;2;0;1;2;8;
George Hill;G;36:21;3;9;1;3;2;4;2;5;7;6;2;0;2;1;9;
George Hill;G;36:37;3;6;1;1;0;0;0;3;3;0;0;1;0;0;7;
George Hill;G;38:43;4;9;0;3;4;5;0;1;1;2;1;0;0;3;12;
George Hill;G;35:06;2;5;1;3;3;4;0;4;4;5;1;0;1;1;8;
George Hill;G;37:17;3;10;2;5;4;6;5;2;7;0;2;0;2;4;12;
George Hill;G;32:44;0;0;0;0;0;0;0;0;0;4;0;0;2;1;0;
George Hill;G;23:11;1;3;0;2;1;2;0;0;0;2;0;0;0;4;3;
George Hill;G;14:25;2;5;1;2;0;0;2;2;4;2;2;0;0;1;5;
George Hill;G;29:04;2;8;0;2;3;4;0;2;2;0;0;0;1;0;7;
George Hill;G;35:43;6;13;4;7;3;4;0;1;1;4;1;0;3;4;19;
George Hill;G;19:25;4;8;3;4;3;3;1;3;4;2;0;0;1;1;14;
George Hill;G;31:09;1;6;0;2;4;5;0;1;1;7;0;0;1;1;6;
George Hill;G;24:47;6;9;0;0;1;1;0;2;2;2;1;1;1;0;13;
George Hill;G;32:49;4;13;1;3;0;0;1;1;2;5;0;2;1;2;9;
George Hill;G;34:44;3;7;1;2;4;5;0;2;2;5;1;1;2;2;11;
George Hill;G;43:25;7;18;4;10;5;8;2;6;8;3;0;1;2;1;23;
George Hill;G;37:36;3;8;2;5;0;0;0;1;1;1;2;0;3;2;8;
George Hill;G;36:10;4;10;1;4;2;2;1;5;6;5;1;1;3;3;11;
George Hill;G;39:02;9;13;3;4;5;6;0;3;3;7;5;1;2;4;26;
George Hill;G;28:17;2;10;1;5;2;2;2;5;7;4;1;2;1;3;7;
George Hill;G;29:57;5;16;2;8;1;1;1;5;6;3;1;0;2;0;13;
George Hill;G;35:32;2;5;1;4;6;6;0;5;5;6;1;0;3;3;11;
George Hill;G;40:33;1;8;1;2;3;4;1;1;2;11;3;0;2;5;6;
George Hill;G;29:54;5;9;0;2;0;0;0;4;4;3;0;0;1;1;10;
George Hill;G;26:37;5;8;2;4;0;0;1;3;4;1;0;0;0;1;12;
George Hill;G;30:42;2;8;0;3;0;0;0;3;3;2;3;1;3;1;4;
George Hill;G;30:27;2;4;1;2;0;2;2;6;8;6;2;0;1;1;5;
George Hill;G;34:13;4;7;3;5;2;2;1;1;2;3;1;3;0;2;13;
George Hill;G;32:14;2;6;1;2;2;2;0;6;6;1;1;0;0;5;7;
George Hill;G;30:54;2;8;1;3;2;2;2;1;3;1;0;0;1;1;7;
George Hill;G;25:43;5;8;2;4;0;0;0;2;2;5;0;0;1;2;12;
George Hill;G;26:51;3;8;1;3;0;0;0;2;2;0;0;0;3;1;7;
George Hill;G;23:30;2;7;0;2;6;6;0;4;4;3;1;0;0;4;10;
George Hill;G;32:53;6;10;3;5;6;7;1;3;4;4;1;0;0;1;21;
George Hill;G;34:37;5;9;3;6;0;0;1;5;6;2;2;0;0;2;13;
