╔═══════════════╤═══════════════╗
║Name		│Gerald Wallace	║
╟───────────────┼───────────────╢
║Number		│45		║
╟───────────────┼───────────────╢
║Position	│F		║
╟───────────────┼───────────────╢
║Height		│6-7		║
╟───────────────┼───────────────╢
║Weight		│220		║
╟───────────────┼───────────────╢
║Birth		│JUL 23, 1982	║
╟───────────────┼───────────────╢
║Age		│31		║
╟───────────────┼───────────────╢
║Exp		│12		║
╟───────────────┼───────────────╢
║School		│Alabama	║
╚═══════════════╧═══════════════╝
Gerald Wallace;;17:36;0;0;0;0;0;0;0;1;1;1;0;0;1;1;0;
Gerald Wallace;;17:41;2;3;0;0;1;2;0;1;1;1;0;0;0;1;5;
Gerald Wallace;;22:53;0;2;0;2;1;4;1;2;3;3;2;0;1;2;1;
Gerald Wallace;;24:03;2;4;0;0;0;4;1;3;4;2;1;0;0;0;4;
Gerald Wallace;;20:20;1;1;0;0;0;0;0;4;4;1;0;0;2;1;2;
Gerald Wallace;;19:57;1;2;1;2;1;2;0;1;1;1;3;0;0;0;4;
Gerald Wallace;;14:54;1;2;0;0;0;0;1;3;4;1;0;0;1;1;2;
Gerald Wallace;;19:56;1;2;0;1;0;0;0;1;1;1;0;1;1;1;2;
Gerald Wallace;;23:29;3;4;1;2;0;0;1;5;6;1;2;0;0;0;7;
Gerald Wallace;;24:44;6;8;0;1;2;3;0;4;4;5;3;2;1;2;14;
Gerald Wallace;;19:10;0;1;0;1;0;0;0;3;3;1;0;0;1;0;0;
Gerald Wallace;;26:49;3;9;1;4;1;1;0;2;2;2;0;0;2;1;8;
Gerald Wallace;G;40:27;2;4;0;1;5;6;1;5;6;9;4;1;2;2;9;
Gerald Wallace;G;29:08;4;6;1;3;4;6;0;2;2;3;3;0;5;1;13;
Gerald Wallace;G;40:60;4;8;2;4;2;2;0;5;5;2;1;0;1;2;12;
Gerald Wallace;G;23:24;2;7;0;3;1;2;1;2;3;2;0;1;3;1;5;
Gerald Wallace;G;33:39;0;1;0;0;1;2;2;6;8;3;0;2;0;1;1;
Gerald Wallace;;21:13;2;3;0;0;0;2;1;2;3;0;1;0;1;0;4;
Gerald Wallace;G;40:19;4;8;0;0;0;2;3;9;12;9;2;1;1;3;8;
Gerald Wallace;;15:12;2;4;0;0;0;0;1;2;3;1;0;0;3;0;4;
Gerald Wallace;G;27:47;3;3;1;1;1;2;2;1;3;4;3;0;2;1;8;
Gerald Wallace;G;28:47;3;9;0;1;0;0;0;1;1;1;1;0;0;1;6;
Gerald Wallace;G;34:21;3;5;0;1;3;4;1;2;3;2;4;1;2;4;9;
Gerald Wallace;G;36:58;5;12;0;3;2;4;0;7;7;3;3;0;3;0;12;
Gerald Wallace;G;26:60;3;7;1;1;1;2;1;2;3;2;1;0;1;2;8;
Gerald Wallace;G;30:25;2;2;0;0;0;0;0;2;2;0;2;0;1;1;4;
Gerald Wallace;;32:43;4;8;0;0;4;5;3;7;10;4;0;0;2;3;12;
Gerald Wallace;F;39:52;1;1;0;0;1;4;0;3;3;2;4;0;5;2;3;
Gerald Wallace;F;36:01;5;9;2;5;2;7;0;6;6;4;1;0;4;2;14;
Gerald Wallace;F;36:28;2;6;1;3;0;0;0;1;1;2;4;0;2;2;5;
Gerald Wallace;F;27:34;0;0;0;0;0;0;0;3;3;3;2;0;3;2;0;
Gerald Wallace;;23:00;3;5;2;2;1;4;0;9;9;3;1;0;3;2;9;
Gerald Wallace;;19:52;1;3;0;2;0;0;0;6;6;3;1;0;2;5;2;
Gerald Wallace;;30:52;3;5;0;1;0;0;2;4;6;7;0;0;3;3;6;
Gerald Wallace;;19:25;0;1;0;0;1;2;0;2;2;5;3;0;1;0;1;
Gerald Wallace;;32:13;4;7;2;3;0;0;2;6;8;2;2;0;2;1;10;
Gerald Wallace;;25:56;3;3;1;1;0;0;0;1;1;2;4;0;2;2;7;
Gerald Wallace;;17:18;1;4;0;0;0;0;2;2;4;1;0;0;1;2;2;
Gerald Wallace;;10:41;1;1;0;0;0;0;0;1;1;1;0;0;1;0;2;
Gerald Wallace;;15:08;1;3;0;0;0;0;0;1;1;0;0;0;2;1;2;
Gerald Wallace;;21:59;1;2;0;0;0;0;1;3;4;0;1;1;5;1;2;
Gerald Wallace;;18:39;2;4;1;2;0;0;0;0;0;3;0;1;0;2;5;
Gerald Wallace;;35:44;6;10;1;2;4;7;1;3;4;3;2;1;1;3;17;
Gerald Wallace;;22:51;1;5;0;0;0;2;1;1;2;2;0;0;2;1;2;
Gerald Wallace;;14:40;0;2;0;1;1;2;0;1;1;3;1;1;3;0;1;
Gerald Wallace;;24:30;0;0;0;0;0;0;1;3;4;4;2;0;1;1;0;
Gerald Wallace;;21:35;2;3;0;1;2;2;1;3;4;4;2;0;1;2;6;
Gerald Wallace;;24:33;1;4;0;2;0;2;1;2;3;4;2;0;1;1;2;
Gerald Wallace;;21:22;0;0;0;0;0;2;0;3;3;2;2;1;3;3;0;
Gerald Wallace;;23:09;1;2;0;1;0;0;0;6;6;2;0;0;3;2;2;
Gerald Wallace;;17:38;1;2;0;1;0;0;1;2;3;1;0;0;2;1;2;
Gerald Wallace;;20:17;3;6;0;2;1;2;1;5;6;2;1;0;1;1;7;
Gerald Wallace;;17:01;1;3;1;2;1;3;0;2;2;0;0;0;0;0;4;
Gerald Wallace;;21:07;2;3;0;0;0;0;2;1;3;4;1;0;0;0;4;
Gerald Wallace;;17:36;3;5;0;1;0;0;0;2;2;2;0;0;0;1;6;
Gerald Wallace;;14:34;0;0;0;0;3;4;0;5;5;1;0;0;2;0;3;
Gerald Wallace;;8:30;1;1;0;0;0;3;0;2;2;2;0;0;1;1;2;
Gerald Wallace;;22:14;3;5;0;1;0;0;0;2;2;4;1;0;3;3;6;
