╔═══════════════╤═══════════════════════╗
║Name		│Gerald Henderson	║
╟───────────────┼───────────────────────╢
║Number		│9			║
╟───────────────┼───────────────────────╢
║Position	│G			║
╟───────────────┼───────────────────────╢
║Height		│6-5			║
╟───────────────┼───────────────────────╢
║Weight		│215			║
╟───────────────┼───────────────────────╢
║Birth		│DEC 09, 1987		║
╟───────────────┼───────────────────────╢
║Age		│26			║
╟───────────────┼───────────────────────╢
║Exp		│4			║
╟───────────────┼───────────────────────╢
║School		│Duke			║
╚═══════════════╧═══════════════════════╝
Gerald Henderson;G;32:19;3;11;0;1;6;6;0;0;0;1;0;0;0;3;12;
Gerald Henderson;G;24:03;5;9;1;1;5;6;0;1;1;2;1;0;0;2;16;
Gerald Henderson;G;34:49;7;13;1;2;1;2;0;3;3;3;1;0;0;2;16;
Gerald Henderson;G;35:16;10;19;1;2;6;8;1;6;7;1;0;0;2;1;27;
Gerald Henderson;G;24:00;5;13;0;1;2;5;0;3;3;2;0;0;0;1;12;
Gerald Henderson;G;36:58;10;16;1;1;9;9;0;3;3;3;2;1;4;4;30;
Gerald Henderson;G;35:35;6;13;1;3;4;4;0;3;3;3;0;0;1;1;17;
Gerald Henderson;G;30:32;2;14;0;1;4;5;0;1;1;3;1;0;2;1;8;
Gerald Henderson;G;35:03;3;11;0;2;11;12;0;3;3;1;0;2;3;2;17;
Gerald Henderson;G;40:11;4;11;0;0;3;3;0;3;3;5;1;1;2;5;11;
Gerald Henderson;G;34:14;4;11;0;1;8;10;0;4;4;5;0;1;3;1;16;
Gerald Henderson;G;35:45;6;14;0;0;1;4;1;6;7;3;1;0;0;1;13;
Gerald Henderson;G;32:22;4;9;0;2;0;0;0;1;1;1;0;0;2;3;8;
Gerald Henderson;G;37:16;5;12;0;0;1;2;1;5;6;3;1;0;2;0;11;
Gerald Henderson;G;35:17;6;17;1;2;3;4;0;8;8;5;0;2;1;0;16;
Gerald Henderson;G;37:03;9;19;0;2;2;2;0;3;3;1;2;0;2;2;20;
Gerald Henderson;G;24:26;3;7;0;0;0;0;0;2;2;2;1;0;0;0;6;
Gerald Henderson;G;37:13;8;17;0;1;1;2;0;8;8;6;1;0;3;4;17;
Gerald Henderson;G;35:07;8;19;2;5;5;8;1;4;5;4;1;0;4;2;23;
Gerald Henderson;G;32:12;7;11;1;1;0;0;0;2;2;2;0;0;1;1;15;
Gerald Henderson;G;27:39;3;11;1;2;0;1;0;0;0;1;0;1;2;2;7;
Gerald Henderson;G;32:03;3;7;0;1;6;6;0;1;1;7;0;0;1;2;12;
Gerald Henderson;G;26:25;5;7;1;3;0;0;0;8;8;0;0;0;1;3;11;
Gerald Henderson;G;30:11;3;8;0;0;1;4;0;1;1;0;1;0;0;2;7;
Gerald Henderson;G;29:54;4;9;0;0;1;2;0;5;5;1;0;0;1;2;9;
Gerald Henderson;G;30:51;6;15;0;3;0;1;0;3;3;2;1;0;0;4;12;
Gerald Henderson;G;28:02;2;7;0;2;5;7;0;5;5;0;1;0;1;1;9;
Gerald Henderson;G;26:38;6;9;0;1;1;2;0;1;1;0;0;2;2;1;13;
Gerald Henderson;G;24:54;4;9;2;3;0;2;1;3;4;1;0;0;2;3;10;
Gerald Henderson;G;30:55;6;7;2;3;0;0;0;5;5;6;1;1;2;0;14;
Gerald Henderson;G;29:25;5;12;2;4;4;4;0;3;3;1;0;1;1;0;16;
Gerald Henderson;G;28:14;6;13;1;5;0;0;1;5;6;3;1;0;1;2;13;
Gerald Henderson;G;28:45;8;11;2;2;5;5;0;8;8;5;1;1;2;2;23;
Gerald Henderson;G;31:26;5;13;1;5;2;2;0;1;1;1;0;1;1;1;13;
Gerald Henderson;G;37:25;3;8;1;2;0;2;0;2;2;5;0;1;2;1;7;
Gerald Henderson;G;39:50;7;13;0;1;0;0;1;3;4;3;0;1;2;4;14;
Gerald Henderson;G;27:05;3;7;0;1;3;4;0;3;3;2;1;0;1;2;9;
Gerald Henderson;G;26:29;5;8;1;1;3;4;0;2;2;4;1;0;0;1;14;
Gerald Henderson;G;22:51;2;7;0;2;3;3;0;3;3;2;1;2;3;5;7;
Gerald Henderson;G;32:41;5;13;1;3;4;4;0;2;2;0;1;0;0;2;15;
Gerald Henderson;G;33:14;4;9;3;3;2;2;0;5;5;2;1;0;0;1;13;
Gerald Henderson;G;24:44;4;8;2;2;1;2;1;2;3;3;0;0;2;4;11;
Gerald Henderson;G;28:33;5;8;0;1;4;7;1;3;4;3;0;2;2;1;14;
Gerald Henderson;G;24:03;1;9;0;1;2;2;2;3;5;3;0;0;0;2;4;
Gerald Henderson;G;33:19;5;13;0;0;1;3;0;6;6;1;0;0;1;1;11;
Gerald Henderson;G;31:35;5;16;0;2;1;1;0;2;2;2;0;0;0;2;11;
Gerald Henderson;G;28:11;2;10;0;0;6;8;0;3;3;1;1;0;3;3;10;
Gerald Henderson;G;26:59;3;10;0;1;1;2;0;2;2;1;1;1;2;4;7;
Gerald Henderson;G;35:40;5;13;1;1;7;8;1;7;8;2;2;0;2;0;18;
Gerald Henderson;G;34:14;10;17;0;2;3;4;1;2;3;4;2;0;2;4;23;
Gerald Henderson;G;35:46;7;18;0;0;4;5;1;8;9;1;1;0;4;2;18;
Gerald Henderson;G;33:06;3;8;0;0;5;6;0;1;1;3;0;0;2;2;11;
Gerald Henderson;G;34:36;5;14;0;0;3;5;3;6;9;5;1;0;2;2;13;
Gerald Henderson;G;31:10;4;13;0;1;0;0;1;4;5;1;0;1;1;0;8;
Gerald Henderson;G;32:34;4;12;1;3;4;5;0;7;7;2;1;0;1;3;13;
Gerald Henderson;G;31:20;5;15;2;2;4;4;2;6;8;6;1;0;2;4;16;
Gerald Henderson;G;30:45;4;12;1;2;4;5;2;0;2;5;2;0;1;2;13;
Gerald Henderson;G;34:21;6;12;0;1;5;6;0;4;4;3;1;1;1;4;17;
Gerald Henderson;G;26:02;7;12;1;2;2;5;0;4;4;3;1;0;0;2;17;
Gerald Henderson;G;36:45;7;17;0;2;6;6;0;5;5;1;1;0;2;0;20;
Gerald Henderson;G;31:07;3;15;0;0;4;4;0;4;4;1;0;1;2;3;10;
Gerald Henderson;G;38:33;7;13;1;3;4;6;1;5;6;3;1;0;5;2;19;
Gerald Henderson;G;33:22;6;12;0;1;5;5;1;5;6;4;2;1;3;3;17;
Gerald Henderson;G;26:22;7;11;0;0;2;3;1;2;3;0;1;0;2;2;16;
Gerald Henderson;G;35:38;6;14;0;3;6;8;1;2;3;4;2;1;3;2;18;
Gerald Henderson;G;37:11;11;23;0;1;2;3;1;2;3;1;0;1;2;2;24;
Gerald Henderson;G;30:27;3;14;1;3;5;5;0;4;4;3;0;1;0;3;12;
Gerald Henderson;G;26:16;5;9;0;1;0;0;0;3;3;4;0;0;1;2;10;
Gerald Henderson;G;33:33;6;13;0;0;1;2;1;5;6;0;1;2;0;1;13;
Gerald Henderson;G;34:40;7;13;0;0;6;8;1;4;5;5;1;2;3;4;20;
Gerald Henderson;G;36:36;3;8;0;0;5;8;0;4;4;4;2;0;0;3;11;
Gerald Henderson;G;34:30;8;13;0;0;6;7;1;7;8;3;1;0;1;1;22;
Gerald Henderson;G;29:51;4;14;0;1;4;4;1;4;5;2;0;0;1;2;12;
Gerald Henderson;G;37:19;2;10;0;0;4;4;0;4;4;6;0;0;0;1;8;
Gerald Henderson;G;32:32;6;12;1;2;1;1;0;3;3;1;0;0;0;4;14;
Gerald Henderson;G;38:46;11;17;0;0;0;2;0;5;5;4;1;0;2;4;22;
Gerald Henderson;G;35:32;6;13;2;2;5;8;0;3;3;2;0;0;1;1;19;
