╔═══════════════╤═══════════════════════╗
║Name		│Gerald Green		║
╟───────────────┼───────────────────────╢
║Number		│14			║
╟───────────────┼───────────────────────╢
║Position	│G-F			║
╟───────────────┼───────────────────────╢
║Height		│6-8			║
╟───────────────┼───────────────────────╢
║Weight		│210			║
╟───────────────┼───────────────────────╢
║Birth		│JAN 26, 1986		║
╟───────────────┼───────────────────────╢
║Age		│28			║
╟───────────────┼───────────────────────╢
║Exp		│6			║
╟───────────────┼───────────────────────╢
║School		│Gulf Shores Aca. (TX)	║
╚═══════════════╧═══════════════════════╝
Gerald Green;G;32:05;4;10;1;7;0;0;0;2;2;3;4;0;0;3;9;
Gerald Green;G;33:03;9;14;4;7;2;2;0;2;2;1;5;0;1;2;24;
Gerald Green;G;34:59;6;16;3;10;0;0;0;3;3;1;1;0;2;2;15;
Gerald Green;G;24:50;5;12;2;6;2;2;0;1;1;0;0;1;0;4;14;
Gerald Green;G;25:03;5;10;2;6;0;0;0;2;2;1;0;0;1;5;12;
Gerald Green;G;33:18;5;17;1;7;4;5;0;7;7;1;0;2;0;3;15;
Gerald Green;G;42:10;2;16;0;7;0;0;1;8;9;3;1;0;2;3;4;
Gerald Green;G;32:47;12;18;2;5;2;2;2;5;7;2;2;1;1;3;28;
Gerald Green;G;32:41;4;13;1;3;3;3;1;1;2;2;2;1;3;2;12;
Gerald Green;G;21:43;4;8;1;2;0;0;0;1;1;2;1;1;1;2;9;
Gerald Green;G;29:49;6;13;3;5;8;10;0;6;6;2;1;0;0;2;23;
Gerald Green;G;30:43;3;8;0;4;2;2;0;2;2;1;1;1;2;5;8;
Gerald Green;G;34:04;4;14;2;8;2;2;0;1;1;5;1;0;1;2;12;
Gerald Green;G;27:50;10;12;4;5;6;7;0;2;2;2;1;3;4;4;30;
Gerald Green;G;29:57;7;13;4;6;5;5;1;1;2;3;2;0;2;5;23;
Gerald Green;G;30:26;6;15;2;3;2;2;0;4;4;2;0;1;3;1;16;
Gerald Green;G;21:26;2;6;1;2;0;0;0;5;5;2;1;0;1;4;5;
Gerald Green;G;25:33;2;13;1;5;0;0;1;2;3;5;0;1;3;2;5;
Gerald Green;G;31:23;5;14;2;7;1;2;2;4;6;1;1;0;2;4;13;
Gerald Green;G;31:10;10;15;2;4;3;5;2;3;5;0;1;0;2;3;25;
Gerald Green;G;34:22;9;14;5;8;3;3;0;5;5;2;1;1;2;5;26;
Gerald Green;G;29:45;11;22;6;14;8;8;2;3;5;0;0;0;1;4;36;
Gerald Green;G;34:01;6;14;2;5;3;4;1;4;5;1;0;0;5;3;17;
Gerald Green;G;26:20;5;14;0;5;3;5;2;4;6;1;1;0;1;0;13;
Gerald Green;G;33:10;8;18;2;4;5;7;1;3;4;1;2;0;3;0;23;
Gerald Green;G;32:21;7;15;1;5;4;4;3;4;7;1;0;1;4;4;19;
Gerald Green;G;31:47;6;15;1;5;4;4;1;2;3;0;2;0;2;2;17;
Gerald Green;G;34:51;4;13;1;5;3;3;0;4;4;4;1;0;2;3;12;
Gerald Green;G;30:27;9;14;5;8;10;10;1;2;3;1;0;1;2;2;33;
Gerald Green;G;36:28;6;19;4;8;1;1;4;4;8;5;3;0;4;3;17;
Gerald Green;G;40:44;12;22;8;13;9;11;0;5;5;2;3;1;3;3;41;
Gerald Green;G;42:27;9;18;3;5;4;4;2;4;6;1;1;0;3;0;25;
Gerald Green;G;34:00;6;14;3;7;1;2;1;2;3;3;0;1;3;3;16;
Gerald Green;G;31:15;4;14;0;6;0;0;0;2;2;1;2;1;2;6;8;
Gerald Green;;20:40;2;9;0;5;0;0;0;2;2;0;0;0;2;0;4;
Gerald Green;;26:43;9;18;5;8;5;6;0;5;5;2;0;0;3;4;28;
Gerald Green;;30:43;6;11;3;6;2;3;0;0;0;0;2;0;1;2;17;
Gerald Green;;25:24;5;10;4;6;0;1;0;2;2;1;1;0;4;3;14;
Gerald Green;;22:18;4;12;1;5;3;4;0;4;4;1;1;0;1;2;12;
Gerald Green;;25:36;3;7;2;5;6;6;0;1;1;2;1;0;3;4;14;
Gerald Green;;18:01;4;6;1;1;4;4;0;0;0;1;0;0;1;4;13;
Gerald Green;;30:02;5;13;3;7;5;6;0;4;4;1;0;0;0;3;18;
Gerald Green;;17:22;2;8;2;5;0;0;0;1;1;0;1;1;2;0;6;
Gerald Green;;32:15;8;19;3;9;3;3;1;3;4;2;0;0;0;1;22;
Gerald Green;;22:56;5;11;2;6;3;4;1;3;4;0;0;2;0;3;15;
Gerald Green;;28:56;12;20;4;7;4;5;1;4;5;2;0;1;1;2;32;
Gerald Green;;33:26;7;11;5;7;5;7;1;1;2;0;0;0;2;4;24;
Gerald Green;;24:13;8;14;4;7;1;2;1;1;2;1;0;0;3;2;21;
Gerald Green;G;35:41;9;19;4;10;5;5;0;3;3;3;2;1;1;3;27;
Gerald Green;;27:19;2;9;1;3;4;4;1;6;7;0;2;0;3;1;9;
Gerald Green;;18:32;2;4;1;2;2;2;1;1;2;1;1;0;2;1;7;
Gerald Green;G;16:41;5;11;2;5;0;0;0;3;3;0;0;0;0;0;12;
Gerald Green;;16:58;2;3;0;1;1;2;0;1;1;0;0;0;0;0;5;
Gerald Green;;12:08;2;4;1;2;2;2;1;0;1;0;0;0;1;3;7;
Gerald Green;;33:14;7;14;5;10;2;2;1;7;8;2;1;0;4;4;21;
Gerald Green;G;30:55;6;12;6;10;0;0;0;3;3;3;0;3;2;2;18;
Gerald Green;F;35:25;6;13;3;8;0;0;0;2;2;1;0;1;5;3;15;
Gerald Green;G;30:03;5;12;1;3;1;2;2;3;5;0;2;1;1;3;12;
Gerald Green;G;24:59;6;12;1;5;2;2;2;1;3;2;1;0;2;2;15;
Gerald Green;;25:54;7;13;2;4;1;2;2;0;2;0;0;0;1;3;17;
Gerald Green;;17:57;3;7;1;5;1;3;0;0;0;0;0;0;1;4;8;
Gerald Green;G;35:17;6;13;4;8;7;8;0;3;3;4;1;2;2;2;23;
Gerald Green;G;36:20;8;13;6;8;1;2;0;2;2;0;0;0;3;6;23;
Gerald Green;G;35:27;5;15;0;8;4;4;0;1;1;3;1;0;3;3;14;
Gerald Green;G;34:46;8;15;4;9;0;0;1;7;8;2;2;0;3;2;20;
Gerald Green;G;32:25;5;13;2;9;0;0;0;2;2;4;1;0;3;5;12;
Gerald Green;G;34:04;3;14;2;9;2;2;1;2;3;0;1;0;1;1;10;
Gerald Green;G;29:01;5;11;3;8;0;0;0;1;1;1;0;0;1;0;13;
Gerald Green;G;25:57;5;9;4;8;0;0;0;3;3;1;2;0;0;6;14;
Gerald Green;;23:51;1;8;1;7;3;3;0;0;0;3;0;0;0;1;6;
Gerald Green;;17:34;1;8;0;4;2;2;0;4;4;0;0;1;3;3;4;
Gerald Green;;21:53;4;9;2;6;0;0;0;4;4;2;0;0;0;2;10;
Gerald Green;;17:09;1;2;1;2;0;0;0;1;1;0;0;0;3;4;3;
Gerald Green;;24:53;3;9;2;5;2;3;1;2;3;3;0;1;1;3;10;
Gerald Green;;20:30;3;7;1;3;3;4;1;3;4;1;0;2;0;3;10;
Gerald Green;;16:57;2;8;1;4;0;0;0;2;2;2;1;2;1;2;5;
Gerald Green;;28:20;6;12;6;12;1;2;0;8;8;2;0;1;4;2;19;
Gerald Green;;28:27;6;10;4;8;6;6;0;1;1;2;1;1;1;4;22;
Gerald Green;;27:42;7;13;6;11;2;2;0;1;1;0;1;0;0;2;22;
Gerald Green;;27:00;3;9;1;5;0;0;0;2;2;2;1;0;1;3;7;
Gerald Green;;23:24;3;9;3;7;0;0;1;5;6;3;0;2;1;2;9;
Gerald Green;;27:36;8;14;5;10;0;0;0;2;2;0;2;2;0;2;21;
