╔═══════════════╤═══════════════╗
║Name		│Gigi Datome	║
╟───────────────┼───────────────╢
║Number		│13		║
╟───────────────┼───────────────╢
║Position	│F		║
╟───────────────┼───────────────╢
║Height		│6-8		║
╟───────────────┼───────────────╢
║Weight		│215		║
╟───────────────┼───────────────╢
║Birth		│NOV 27, 1987	║
╟───────────────┼───────────────╢
║Age		│26		║
╟───────────────┼───────────────╢
║Exp		│R		║
╟───────────────┼───────────────╢
║School		│Italy		║
╚═══════════════╧═══════════════╝
Gigi Datome;;5:17;0;1;0;0;0;0;0;1;1;1;0;0;0;0;0;
Gigi Datome;;2:21;1;2;0;0;0;0;0;0;0;0;0;0;1;0;2;
Gigi Datome;;5:13;1;1;0;0;2;2;0;0;0;0;0;0;0;0;4;
Gigi Datome;;4:03;1;2;0;0;0;0;0;1;1;0;0;0;0;0;2;
Gigi Datome;;7:04;0;4;0;2;0;0;1;0;1;0;0;0;0;1;0;
Gigi Datome;;1:43;1;1;0;0;0;0;0;0;0;0;0;0;0;0;2;
Gigi Datome;;1:13;0;0;0;0;0;0;0;0;0;0;0;0;0;0;0;
Gigi Datome;;0:46;0;0;0;0;0;0;0;1;1;1;0;0;0;0;0;
Gigi Datome;;14:19;0;3;0;1;0;0;1;1;2;1;0;0;0;0;0;
Gigi Datome;;0:53;0;0;0;0;0;0;0;0;0;0;0;0;0;0;0;
Gigi Datome;;1:47;1;1;0;0;0;0;1;0;1;0;0;0;0;0;2;
Gigi Datome;;4:44;0;2;0;0;0;0;1;0;1;0;0;0;0;0;0;
Gigi Datome;;5:46;1;2;0;1;0;0;0;0;0;0;0;0;0;0;2;
Gigi Datome;;12:00;2;3;1;2;4;4;0;4;4;1;1;0;1;0;9;
Gigi Datome;;13:24;0;2;0;1;0;0;0;4;4;2;0;0;0;1;0;
Gigi Datome;;9:00;1;3;0;1;0;0;1;4;5;0;0;0;1;2;2;
Gigi Datome;;0:19;0;0;0;0;0;0;0;0;0;0;0;0;0;0;0;
Gigi Datome;;11:37;1;7;0;4;0;0;0;3;3;1;1;0;0;1;2;
Gigi Datome;;12:22;2;5;0;2;2;2;0;1;1;0;0;0;0;2;6;
Gigi Datome;;17:25;4;6;2;4;0;0;1;0;1;0;0;1;2;4;10;
Gigi Datome;;1:10;1;3;0;1;0;0;0;0;0;0;0;0;0;0;2;
Gigi Datome;;6:03;0;1;0;1;0;0;0;1;1;0;0;0;0;0;0;
Gigi Datome;;4:44;1;2;1;2;0;0;0;0;0;1;1;0;2;0;3;
Gigi Datome;;10:42;2;4;1;3;0;0;0;1;1;0;0;0;0;1;5;
Gigi Datome;;2:16;0;1;0;1;0;0;0;1;1;0;0;0;0;1;0;
Gigi Datome;;2:05;2;2;0;0;0;0;0;0;0;0;0;0;0;0;4;
Gigi Datome;;3:12;0;2;0;2;0;0;1;1;2;0;0;0;0;1;0;
Gigi Datome;;7:53;0;4;0;1;0;0;0;2;2;0;0;0;0;1;0;
Gigi Datome;;6:00;0;6;0;2;0;0;1;1;2;0;0;0;0;1;0;
Gigi Datome;;13:16;4;5;1;1;0;0;2;1;3;1;0;0;0;0;9;
Gigi Datome;;17:21;6;13;1;5;0;0;4;0;4;1;2;0;1;1;13;
Gigi Datome;;21:13;1;6;0;1;0;0;0;4;4;1;0;0;2;1;2;
Gigi Datome;;7:08;1;2;0;1;0;0;0;0;0;0;1;0;0;1;2;
Gigi Datome;;3:14;0;1;0;0;0;2;0;0;0;0;0;0;1;1;0;
