╔═══════════════╤═══════════════╗
║Name		│Glen Davis	║
╟───────────────┼───────────────╢
║Number		│0		║
╟───────────────┼───────────────╢
║Position	│F-C		║
╟───────────────┼───────────────╢
║Height		│6-9		║
╟───────────────┼───────────────╢
║Weight		│289		║
╟───────────────┼───────────────╢
║Birth		│JAN 01, 1986	║
╟───────────────┼───────────────╢
║Age		│28		║
╟───────────────┼───────────────╢
║Exp		│6		║
╟───────────────┼───────────────╢
║School		│Louisiana State║
╚═══════════════╧═══════════════╝
Glen Davis;F;42:30;6;19;0;0;4;8;2;11;13;1;1;2;2;6;16;
Glen Davis;C;32:39;5;9;0;0;4;6;2;7;9;3;0;2;2;1;14;
Glen Davis;F;29:33;3;9;0;0;3;5;5;6;11;0;3;0;2;3;9;
Glen Davis;C;36:07;7;18;0;0;2;2;3;3;6;2;0;0;0;3;16;
Glen Davis;C;32:15;4;12;0;0;4;4;5;7;12;1;2;0;4;4;12;
Glen Davis;C;27:36;8;14;0;0;4;6;0;6;6;1;1;1;0;2;20;
Glen Davis;C;31:43;8;14;0;1;3;3;1;7;8;0;1;0;0;1;19;
Glen Davis;C;37:17;6;14;0;0;1;1;0;4;4;2;2;0;0;1;13;
Glen Davis;C;32:34;5;7;0;0;1;2;1;10;11;0;0;0;4;5;11;
Glen Davis;C;35:50;8;16;0;0;1;1;3;4;7;0;1;0;0;0;17;
Glen Davis;C;24:03;5;11;0;1;0;0;1;6;7;0;0;0;1;1;10;
Glen Davis;C;30:53;4;10;0;0;1;2;1;1;2;3;1;0;1;3;9;
Glen Davis;C;23:46;3;10;0;0;0;0;1;2;3;2;0;0;1;4;6;
Glen Davis;C;32:05;4;10;0;0;1;1;1;6;7;1;0;1;1;3;9;
Glen Davis;C;22:31;4;7;0;0;0;0;2;3;5;1;1;0;0;1;8;
Glen Davis;F;31:27;1;4;0;0;3;5;1;3;4;4;1;0;0;0;5;
Glen Davis;F;22:51;2;6;0;0;0;0;1;4;5;2;1;1;2;1;4;
Glen Davis;F;32:49;6;12;1;1;2;2;1;2;3;2;2;1;1;2;15;
Glen Davis;F;35:30;3;9;0;0;1;2;2;2;4;2;1;3;1;3;7;
Glen Davis;F;26:15;8;12;0;0;2;2;1;3;4;4;1;1;0;2;18;
Glen Davis;F;27:42;7;8;0;0;0;0;2;3;5;1;1;0;0;1;14;
Glen Davis;F;26:03;3;10;0;0;3;4;3;2;5;1;0;0;1;1;9;
Glen Davis;F;28:49;6;11;0;0;0;0;2;1;3;0;1;0;1;1;12;
Glen Davis;F;12:50;1;4;0;0;0;0;0;2;2;1;2;0;1;3;2;
Glen Davis;F;5:42;0;4;0;0;0;0;1;0;1;0;0;0;0;1;0;
Glen Davis;;5:14;0;1;0;0;2;2;1;1;2;0;0;2;1;3;2;
Glen Davis;;13:37;1;4;0;1;3;4;1;2;3;1;1;0;2;4;5;
Glen Davis;;9:16;0;0;0;0;0;0;0;1;1;1;0;0;2;4;0;
Glen Davis;;18:32;5;7;0;0;0;0;1;1;2;1;1;1;1;1;10;
Glen Davis;;13:56;2;3;0;0;0;0;0;4;4;0;0;0;0;4;4;
Glen Davis;;14:37;1;3;0;0;0;0;0;2;2;0;0;0;1;2;2;
Glen Davis;;14:17;1;3;0;0;0;0;0;1;1;1;0;0;0;2;2;
Glen Davis;;16:27;2;2;0;0;1;2;2;0;2;0;0;1;0;1;5;
Glen Davis;;14:58;1;5;0;0;0;0;4;3;7;0;1;0;1;3;2;
Glen Davis;;17:19;1;3;0;0;0;0;0;2;2;2;1;2;0;4;2;
Glen Davis;;14:32;0;0;0;0;0;0;0;1;1;0;0;1;2;2;0;
Glen Davis;;14:02;4;6;0;0;1;2;1;3;4;0;2;0;0;0;9;
Glen Davis;;13:37;3;3;0;0;0;0;0;2;2;0;0;0;0;1;6;
Glen Davis;;7:57;1;3;0;0;0;0;1;1;2;0;0;0;1;0;2;
Glen Davis;;3:45;0;2;0;0;0;0;0;0;0;0;1;0;0;0;0;
Glen Davis;;3:34;0;0;0;0;2;2;0;0;0;0;0;0;0;0;2;
Glen Davis;;10:12;1;1;0;0;2;2;2;2;4;0;0;0;1;2;4;
Glen Davis;;9:48;2;4;0;0;0;0;0;1;1;0;0;0;1;2;4;
Glen Davis;;18:25;3;5;0;0;1;2;2;6;8;1;1;0;0;3;7;
Glen Davis;;11:52;2;4;0;0;0;0;2;4;6;0;1;0;1;2;4;
Glen Davis;;17:21;3;7;0;0;2;2;0;2;2;0;1;0;1;6;8;
Glen Davis;;11:39;3;8;0;0;3;3;0;6;6;0;1;0;1;1;9;
Glen Davis;F;32:37;3;7;0;0;1;2;4;3;7;0;1;0;1;1;7;
Glen Davis;;26:14;7;13;0;0;6;8;2;3;5;1;2;0;2;4;20;
Glen Davis;;21:47;3;7;0;0;0;0;1;3;4;4;2;1;1;3;6;
Glen Davis;F;31:50;3;9;0;0;2;2;2;6;8;0;3;0;3;4;8;
Glen Davis;F;34:36;9;15;0;0;1;2;1;4;5;1;0;1;3;2;19;
Glen Davis;F;32:36;5;10;0;0;0;0;1;7;8;2;2;0;1;2;10;
Glen Davis;F;20:39;1;8;0;0;0;0;2;0;2;1;0;0;2;4;2;
Glen Davis;C;45:38;14;21;1;1;2;4;2;1;3;3;2;0;3;3;31;
Glen Davis;C;29:55;1;7;0;0;2;4;0;9;9;2;1;0;2;4;4;
Glen Davis;C;28:16;8;18;0;0;2;4;5;1;6;3;2;0;1;3;18;
Glen Davis;C;39:53;5;14;0;0;6;6;1;8;9;0;1;3;0;2;16;
Glen Davis;F;36:56;8;17;1;1;0;0;4;8;12;3;1;1;1;3;17;
Glen Davis;F;22:38;3;5;0;0;0;0;2;2;4;1;0;0;0;2;6;
Glen Davis;F;29:02;4;11;0;1;3;5;2;7;9;3;2;2;3;4;11;
Glen Davis;F;32:16;6;15;0;0;2;4;2;9;11;2;2;0;1;3;14;
Glen Davis;F;29:14;5;9;0;0;2;2;2;2;4;0;0;1;2;2;12;
Glen Davis;F;29:17;5;8;0;0;0;0;3;5;8;3;0;1;4;2;10;
Glen Davis;F;39:00;9;21;0;1;2;5;3;4;7;3;2;0;2;2;20;
Glen Davis;F;30:41;7;15;0;0;0;1;3;5;8;1;0;0;0;2;14;
Glen Davis;F;30:24;6;12;0;0;4;5;1;4;5;1;1;0;1;3;16;
Glen Davis;F;27:32;4;10;0;0;2;3;3;0;3;2;0;0;0;1;10;
