╔═══════════════╤═══════════════════════╗
║Name		│Goran Dragic		║
╟───────────────┼───────────────────────╢
║Number		│1			║
╟───────────────┼───────────────────────╢
║Position	│G			║
╟───────────────┼───────────────────────╢
║Height		│6-3			║
╟───────────────┼───────────────────────╢
║Weight		│190			║
╟───────────────┼───────────────────────╢
║Birth		│MAY 06, 1986		║
╟───────────────┼───────────────────────╢
║Age		│28			║
╟───────────────┼───────────────────────╢
║Exp		│5			║
╟───────────────┼───────────────────────╢
║School		│Ljubljana, Slovenia	║
╚═══════════════╧═══════════════════════╝
Goran Dragic;G;37:56;13;22;2;6;5;9;1;2;3;7;3;0;4;2;33;
Goran Dragic;G;28:40;5;13;1;2;4;4;1;0;1;6;1;0;1;2;15;
Goran Dragic;G;34:15;8;17;2;3;3;3;0;3;3;2;0;0;1;4;21;
Goran Dragic;G;40:50;9;20;2;6;6;8;2;4;6;9;1;0;3;1;26;
Goran Dragic;G;32:35;6;10;4;5;5;5;0;3;3;8;0;0;1;2;21;
Goran Dragic;G;34:40;4;9;2;4;5;6;1;2;3;8;0;0;6;3;15;
Goran Dragic;G;47:54;9;22;4;8;6;6;4;4;8;4;1;1;3;2;28;
Goran Dragic;G;39:11;7;15;0;3;4;7;3;7;10;7;2;1;7;3;18;
Goran Dragic;G;37:37;12;20;0;4;4;6;1;4;5;7;3;0;1;1;28;
Goran Dragic;G;24:13;6;11;0;1;3;6;2;3;5;6;2;0;3;2;15;
Goran Dragic;G;22:18;8;10;2;2;3;7;1;1;2;3;1;0;3;4;21;
Goran Dragic;G;36:06;8;19;1;5;2;2;2;2;4;11;2;0;4;3;19;
Goran Dragic;G;35:49;6;14;1;3;2;2;3;2;5;7;1;0;1;3;15;
Goran Dragic;G;32:26;9;13;3;4;3;5;1;3;4;7;3;0;3;3;24;
Goran Dragic;G;23:33;9;13;4;5;8;8;0;4;4;6;1;0;5;3;30;
Goran Dragic;G;33:48;11;21;1;2;5;7;2;1;3;7;1;0;2;3;28;
Goran Dragic;G;27:03;10;14;1;2;4;5;1;4;5;4;0;0;4;4;25;
Goran Dragic;G;34:42;9;15;2;4;4;8;2;5;7;1;1;0;5;4;24;
Goran Dragic;G;35:52;6;13;2;6;9;9;1;5;6;8;3;0;4;4;23;
Goran Dragic;G;39:60;10;13;6;7;8;10;0;2;2;10;2;0;3;3;34;
Goran Dragic;G;38:47;4;12;2;5;5;5;1;2;3;9;4;1;3;3;15;
Goran Dragic;G;42:20;6;15;1;5;8;12;2;3;5;14;3;0;4;2;21;
Goran Dragic;G;32:55;6;13;2;5;3;6;2;2;4;6;0;2;3;1;17;
Goran Dragic;G;28:47;3;10;0;0;2;4;1;1;2;5;0;0;4;3;8;
Goran Dragic;G;41:52;14;20;5;8;2;5;0;0;0;3;3;0;3;3;35;
Goran Dragic;G;24:40;7;13;1;2;1;1;0;3;3;3;0;2;2;6;16;
Goran Dragic;G;41:43;14;21;3;7;9;11;2;1;3;5;0;0;3;3;40;
Goran Dragic;G;33:25;6;13;2;5;5;8;1;4;5;8;0;2;2;3;19;
Goran Dragic;G;37:52;5;14;1;4;3;4;1;3;4;9;1;0;2;3;14;
Goran Dragic;G;34:59;8;18;2;4;4;7;0;2;2;4;0;0;2;3;22;
Goran Dragic;G;37:39;8;14;3;3;5;6;0;1;1;6;1;0;3;5;24;
Goran Dragic;G;33:01;7;12;0;2;9;11;0;0;0;5;3;1;5;4;23;
Goran Dragic;G;41:31;8;19;2;6;2;4;0;2;2;5;2;0;4;3;20;
Goran Dragic;G;38:28;8;15;3;6;1;2;0;3;3;4;0;0;2;1;20;
Goran Dragic;G;33:01;6;11;2;4;5;6;1;0;1;4;0;0;3;3;19;
Goran Dragic;G;25:01;6;12;0;3;1;1;0;1;1;2;3;0;2;5;13;
Goran Dragic;G;33:42;8;13;2;3;0;0;0;1;1;6;2;0;1;2;18;
Goran Dragic;G;32:43;6;12;2;2;6;10;1;2;3;5;1;0;0;1;20;
Goran Dragic;G;34:46;8;15;2;6;0;0;0;3;3;5;2;1;1;4;18;
Goran Dragic;G;35:59;8;15;1;2;2;2;0;1;1;6;2;0;4;4;19;
Goran Dragic;G;37:21;11;17;3;5;0;0;3;4;7;6;0;1;4;3;25;
Goran Dragic;G;32:06;11;17;5;9;5;7;2;0;2;4;2;0;2;2;32;
Goran Dragic;G;38:19;6;16;2;7;3;5;2;3;5;4;1;0;3;4;17;
Goran Dragic;G;42:15;2;11;0;5;11;12;0;1;1;8;0;0;4;3;15;
Goran Dragic;G;36:31;7;19;1;2;4;4;0;0;0;2;2;1;2;4;19;
Goran Dragic;G;40:44;11;19;2;5;2;3;0;2;2;5;1;0;1;2;26;
Goran Dragic;G;38:59;8;14;2;3;2;2;0;3;3;9;1;3;2;2;20;
Goran Dragic;G;40:29;6;18;0;3;1;3;1;4;5;4;1;0;2;4;13;
Goran Dragic;G;37:08;6;14;0;5;2;2;2;4;6;4;5;0;4;2;14;
Goran Dragic;G;41:06;12;21;1;4;1;1;0;6;6;9;1;0;3;4;26;
Goran Dragic;G;24:40;2;11;0;3;1;2;0;2;2;5;1;1;2;2;5;
Goran Dragic;G;19:54;5;9;0;1;0;0;0;3;3;2;1;0;1;1;10;
Goran Dragic;;29:34;4;9;1;3;3;6;0;1;1;3;0;0;1;0;12;
Goran Dragic;G;24:30;5;12;2;3;2;2;1;0;1;1;0;0;2;2;14;
Goran Dragic;G;46:19;5;12;0;4;9;10;0;1;1;10;2;0;4;1;19;
Goran Dragic;G;35:29;3;9;0;1;4;4;0;2;2;8;2;0;7;4;10;
Goran Dragic;G;35:32;10;20;3;6;8;9;1;1;2;5;1;0;1;4;31;
Goran Dragic;G;32:14;4;9;0;1;6;11;0;5;5;8;1;0;6;5;14;
Goran Dragic;G;33:30;10;17;2;5;1;2;0;1;1;13;0;0;0;1;23;
Goran Dragic;G;39:11;5;12;0;3;4;4;2;6;8;9;1;0;1;2;14;
Goran Dragic;G;35:21;10;18;4;5;7;8;3;2;5;10;0;1;4;2;31;
Goran Dragic;G;38:57;7;12;0;2;5;5;0;3;3;9;0;2;2;1;19;
Goran Dragic;G;39:53;6;13;1;3;11;13;2;0;2;9;1;0;2;4;24;
Goran Dragic;G;36:10;7;13;1;5;1;4;1;2;3;5;1;1;3;2;16;
Goran Dragic;G;40:56;6;11;2;5;5;6;0;2;2;1;4;1;4;4;19;
Goran Dragic;G;38:08;5;13;1;4;3;4;0;5;5;2;1;0;2;1;14;
Goran Dragic;G;37:53;9;18;2;6;11;11;1;1;2;5;1;0;1;3;31;
Goran Dragic;G;34:56;10;14;4;5;5;7;2;2;4;3;1;0;4;2;29;
Goran Dragic;G;34:46;6;11;4;4;5;8;0;1;1;4;4;0;2;3;21;
Goran Dragic;G;40:44;6;18;0;2;6;8;1;1;2;4;0;0;2;4;18;
Goran Dragic;G;40:00;7;15;0;3;3;3;0;3;3;6;1;0;3;0;17;
Goran Dragic;G;32:18;5;13;0;4;3;3;3;3;6;5;2;0;2;3;13;
Goran Dragic;G;29:23;4;9;0;1;4;5;0;3;3;7;1;0;1;0;12;
Goran Dragic;G;30:54;3;9;0;0;2;2;0;1;1;3;2;0;4;2;8;
Goran Dragic;G;37:23;7;14;2;5;5;6;2;1;3;5;2;0;5;2;21;
Goran Dragic;G;31:48;10;15;1;3;5;6;0;1;1;8;5;0;3;3;26;
