╔═══════════════╤═══════════════╗
║Name		│Gordon Hayward	║
╟───────────────┼───────────────╢
║Number		│20		║
╟───────────────┼───────────────╢
║Position	│G-F		║
╟───────────────┼───────────────╢
║Height		│6-8		║
╟───────────────┼───────────────╢
║Weight		│220		║
╟───────────────┼───────────────╢
║Birth		│MAR 23, 1990	║
╟───────────────┼───────────────╢
║Age		│24		║
╟───────────────┼───────────────╢
║Exp		│3		║
╟───────────────┼───────────────╢
║School		│Butler		║
╚═══════════════╧═══════════════╝
Gordon Hayward;G;40:05;8;16;3;5;3;3;0;4;4;2;2;3;2;2;22;
Gordon Hayward;G;39:28;8;16;4;6;2;2;0;2;2;6;2;0;1;2;22;
Gordon Hayward;G;37:10;13;16;2;3;9;13;0;11;11;7;2;1;4;0;37;
Gordon Hayward;G;36:20;10;17;2;5;5;6;0;5;5;5;3;0;3;3;27;
Gordon Hayward;G;38:23;5;14;2;3;4;4;0;6;6;4;2;0;3;1;16;
Gordon Hayward;G;37:38;4;13;1;3;3;4;1;5;6;6;1;1;2;3;12;
Gordon Hayward;G;40:03;3;10;0;0;2;2;2;7;9;5;0;0;8;0;8;
Gordon Hayward;G;41:21;3;13;1;6;8;9;2;1;3;3;3;0;2;3;15;
Gordon Hayward;G;38:34;3;11;0;5;2;2;2;3;5;3;1;1;3;1;8;
Gordon Hayward;G;null;3;7;1;5;1;2;1;2;3;5;2;0;2;2;8;
Gordon Hayward;G;37:40;3;8;0;1;3;4;2;7;9;11;3;0;2;3;9;
Gordon Hayward;G;34:46;5;13;2;4;3;4;0;8;8;7;2;0;4;2;15;
Gordon Hayward;G;37:47;3;17;0;4;11;12;2;5;7;7;2;3;1;2;17;
Gordon Hayward;G;33:19;3;11;1;6;2;2;0;5;5;3;0;0;3;0;9;
Gordon Hayward;G;36:13;5;11;1;1;6;6;0;7;7;7;3;0;1;1;17;
Gordon Hayward;G;24:20;2;10;0;2;1;2;0;0;0;0;2;2;2;1;5;
Gordon Hayward;G;35:33;4;11;0;4;0;0;1;3;4;10;1;0;6;1;8;
Gordon Hayward;G;37:16;7;13;1;3;2;5;0;10;10;9;0;0;2;2;17;
Gordon Hayward;G;35:45;6;13;4;7;2;3;2;5;7;7;2;2;1;0;18;
Gordon Hayward;G;37:31;8;15;2;7;3;3;0;3;3;3;2;0;2;4;21;
Gordon Hayward;G;33:17;6;15;2;6;6;6;1;3;4;3;1;0;5;1;20;
Gordon Hayward;G;36:38;5;12;0;2;2;5;1;5;6;6;3;0;4;3;12;
Gordon Hayward;G;36:57;6;8;2;3;4;5;2;5;7;5;0;0;3;1;18;
Gordon Hayward;G;43:51;7;15;1;3;7;10;1;1;2;8;3;0;2;3;22;
Gordon Hayward;G;38:12;4;10;1;1;4;4;2;6;8;7;2;0;5;4;13;
Gordon Hayward;G;34:48;3;7;1;5;1;2;0;6;6;6;0;0;3;3;8;
Gordon Hayward;G;36:54;2;8;2;2;1;2;0;3;3;10;2;1;2;3;7;
Gordon Hayward;G;34:50;7;13;0;1;3;4;0;6;6;6;0;0;6;1;17;
Gordon Hayward;G;28:37;5;8;0;0;1;2;0;4;4;3;3;0;3;2;11;
Gordon Hayward;G;38:18;7;16;0;3;2;5;1;4;5;5;2;0;3;1;16;
Gordon Hayward;G;39:42;4;8;0;1;6;6;0;2;2;6;1;0;2;4;14;
Gordon Hayward;G;39:44;10;19;3;6;9;10;0;2;2;6;1;1;2;1;32;
Gordon Hayward;G;44:48;5;12;1;3;7;9;0;1;1;1;4;0;4;1;18;
Gordon Hayward;G;36:20;6;13;1;2;8;8;0;1;1;7;1;1;3;4;21;
Gordon Hayward;G;33:06;5;13;0;2;6;6;0;2;2;9;0;0;2;2;16;
Gordon Hayward;G;39:22;5;14;3;8;5;8;0;2;2;1;1;0;2;1;18;
Gordon Hayward;G;37:16;4;11;2;3;11;13;0;4;4;6;3;0;1;0;21;
Gordon Hayward;G;28:37;4;9;0;0;2;2;0;0;0;3;0;0;4;3;10;
Gordon Hayward;G;41:16;5;14;1;6;0;2;2;2;4;5;2;0;1;2;11;
Gordon Hayward;F;32:43;4;9;1;3;5;6;0;5;5;6;0;0;2;3;14;
Gordon Hayward;F;34:40;7;18;0;4;9;10;0;4;4;2;2;0;2;2;23;
Gordon Hayward;F;35:38;7;13;1;3;6;8;0;6;6;4;0;0;4;1;21;
Gordon Hayward;F;41:35;6;21;0;5;7;8;3;7;10;8;1;1;3;1;19;
Gordon Hayward;G;27:34;4;13;2;6;2;4;1;3;4;5;3;0;4;4;12;
Gordon Hayward;G;39:28;6;17;3;5;3;4;3;7;10;8;1;0;3;1;18;
Gordon Hayward;G;38:10;7;16;1;5;0;2;2;3;5;2;0;0;1;3;15;
Gordon Hayward;G;31:27;8;16;1;3;5;5;1;4;5;4;0;0;2;0;22;
Gordon Hayward;G;39:36;12;20;1;2;3;4;2;7;9;5;1;0;2;3;28;
Gordon Hayward;G;37:21;5;15;1;2;4;5;1;5;6;5;0;0;2;1;15;
Gordon Hayward;G;36:21;10;18;0;5;4;4;1;6;7;4;4;0;2;2;24;
Gordon Hayward;G;40:21;8;16;1;5;5;6;0;3;3;2;1;2;7;1;22;
Gordon Hayward;G;41:58;6;12;3;5;12;14;2;3;5;10;2;1;5;1;27;
Gordon Hayward;G;43:13;5;23;1;7;4;6;1;8;9;3;1;1;3;1;15;
Gordon Hayward;G;35:05;5;12;2;3;2;4;0;2;2;2;1;0;3;2;14;
Gordon Hayward;G;35:02;6;14;2;4;4;4;0;6;6;3;3;0;6;4;18;
Gordon Hayward;G;39:08;1;17;0;8;4;4;1;5;6;11;1;2;1;4;6;
Gordon Hayward;G;34:35;5;12;1;3;2;2;1;0;1;5;3;2;5;4;13;
Gordon Hayward;G;25:16;2;9;1;2;0;0;0;4;4;1;1;0;6;3;5;
Gordon Hayward;G;46:59;5;15;0;0;5;7;1;5;6;12;1;1;1;3;15;
Gordon Hayward;G;34:24;4;10;0;2;3;3;2;5;7;6;1;0;2;2;11;
Gordon Hayward;G;34:06;3;11;0;2;7;8;0;4;4;4;0;0;2;1;13;
Gordon Hayward;G;39:09;12;18;0;0;5;5;0;5;5;3;1;0;4;2;29;
Gordon Hayward;G;37:40;3;14;2;7;4;4;1;3;4;6;2;0;3;3;12;
Gordon Hayward;G;22:56;5;12;0;2;0;0;0;1;1;3;2;0;4;3;10;
Gordon Hayward;G;43:37;6;17;2;4;8;10;1;3;4;3;1;2;1;1;22;
Gordon Hayward;G;38:51;6;14;0;3;5;6;0;5;5;0;1;0;2;1;17;
Gordon Hayward;G;30:17;7;15;1;1;2;2;1;3;4;4;0;0;0;1;17;
Gordon Hayward;G;38:03;11;18;1;5;7;7;2;11;13;5;1;0;0;4;30;
Gordon Hayward;G;40:01;7;16;0;4;4;5;0;5;5;5;2;1;1;1;18;
Gordon Hayward;G;27:23;2;8;0;4;3;4;1;2;3;2;1;0;5;4;7;
Gordon Hayward;G;37:16;6;15;1;5;2;3;1;5;6;7;0;1;2;2;15;
Gordon Hayward;G;29:05;4;14;1;4;2;2;1;1;2;3;0;3;2;0;11;
Gordon Hayward;G;37:05;3;11;2;4;4;4;2;8;10;3;2;0;3;0;12;
Gordon Hayward;G;38:28;5;13;2;5;4;5;4;7;11;9;1;4;1;2;16;
Gordon Hayward;G;37:54;9;17;2;5;4;5;1;4;5;9;3;0;2;4;24;
Gordon Hayward;G;31:44;3;11;1;3;2;2;0;3;3;7;2;0;0;3;9;
Gordon Hayward;G;28:26;3;10;1;3;2;2;0;3;3;5;0;2;3;3;9;
