╔═══════════════╤═══════════════╗
║Name		│Gorgui Dieng	║
╟───────────────┼───────────────╢
║Number		│5		║
╟───────────────┼───────────────╢
║Position	│C		║
╟───────────────┼───────────────╢
║Height		│6-11		║
╟───────────────┼───────────────╢
║Weight		│238		║
╟───────────────┼───────────────╢
║Birth		│JAN 18, 1990	║
╟───────────────┼───────────────╢
║Age		│24		║
╟───────────────┼───────────────╢
║Exp		│R		║
╟───────────────┼───────────────╢
║School		│Louisville	║
╚═══════════════╧═══════════════╝
Gorgui Dieng;;2:18;0;1;0;0;0;0;0;0;0;0;0;0;0;1;0;
Gorgui Dieng;;6:24;1;2;0;0;0;2;2;1;3;0;1;0;0;1;2;
Gorgui Dieng;;5:37;1;1;0;0;0;0;0;3;3;0;0;0;1;2;2;
Gorgui Dieng;;3:54;0;0;0;0;0;0;0;1;1;0;2;0;0;0;0;
Gorgui Dieng;;10:16;2;2;0;0;0;0;2;2;4;0;0;1;1;4;4;
Gorgui Dieng;;2:21;1;2;0;0;0;0;0;0;0;0;0;0;0;0;2;
Gorgui Dieng;;1:12;1;1;0;0;0;0;0;0;0;0;0;0;0;0;2;
Gorgui Dieng;;9:37;0;2;0;0;0;0;0;2;2;0;0;0;1;2;0;
Gorgui Dieng;;6:26;0;2;0;0;0;0;0;4;4;0;0;0;0;2;0;
Gorgui Dieng;;12:35;0;1;0;0;0;0;2;1;3;0;1;2;2;2;0;
Gorgui Dieng;;8:08;1;1;0;0;2;2;1;2;3;0;2;1;0;2;4;
Gorgui Dieng;;7:56;0;4;0;0;0;0;2;3;5;1;0;0;1;3;0;
Gorgui Dieng;;6:38;1;3;0;0;0;0;0;2;2;0;0;0;0;0;2;
Gorgui Dieng;;9:09;0;1;0;0;0;0;3;2;5;0;0;0;0;1;0;
Gorgui Dieng;;11:10;0;1;0;0;0;0;0;0;0;0;0;0;0;2;0;
Gorgui Dieng;;7:57;0;0;0;0;2;4;0;4;4;1;0;0;1;1;2;
Gorgui Dieng;;4:00;0;0;0;0;0;0;0;1;1;0;0;1;1;1;0;
Gorgui Dieng;;21:41;4;5;0;0;0;2;0;8;8;1;0;3;1;4;8;
Gorgui Dieng;;13:02;0;1;0;0;3;4;3;3;6;2;0;0;1;1;3;
Gorgui Dieng;;4:47;1;2;0;0;0;0;1;0;1;0;0;0;1;1;2;
Gorgui Dieng;;3:59;3;5;0;0;0;0;1;0;1;0;1;0;0;0;6;
Gorgui Dieng;;1:00;1;2;0;0;0;0;1;1;2;0;0;0;0;0;2;
Gorgui Dieng;;6:47;1;2;0;0;0;0;1;2;3;0;0;2;1;3;2;
Gorgui Dieng;;1:46;0;1;0;0;0;0;0;0;0;0;0;0;0;0;0;
Gorgui Dieng;;11:48;1;3;0;0;0;0;1;1;2;0;0;0;0;1;2;
Gorgui Dieng;C;37:09;5;7;0;0;2;6;3;8;11;0;2;5;1;2;12;
Gorgui Dieng;C;25:06;5;5;0;0;0;0;3;8;11;1;1;1;0;4;10;
Gorgui Dieng;C;38:21;6;16;0;0;10;11;8;13;21;4;1;0;0;3;22;
Gorgui Dieng;C;24:37;2;3;0;0;2;2;3;6;9;2;1;0;1;3;6;
Gorgui Dieng;C;36:35;5;10;0;0;1;2;7;10;17;1;1;0;2;4;11;
Gorgui Dieng;C;41:13;6;8;0;0;3;4;5;10;15;2;1;1;1;3;15;
Gorgui Dieng;;22:32;5;5;0;0;4;7;3;6;9;0;0;1;2;5;14;
Gorgui Dieng;;19:23;2;4;0;0;1;2;2;9;11;0;2;0;3;0;5;
Gorgui Dieng;;19:22;4;4;0;0;6;6;3;1;4;3;3;1;1;4;14;
Gorgui Dieng;C;25:32;4;6;0;0;0;0;2;7;9;0;1;1;5;2;8;
Gorgui Dieng;C;24:55;6;15;0;0;3;6;2;2;4;0;1;3;2;2;15;
Gorgui Dieng;C;35:31;5;9;0;0;2;3;4;4;8;3;0;2;3;2;12;
Gorgui Dieng;C;26:42;4;15;0;0;4;5;7;8;15;0;0;1;0;3;12;
Gorgui Dieng;C;31:22;3;8;0;0;3;3;4;4;8;0;0;3;2;3;9;
Gorgui Dieng;C;38:00;6;13;0;0;0;0;10;10;20;3;2;2;3;3;12;
Gorgui Dieng;C;34:58;9;15;1;1;2;2;3;11;14;4;2;2;3;4;21;
Gorgui Dieng;C;35:20;6;8;0;0;2;3;1;10;11;3;1;2;3;3;14;
Gorgui Dieng;C;27:33;1;8;0;0;2;4;3;4;7;1;0;2;1;2;4;
Gorgui Dieng;;14:25;0;1;0;0;0;4;0;0;0;1;0;0;2;4;0;
Gorgui Dieng;;2:38;0;0;0;0;0;0;0;1;1;1;0;1;1;3;0;
Gorgui Dieng;;6:17;0;0;0;0;1;2;0;1;1;1;0;2;1;3;1;
Gorgui Dieng;;2:47;0;1;0;0;0;0;1;1;2;0;0;0;1;0;0;
Gorgui Dieng;;5:02;2;2;0;0;0;0;1;0;1;0;0;1;0;1;4;
Gorgui Dieng;;9:39;1;2;0;0;0;0;0;6;6;1;0;1;2;1;2;
Gorgui Dieng;;2:23;0;0;0;0;0;0;0;0;0;0;1;0;0;0;0;
Gorgui Dieng;;8:06;2;3;0;0;1;2;2;1;3;1;0;3;1;2;5;
Gorgui Dieng;;2:36;0;0;0;0;0;0;0;2;2;0;0;3;0;0;0;
Gorgui Dieng;;4:37;0;2;0;0;0;0;1;1;2;0;1;0;0;0;0;
Gorgui Dieng;;5:34;1;2;0;0;0;0;2;1;3;2;1;1;0;0;2;
Gorgui Dieng;;9:21;1;3;0;0;3;4;2;4;6;0;0;0;0;2;5;
Gorgui Dieng;;2:36;0;1;0;0;0;0;0;1;1;0;0;0;0;1;0;
Gorgui Dieng;;13:16;2;4;0;0;0;1;1;2;3;0;1;0;1;4;4;
Gorgui Dieng;;0:11;0;1;0;0;0;0;0;0;0;0;0;0;0;0;0;
Gorgui Dieng;;2:05;0;0;0;0;0;0;0;0;0;0;0;1;0;0;0;
Gorgui Dieng;;1:37;1;1;0;0;0;0;0;2;2;0;0;0;0;1;2;
