╔═══════════════╤═══════════════╗
║Name		│Greg Oden	║
╟───────────────┼───────────────╢
║Number		│20		║
╟───────────────┼───────────────╢
║Position	│C		║
╟───────────────┼───────────────╢
║Height		│7-0		║
╟───────────────┼───────────────╢
║Weight		│273		║
╟───────────────┼───────────────╢
║Birth		│JAN 22, 1988	║
╟───────────────┼───────────────╢
║Age		│26		║
╟───────────────┼───────────────╢
║Exp		│2		║
╟───────────────┼───────────────╢
║School		│Ohio State	║
╚═══════════════╧═══════════════╝
Greg Oden;;8:24;2;3;0;0;2;2;1;1;2;0;0;0;0;1;6;
Greg Oden;;4:51;0;0;0;0;1;2;0;0;0;0;0;0;1;3;1;
Greg Oden;;5:34;1;3;0;0;0;0;1;0;1;0;0;1;0;2;2;
Greg Oden;;10:26;2;5;0;0;1;2;4;1;5;0;0;1;0;3;5;
Greg Oden;;12:53;1;3;0;0;1;2;1;1;2;0;1;1;0;1;3;
Greg Oden;;10:60;2;3;0;0;0;0;3;0;3;0;2;0;2;2;4;
Greg Oden;;5:43;1;1;0;0;0;0;1;2;3;0;0;2;0;2;2;
Greg Oden;;10:49;0;0;0;0;0;0;0;4;4;0;1;1;0;3;0;
Greg Oden;;3:19;0;0;0;0;0;2;0;1;1;0;0;0;1;2;0;
Greg Oden;;5:20;2;3;0;0;1;1;1;0;1;0;0;0;0;1;5;
Greg Oden;C;12:49;2;4;0;0;1;1;2;3;5;0;0;0;0;2;5;
Greg Oden;;8:48;1;2;0;0;1;2;0;1;1;0;0;0;1;5;3;
Greg Oden;;13:07;3;3;0;0;2;3;0;4;4;1;0;0;1;3;8;
Greg Oden;;5:02;2;2;0;0;0;0;0;0;0;0;0;0;1;1;4;
Greg Oden;;5:40;0;0;0;0;0;0;0;1;1;0;0;0;0;2;0;
Greg Oden;;8:37;0;0;0;0;0;0;1;0;1;0;0;1;0;1;0;
Greg Oden;;5:17;0;0;0;0;0;0;0;0;0;0;0;0;2;1;0;
Greg Oden;C;12:39;0;2;0;0;0;0;2;4;6;0;0;0;1;4;0;
Greg Oden;C;14:17;3;6;0;0;0;1;1;2;3;0;2;2;0;2;6;
Greg Oden;C;12:27;2;2;0;0;1;1;1;1;2;0;0;2;0;2;5;
Greg Oden;C;15:13;2;4;0;0;0;2;0;3;3;0;1;0;1;4;4;
Greg Oden;C;6:09;1;1;0;0;0;0;1;0;1;0;0;2;0;2;2;
Greg Oden;;13:43;0;2;0;0;2;2;3;2;5;0;0;0;1;3;2;
