Greg Stiemsma;;6:25;0;0;0;0;0;0;0;1;1;0;0;0;3;2;0;
Greg Stiemsma;;18:39;6;7;0;0;0;1;0;3;3;0;0;1;0;4;12;
Greg Stiemsma;;20:37;0;2;0;0;0;0;0;3;3;0;1;1;0;3;0;
Greg Stiemsma;;14:34;0;0;0;0;0;1;2;3;5;1;0;0;0;2;0;
Greg Stiemsma;;20:22;5;5;0;0;0;0;2;3;5;0;0;1;1;5;10;
Greg Stiemsma;;11:49;0;1;0;0;0;0;0;0;0;1;1;0;1;1;0;
Greg Stiemsma;;9:10;0;1;0;0;2;2;0;1;1;0;0;0;0;2;2;
Greg Stiemsma;;20:13;2;3;0;0;0;0;4;2;6;0;1;2;0;6;4;
Greg Stiemsma;C;12:21;1;4;0;0;0;0;0;2;2;0;0;1;0;1;2;
Greg Stiemsma;C;18:60;1;2;0;0;0;0;1;2;3;1;1;2;2;5;2;
Greg Stiemsma;C;11:09;0;2;0;0;0;0;1;2;3;1;0;0;1;3;0;
Greg Stiemsma;;18:33;2;2;0;0;0;0;2;2;4;3;1;1;1;5;4;
Greg Stiemsma;;30:33;4;5;0;0;1;2;2;9;11;1;1;2;0;4;9;
Greg Stiemsma;F;32:47;0;1;0;0;3;4;2;10;12;1;2;1;2;4;3;
Greg Stiemsma;;25:58;2;3;0;0;1;2;1;2;3;0;1;2;0;5;5;
Greg Stiemsma;;20:50;1;1;0;0;0;0;1;4;5;2;0;0;0;3;2;
Greg Stiemsma;;31:47;3;3;0;0;0;0;6;2;8;4;1;2;0;2;6;
Greg Stiemsma;;19:11;1;1;0;0;0;0;0;1;1;0;0;3;1;2;2;
Greg Stiemsma;;19:37;2;4;0;0;1;1;2;1;3;0;1;0;1;4;5;
Greg Stiemsma;;15:13;1;2;0;0;0;0;2;2;4;2;0;0;1;4;2;
Greg Stiemsma;;20:13;1;1;0;0;0;0;2;4;6;1;1;2;1;4;2;
Greg Stiemsma;;13:32;1;2;0;0;0;0;3;3;6;0;0;3;1;1;2;
Greg Stiemsma;;19:20;1;1;0;0;0;0;0;5;5;0;0;2;1;4;2;
Greg Stiemsma;C;15:19;0;1;0;0;0;0;1;0;1;0;3;0;0;3;0;
Greg Stiemsma;C;11:25;1;2;0;0;0;0;2;4;6;1;1;0;0;2;2;
Greg Stiemsma;C;14:44;0;0;0;0;0;0;2;0;2;0;0;0;0;0;0;
Greg Stiemsma;;30:28;5;7;0;0;0;0;0;7;7;0;0;1;0;4;10;
Greg Stiemsma;;19:41;1;1;0;0;0;0;1;2;3;0;2;2;1;6;2;
Greg Stiemsma;;8:21;0;0;0;0;0;0;2;1;3;1;0;0;1;3;0;
Greg Stiemsma;;29:05;1;1;0;0;1;2;2;3;5;3;0;3;0;4;3;
Greg Stiemsma;;26:53;0;0;0;0;1;2;4;4;8;1;1;1;2;4;1;
Greg Stiemsma;;25:60;0;1;0;0;0;0;2;1;3;0;2;1;2;3;0;
Greg Stiemsma;C;28:51;3;3;0;0;0;0;2;1;3;0;0;2;0;2;6;
Greg Stiemsma;C;14:44;1;2;0;0;0;0;0;1;1;2;0;0;1;4;2;
Greg Stiemsma;C;13:58;0;0;0;0;1;2;1;1;2;1;1;0;1;3;1;
Greg Stiemsma;;7:52;0;0;0;0;0;0;1;1;2;0;2;1;0;1;0;
Greg Stiemsma;C;10:30;0;0;0;0;0;0;0;2;2;0;0;0;0;4;0;
Greg Stiemsma;C;20:49;2;5;0;0;0;0;1;5;6;1;0;2;2;2;4;
Greg Stiemsma;C;19:13;1;1;0;0;0;0;0;3;3;1;1;2;2;6;2;
Greg Stiemsma;C;18:47;1;3;0;0;0;0;0;4;4;1;1;1;1;3;2;
Greg Stiemsma;C;13:49;1;1;0;0;2;3;0;0;0;0;0;0;0;4;4;
Greg Stiemsma;C;20:10;4;9;0;0;1;2;2;4;6;1;0;1;1;3;9;
Greg Stiemsma;C;25:09;4;7;0;0;2;2;2;4;6;0;3;2;2;5;10;
Greg Stiemsma;C;17:17;2;4;0;0;0;0;2;1;3;1;2;0;0;2;4;
Greg Stiemsma;C;27:23;2;6;0;0;0;0;0;8;8;0;2;2;0;3;4;
Greg Stiemsma;C;25:13;0;1;0;1;1;2;0;4;4;1;1;2;1;2;1;
Greg Stiemsma;;14:58;1;2;0;0;0;0;4;1;5;0;1;1;2;4;2;
Greg Stiemsma;;16:48;0;2;0;0;1;2;1;5;6;0;0;0;1;2;1;
Greg Stiemsma;;16:41;2;2;0;0;0;0;1;5;6;2;0;5;2;5;4;
Greg Stiemsma;;15:49;0;1;0;0;1;2;0;3;3;0;0;1;0;1;1;
Greg Stiemsma;;24:20;2;2;0;0;0;0;2;3;5;1;0;0;1;3;4;
Greg Stiemsma;;18:28;1;2;0;0;0;0;2;7;9;0;0;1;1;2;2;
Greg Stiemsma;;3:59;0;1;0;0;0;0;1;1;2;0;0;0;1;1;0;
Greg Stiemsma;;11:41;1;2;0;0;0;0;0;1;1;0;0;0;1;0;2;
Greg Stiemsma;;6:15;0;0;0;0;0;0;1;0;1;0;0;0;1;2;0;
