╔═══════════════╤═══════════════╗
║Name		│Greg Monroe	║
╟───────────────┼───────────────╢
║Number		│10		║
╟───────────────┼───────────────╢
║Position	│F-C		║
╟───────────────┼───────────────╢
║Height		│6-11		║
╟───────────────┼───────────────╢
║Weight		│250		║
╟───────────────┼───────────────╢
║Birth		│JUN 04, 1990	║
╟───────────────┼───────────────╢
║Age		│24		║
╟───────────────┼───────────────╢
║Exp		│3		║
╟───────────────┼───────────────╢
║School		│Georgetown	║
╚═══════════════╧═══════════════╝
Greg Monroe;F;34:43;8;17;0;0;3;5;2;6;8;2;0;0;1;2;19;
Greg Monroe;F;32:03;8;15;0;0;3;4;3;4;7;0;1;0;3;3;19;
Greg Monroe;F;28:44;5;12;0;0;1;2;3;8;11;1;0;0;2;2;11;
Greg Monroe;F;26:49;5;6;0;0;5;8;3;7;10;1;1;0;2;3;15;
Greg Monroe;F;27:38;6;14;0;0;8;11;7;5;12;4;1;0;1;1;20;
Greg Monroe;F;15:57;1;7;0;0;2;2;0;1;1;1;0;0;1;2;4;
Greg Monroe;F;30:49;5;7;0;0;2;5;5;5;10;1;1;0;3;2;12;
Greg Monroe;F;29:40;1;3;0;0;4;4;1;2;3;3;2;0;3;2;6;
Greg Monroe;F;28:52;7;11;0;0;4;6;1;8;9;4;0;0;2;3;18;
Greg Monroe;F;25:21;4;8;0;0;0;0;3;8;11;1;1;0;5;2;8;
Greg Monroe;F;28:32;9;13;0;0;2;4;5;4;9;2;0;0;0;3;20;
Greg Monroe;F;24:33;4;11;0;0;0;0;4;7;11;3;1;0;1;0;8;
Greg Monroe;F;28:48;8;10;0;0;5;9;4;8;12;3;4;0;4;2;21;
Greg Monroe;F;34:36;6;13;0;0;5;7;2;9;11;1;0;0;2;2;17;
Greg Monroe;F;30:53;6;11;0;0;0;0;0;4;4;3;1;0;2;2;12;
Greg Monroe;F;30:48;5;9;0;0;2;2;2;5;7;3;2;0;3;6;12;
Greg Monroe;F;30:24;6;9;0;0;2;2;0;6;6;0;1;0;3;3;14;
Greg Monroe;F;36:41;7;10;0;0;1;2;4;6;10;3;2;0;1;1;15;
Greg Monroe;F;35:08;7;13;0;0;2;4;2;7;9;5;1;1;3;3;16;
Greg Monroe;F;36:39;8;16;0;0;2;4;1;9;10;1;0;1;2;4;18;
Greg Monroe;F;31:29;5;15;0;0;3;4;2;5;7;0;2;2;0;2;13;
Greg Monroe;F;39:33;10;17;0;0;2;6;6;9;15;2;1;2;2;2;22;
Greg Monroe;F;39:43;7;13;0;0;3;6;4;13;17;2;0;2;2;2;17;
Greg Monroe;F;39:32;8;20;0;0;7;9;3;5;8;1;1;0;0;1;23;
Greg Monroe;F;31:16;3;11;0;0;6;6;2;3;5;1;3;1;0;1;12;
Greg Monroe;F;34:14;3;11;0;0;4;4;6;8;14;3;2;2;5;4;10;
Greg Monroe;F;31:29;4;10;0;0;3;4;2;7;9;1;1;0;2;3;11;
Greg Monroe;F;43:47;12;20;0;0;3;4;2;5;7;5;2;0;1;1;27;
Greg Monroe;F;32:26;8;17;0;0;4;4;7;8;15;1;0;0;1;4;20;
Greg Monroe;F;39:09;8;15;0;0;6;7;3;11;14;4;1;1;1;0;22;
Greg Monroe;F;29:38;2;6;0;0;2;2;1;11;12;3;0;1;3;2;6;
Greg Monroe;F;33:32;5;10;0;0;3;4;1;9;10;0;2;1;2;0;13;
Greg Monroe;F;40:46;6;12;0;0;5;6;3;10;13;1;3;3;1;5;17;
Greg Monroe;C;40:38;9;12;0;0;4;9;1;4;5;3;4;1;2;4;22;
Greg Monroe;F;31:38;6;16;0;0;4;7;4;4;8;5;1;2;2;6;16;
Greg Monroe;F;34:20;6;12;0;0;0;0;2;7;9;3;0;0;2;3;12;
Greg Monroe;F;29:36;9;15;0;0;0;0;4;7;11;1;1;0;1;2;18;
Greg Monroe;F;27:40;6;9;0;0;2;2;2;6;8;1;2;1;2;3;14;
Greg Monroe;F;29:14;5;14;0;0;2;4;4;4;8;1;0;2;1;3;12;
Greg Monroe;F;32:11;7;16;0;0;6;8;5;5;10;2;1;0;2;3;20;
Greg Monroe;F;39:30;12;21;0;0;4;6;4;10;14;1;0;2;1;1;28;
Greg Monroe;F;31:07;6;21;0;0;5;6;7;9;16;2;3;1;0;4;17;
Greg Monroe;F;25:29;3;11;0;1;0;2;3;6;9;2;0;0;1;2;6;
Greg Monroe;F;31:28;8;12;0;0;5;5;3;4;7;2;0;0;0;1;21;
Greg Monroe;F;39:00;10;24;0;0;1;1;6;7;13;2;2;0;2;3;21;
Greg Monroe;F;32:44;7;18;0;0;1;1;6;1;7;1;3;0;3;1;15;
Greg Monroe;F;36:22;3;9;0;0;1;4;0;7;7;3;1;0;3;4;7;
Greg Monroe;F;33:43;8;13;0;0;7;11;4;6;10;1;0;1;2;3;23;
Greg Monroe;F;37:51;9;19;0;0;4;9;2;6;8;9;1;1;4;4;22;
Greg Monroe;F;41:26;6;15;0;0;12;15;5;11;16;3;1;1;5;3;24;
Greg Monroe;F;41:12;6;10;0;0;4;4;1;7;8;1;3;0;3;5;16;
Greg Monroe;F;36:36;7;14;0;0;1;4;7;3;10;2;1;1;4;3;15;
Greg Monroe;F;34:48;5;10;0;0;4;4;4;6;10;1;1;2;2;3;14;
Greg Monroe;F;38:53;8;13;0;0;4;5;10;5;15;3;2;3;2;1;20;
Greg Monroe;F;36:55;9;17;0;0;1;1;4;4;8;2;0;0;0;4;19;
Greg Monroe;F;30:58;6;15;0;0;3;6;3;2;5;2;2;0;3;2;15;
Greg Monroe;F;29:46;4;9;0;0;0;1;0;4;4;0;2;0;1;5;8;
Greg Monroe;F;37:28;8;14;0;0;1;8;5;2;7;3;1;1;3;0;17;
Greg Monroe;F;36:24;6;8;0;0;4;4;2;9;11;1;0;0;5;4;16;
Greg Monroe;F;33:55;3;8;0;0;1;2;2;2;4;4;2;0;2;2;7;
Greg Monroe;F;28:45;4;9;0;0;3;4;3;8;11;1;1;1;2;1;11;
Greg Monroe;F;33:57;8;12;0;0;2;4;2;9;11;1;1;0;1;3;18;
Greg Monroe;F;31:57;5;10;0;0;6;8;1;5;6;3;1;0;0;0;16;
Greg Monroe;F;22:25;2;5;0;0;1;2;1;2;3;1;2;0;2;4;5;
Greg Monroe;F;34:47;9;15;0;0;1;3;2;6;8;3;1;0;1;2;19;
Greg Monroe;F;26:05;1;6;0;0;5;6;1;9;10;4;1;0;3;3;7;
Greg Monroe;F;37:08;8;10;0;0;0;2;1;5;6;5;1;2;3;3;16;
Greg Monroe;F;31:20;6;15;0;0;6;6;7;10;17;3;0;2;1;2;18;
Greg Monroe;F;36:25;3;10;0;0;2;4;1;11;12;3;2;2;3;2;8;
Greg Monroe;F;28:52;3;10;0;0;4;5;4;3;7;1;2;0;2;2;10;
Greg Monroe;F;20:15;5;7;0;0;0;0;0;2;2;3;1;0;2;3;10;
Greg Monroe;F;42:26;13;22;0;0;2;7;5;5;10;2;0;0;3;1;28;
Greg Monroe;F;34:28;10;18;0;0;2;4;4;7;11;2;0;0;3;3;22;
Greg Monroe;F;38:32;7;14;0;0;3;4;4;3;7;1;1;1;4;4;17;
Greg Monroe;F;38:33;5;9;0;0;3;5;4;8;12;0;0;2;1;1;13;
Greg Monroe;F;33:41;5;12;0;0;2;5;3;5;8;2;1;1;3;4;12;
Greg Monroe;F;35:07;5;9;0;0;3;4;2;7;9;3;2;0;4;2;13;
Greg Monroe;F;26:04;5;10;0;0;0;0;4;7;11;1;0;0;1;2;10;
Greg Monroe;F;31:02;5;10;0;0;1;2;4;7;11;1;0;0;3;5;11;
Greg Monroe;F;20:59;3;9;0;0;0;2;3;3;6;0;1;0;1;2;6;
Greg Monroe;F;23:34;6;9;0;0;2;2;2;5;7;2;1;0;0;2;14;
Greg Monroe;F;38:04;7;17;0;0;8;12;4;6;10;2;1;0;1;0;22;
