╔═══════════════╤═══════════════╗
║Name		│Greivis Vasquez║
╟───────────────┼───────────────╢
║Number		│21		║
╟───────────────┼───────────────╢
║Position	│G		║
╟───────────────┼───────────────╢
║Height		│6-6		║
╟───────────────┼───────────────╢
║Weight		│211		║
╟───────────────┼───────────────╢
║Birth		│JAN 16, 1987	║
╟───────────────┼───────────────╢
║Age		│27		║
╟───────────────┼───────────────╢
║Exp		│3		║
╟───────────────┼───────────────╢
║School		│Maryland	║
╚═══════════════╧═══════════════╝
Greivis Vasquez;;14:27;2;6;2;4;0;0;0;0;0;2;0;0;1;0;6;
Greivis Vasquez;;12:45;0;4;0;2;0;0;0;1;1;3;0;0;2;2;0;
Greivis Vasquez;;10:47;0;0;0;0;0;0;0;2;2;2;0;0;1;0;0;
Greivis Vasquez;;13:43;1;7;0;2;0;0;0;3;3;3;0;0;0;1;2;
Greivis Vasquez;;19:31;3;8;1;4;0;0;0;6;6;3;0;0;0;3;7;
Greivis Vasquez;;12:38;1;5;0;3;0;0;0;1;1;3;1;0;1;2;2;
Greivis Vasquez;;20:41;3;5;2;2;0;0;0;0;0;4;0;0;4;2;8;
Greivis Vasquez;;8:34;0;2;0;0;0;0;0;0;0;0;0;0;1;0;0;
Greivis Vasquez;;19:07;1;6;1;4;0;0;0;1;1;5;0;0;0;1;3;
Greivis Vasquez;;20:59;5;11;1;5;0;0;2;3;5;8;1;0;0;0;11;
Greivis Vasquez;;23:44;6;13;3;7;0;0;1;6;7;9;1;0;2;2;15;
Greivis Vasquez;;33:31;5;13;3;7;4;6;0;2;2;7;3;0;2;2;17;
Greivis Vasquez;;22:02;1;6;0;3;0;0;0;2;2;7;0;0;1;3;2;
Greivis Vasquez;;19:59;3;6;0;1;2;3;2;1;3;3;0;0;3;0;8;
Greivis Vasquez;;25:60;4;9;2;4;2;2;0;3;3;4;0;0;4;1;12;
Greivis Vasquez;G;37:28;2;7;2;6;0;0;0;1;1;6;0;0;3;3;6;
Greivis Vasquez;;19:33;0;4;0;2;0;0;0;2;2;3;0;0;3;1;0;
Greivis Vasquez;;27:26;5;9;0;3;2;2;0;3;3;4;1;0;0;1;12;
Greivis Vasquez;;26:25;1;4;1;1;2;2;1;1;2;4;0;0;2;6;5;
Greivis Vasquez;;17:02;0;3;0;1;0;0;0;0;0;4;0;0;0;2;0;
Greivis Vasquez;;13:15;1;4;0;2;1;1;0;0;0;2;0;0;2;2;3;
Greivis Vasquez;;23:29;5;10;2;4;0;0;0;0;0;2;0;0;0;2;12;
Greivis Vasquez;;25:55;6;8;2;2;0;0;0;0;0;6;0;0;1;0;14;
Greivis Vasquez;;17:11;3;8;1;3;0;0;1;1;2;0;1;0;2;4;7;
Greivis Vasquez;;15:18;2;6;2;3;2;2;0;2;2;2;0;0;1;0;8;
Greivis Vasquez;;25:48;4;7;2;3;0;0;0;3;3;4;0;0;1;1;10;
Greivis Vasquez;;17:16;6;11;3;6;0;0;1;0;1;2;1;0;1;2;15;
Greivis Vasquez;;28:30;10;16;3;8;0;0;0;1;1;8;1;0;3;2;23;
Greivis Vasquez;;22:52;5;13;2;7;0;0;0;0;0;4;0;0;1;0;12;
Greivis Vasquez;;18:21;1;5;0;3;2;2;0;0;0;3;2;0;1;2;4;
Greivis Vasquez;;22:23;3;8;2;5;4;4;1;5;6;3;1;0;2;4;12;
Greivis Vasquez;;18:05;2;6;0;3;0;0;0;3;3;5;0;0;1;1;4;
Greivis Vasquez;;19:10;3;9;1;2;0;0;0;7;7;4;0;0;2;0;7;
Greivis Vasquez;;28:10;6;11;3;5;2;3;0;5;5;6;3;0;2;3;17;
Greivis Vasquez;;19:22;0;5;0;3;2;2;0;3;3;2;0;0;0;2;2;
Greivis Vasquez;;17:49;5;14;0;5;0;0;0;2;2;0;0;0;2;2;10;
Greivis Vasquez;;21:12;4;7;2;5;4;5;1;1;2;3;0;1;1;1;14;
Greivis Vasquez;;28:19;7;9;3;5;0;0;0;5;5;3;0;0;0;5;17;
Greivis Vasquez;;27:50;5;13;0;5;2;2;0;3;3;5;1;0;3;1;12;
Greivis Vasquez;;24:12;4;13;4;7;4;4;1;3;4;4;0;0;1;1;16;
Greivis Vasquez;;16:53;3;10;1;3;0;0;0;2;2;3;1;0;2;2;7;
Greivis Vasquez;;23:54;5;11;3;5;2;2;1;1;2;5;1;0;2;1;15;
Greivis Vasquez;;15:25;2;6;0;3;1;1;0;0;0;1;0;0;2;1;5;
Greivis Vasquez;;23:08;6;11;3;5;2;3;0;0;0;1;0;0;4;3;17;
Greivis Vasquez;G;39:54;4;12;4;7;3;4;0;4;4;8;1;0;0;4;15;
Greivis Vasquez;G;32:43;4;12;2;5;0;0;0;5;5;3;1;0;2;3;10;
Greivis Vasquez;G;37:27;10;15;6;8;0;0;0;4;4;4;1;0;0;1;26;
Greivis Vasquez;;13:28;2;3;2;3;2;2;0;0;0;2;0;1;1;1;8;
Greivis Vasquez;;19:27;2;6;2;4;0;0;0;2;2;3;0;1;2;0;6;
Greivis Vasquez;;19:21;5;9;2;4;2;2;0;0;0;2;0;0;3;3;14;
Greivis Vasquez;G;39:40;8;12;5;9;4;5;0;2;2;7;0;0;2;2;25;
Greivis Vasquez;;21:54;5;9;3;6;0;0;0;4;4;5;0;0;2;2;13;
Greivis Vasquez;G;36:18;6;9;1;2;4;5;0;2;2;4;0;0;2;2;17;
Greivis Vasquez;G;20:09;2;5;0;0;4;4;0;2;2;4;0;0;0;1;8;
Greivis Vasquez;G;23:46;1;7;0;3;0;0;0;1;1;3;0;0;0;3;2;
Greivis Vasquez;G;19:48;2;5;1;4;4;4;0;3;3;4;0;0;4;4;9;
Greivis Vasquez;G;32:22;5;10;1;4;1;2;1;1;2;6;2;0;1;3;12;
Greivis Vasquez;G;32:19;3;5;0;1;0;0;0;3;3;5;0;0;0;1;6;
Greivis Vasquez;G;32:33;7;13;2;6;1;1;1;3;4;12;1;0;2;4;17;
Greivis Vasquez;G;28:39;5;10;3;6;0;0;0;0;0;6;0;0;8;3;13;
Greivis Vasquez;G;19:28;4;7;0;0;0;0;0;1;1;3;1;0;1;1;8;
Greivis Vasquez;G;24:02;5;9;1;2;0;0;0;1;1;6;0;0;2;3;11;
Greivis Vasquez;G;27:39;2;9;0;3;9;9;1;4;5;6;1;0;1;1;13;
Greivis Vasquez;G;15:00;1;3;0;2;0;0;0;1;1;2;0;0;0;1;2;
Greivis Vasquez;G;32:51;9;18;2;6;0;0;0;3;3;7;0;0;2;4;20;
Greivis Vasquez;G;35:58;4;12;2;6;1;1;1;2;3;7;0;0;0;2;11;
Greivis Vasquez;G;13:53;2;8;0;0;2;2;1;0;1;3;1;0;2;3;6;
Greivis Vasquez;G;26:37;4;10;2;2;2;2;0;1;1;7;0;0;1;0;12;
Greivis Vasquez;G;22:35;2;5;1;3;0;0;0;0;0;6;0;1;1;1;5;
Greivis Vasquez;G;21:06;1;5;0;0;2;2;0;1;1;4;0;0;0;1;4;
Greivis Vasquez;;17:07;5;7;2;3;0;0;0;3;3;2;1;0;4;1;12;
Greivis Vasquez;;16:50;2;6;0;1;3;3;0;1;1;6;0;0;0;0;7;
Greivis Vasquez;;29:28;4;15;0;5;1;2;1;3;4;8;1;0;2;3;9;
Greivis Vasquez;;14:31;6;11;2;4;0;0;1;1;2;0;0;0;2;0;14;
Greivis Vasquez;;15:06;1;6;0;3;5;6;0;4;4;4;0;0;4;4;7;
Greivis Vasquez;;16:54;2;7;1;3;1;2;1;0;1;3;0;0;1;1;6;
Greivis Vasquez;;15:50;1;7;0;2;2;2;0;2;2;4;0;0;0;2;4;
Greivis Vasquez;;15:22;3;8;3;6;2;2;0;0;0;1;0;0;4;1;11;
Greivis Vasquez;;15:45;4;9;1;2;0;0;0;3;3;3;0;1;1;0;9;
