╔═══════════════╤═══════════════╗
║Name		│Gustavo Ayon	║
╟───────────────┼───────────────╢
║Number		│14		║
╟───────────────┼───────────────╢
║Position	│F-C		║
╟───────────────┼───────────────╢
║Height		│6-10		║
╟───────────────┼───────────────╢
║Weight		│250		║
╟───────────────┼───────────────╢
║Birth		│APR 01, 1985	║
╟───────────────┼───────────────╢
║Age		│29		║
╟───────────────┼───────────────╢
║Exp		│2		║
╟───────────────┼───────────────╢
║School		│Tepic, Mexico	║
╚═══════════════╧═══════════════╝
Gustavo Ayon;C;13:53;0;1;0;0;0;0;3;4;7;1;0;0;1;0;0;
Gustavo Ayon;;8:01;2;2;0;0;0;0;2;1;3;0;0;0;1;1;4;
Gustavo Ayon;C;26:37;4;7;0;0;0;2;3;4;7;2;4;2;2;3;8;
Gustavo Ayon;C;28:15;4;5;0;0;0;2;0;4;4;2;2;0;3;5;8;
Gustavo Ayon;C;25:45;3;5;0;0;0;0;4;6;10;4;1;0;2;1;6;
Gustavo Ayon;C;22:48;3;4;0;0;1;2;1;6;7;3;2;1;4;3;7;
Gustavo Ayon;C;20:26;1;4;0;0;0;0;1;3;4;1;1;0;2;4;2;
Gustavo Ayon;C;18:32;3;7;0;0;0;2;0;0;0;2;0;0;0;1;6;
Gustavo Ayon;C;17:05;2;5;0;0;0;2;0;4;4;0;1;1;0;0;4;
Gustavo Ayon;C;21:18;2;2;0;0;2;2;1;7;8;0;0;0;1;1;6;
Gustavo Ayon;C;19:14;1;6;0;0;2;4;4;4;8;2;3;1;3;2;4;
Gustavo Ayon;C;30:32;9;11;0;0;0;0;3;7;10;3;1;0;2;3;18;
Gustavo Ayon;C;6:53;0;4;0;0;0;0;1;0;1;0;2;1;1;1;0;
Gustavo Ayon;C;16:47;3;5;0;0;0;0;1;3;4;1;0;1;0;5;6;
Gustavo Ayon;;19:51;5;6;0;0;0;0;3;2;5;1;2;1;1;1;10;
Gustavo Ayon;C;22:04;2;4;0;0;0;0;2;4;6;0;0;0;3;2;4;
Gustavo Ayon;;17:24;3;4;0;0;1;2;1;2;3;0;1;0;1;1;7;
Gustavo Ayon;;15:24;0;0;0;0;0;0;0;4;4;2;1;1;0;2;0;
Gustavo Ayon;;20:07;0;5;0;0;2;2;0;5;5;0;2;0;0;1;2;
Gustavo Ayon;;9:22;2;3;0;0;0;0;2;2;4;0;0;0;0;5;4;
Gustavo Ayon;;3:38;0;1;0;0;0;0;0;0;0;0;0;1;0;0;0;
Gustavo Ayon;;20:27;3;3;0;0;0;0;1;6;7;3;0;0;0;2;6;
Gustavo Ayon;;8:01;0;1;0;0;0;0;2;1;3;0;1;0;2;2;0;
Gustavo Ayon;;4:20;0;2;0;0;0;0;0;2;2;0;1;0;0;0;0;
Gustavo Ayon;;5:39;0;1;0;0;0;0;0;2;2;0;0;0;0;1;0;
Gustavo Ayon;;6:52;0;4;0;0;0;0;7;0;7;1;0;0;0;0;0;
