Hamady Ndiaye;;0:22;0;0;0;0;0;0;0;0;0;0;0;0;0;1;0;
Hamady Ndiaye;;3:07;0;2;0;0;0;0;0;1;1;0;0;0;0;0;0;
Hamady Ndiaye;;0:30;0;0;0;0;0;0;0;0;0;0;0;0;0;0;0;
Hamady Ndiaye;;24:35;1;2;0;0;0;1;1;5;6;1;0;1;0;2;2;
Hamady Ndiaye;;4:54;0;0;0;0;0;0;1;0;1;1;0;0;1;1;0;
Hamady Ndiaye;;3:54;0;0;0;0;0;0;0;0;0;0;0;0;0;0;0;
Hamady Ndiaye;;2:49;0;0;0;0;0;0;0;1;1;0;0;0;0;0;0;
Hamady Ndiaye;;4:56;0;1;0;0;0;0;1;0;1;0;0;0;2;3;0;
Hamady Ndiaye;;7:10;0;1;0;0;0;0;0;3;3;0;0;0;0;4;0;
Hamady Ndiaye;;1:48;0;0;0;0;0;0;1;0;1;0;0;0;0;3;0;
Hamady Ndiaye;;8:50;1;2;0;0;0;0;1;0;1;1;0;1;0;0;2;
Hamady Ndiaye;;9:14;1;1;0;0;0;0;0;2;2;0;0;2;0;1;2;
Hamady Ndiaye;;1:16;0;0;0;0;0;0;0;0;0;0;0;0;0;0;0;
Hamady Ndiaye;;0:51;0;0;0;0;0;0;0;1;1;0;0;0;0;0;0;
