╔═══════════════╤═══════════════╗
║Name		│Harrison Barnes║
╟───────────────┼───────────────╢
║Number		│40		║
╟───────────────┼───────────────╢
║Position	│F		║
╟───────────────┼───────────────╢
║Height		│6-8		║
╟───────────────┼───────────────╢
║Weight		│210		║
╟───────────────┼───────────────╢
║Birth		│MAY 30, 1992	║
╟───────────────┼───────────────╢
║Age		│22		║
╟───────────────┼───────────────╢
║Exp		│1		║
╟───────────────┼───────────────╢
║School		│North Carolina	║
╚═══════════════╧═══════════════╝
Harrison Barnes;;27:25;4;6;1;2;6;7;0;3;3;0;0;0;0;3;15;
Harrison Barnes;;29:09;4;12;1;2;0;1;3;2;5;2;3;0;0;4;9;
Harrison Barnes;;26:37;4;6;1;1;4;4;0;6;6;3;0;0;2;2;13;
Harrison Barnes;;26:19;2;7;2;3;0;0;0;4;4;2;1;0;1;1;6;
Harrison Barnes;;20:57;2;3;2;2;0;0;0;0;0;0;0;0;1;1;6;
Harrison Barnes;;20:02;0;4;0;3;1;2;1;5;6;1;0;0;1;4;1;
Harrison Barnes;;31:22;4;8;2;3;5;6;0;6;6;2;1;1;0;4;15;
Harrison Barnes;;18:31;0;4;0;1;0;0;0;0;0;0;0;0;2;5;0;
Harrison Barnes;;17:31;0;4;0;1;0;0;0;2;2;1;0;0;1;3;0;
Harrison Barnes;;20:56;2;5;1;2;2;2;1;4;5;1;1;0;0;1;7;
Harrison Barnes;;22:51;1;7;0;2;0;0;0;3;3;0;0;1;3;1;2;
Harrison Barnes;;27:24;2;5;0;1;2;2;2;5;7;0;1;1;1;1;6;
Harrison Barnes;;22:32;2;4;1;2;0;0;0;0;0;3;2;0;0;1;5;
Harrison Barnes;;23:39;4;13;0;3;2;3;5;3;8;0;1;0;0;2;10;
Harrison Barnes;F;31:32;2;10;0;1;4;4;4;2;6;1;0;0;2;3;8;
Harrison Barnes;;22:46;2;7;0;2;4;5;2;5;7;0;0;0;0;1;8;
Harrison Barnes;;28:47;4;10;3;4;0;0;1;5;6;1;2;0;2;1;11;
Harrison Barnes;;36:16;9;15;2;3;3;4;2;4;6;0;1;1;1;3;23;
Harrison Barnes;;23:48;5;9;1;2;0;0;0;1;1;0;1;0;0;1;11;
Harrison Barnes;;30:00;5;11;2;3;2;2;2;3;5;1;1;0;0;4;14;
Harrison Barnes;;26:49;2;5;1;2;2;2;0;4;4;3;3;0;3;3;7;
Harrison Barnes;;20:59;1;5;0;2;3;6;1;3;4;0;0;1;1;2;5;
Harrison Barnes;;20:11;1;7;0;1;1;2;1;1;2;1;0;0;1;4;3;
Harrison Barnes;;28:13;4;8;2;3;1;2;2;3;5;4;0;1;0;2;11;
Harrison Barnes;;24:28;3;10;1;4;4;4;1;1;2;2;0;1;1;1;11;
Harrison Barnes;;26:59;3;7;1;3;2;2;0;4;4;2;0;0;2;2;9;
Harrison Barnes;;22:21;4;8;1;2;2;2;0;2;2;1;0;1;1;1;11;
Harrison Barnes;;23:33;3;8;2;3;2;2;0;5;5;2;0;0;0;1;10;
Harrison Barnes;;25:04;1;8;1;3;0;0;1;1;2;0;2;0;0;2;3;
Harrison Barnes;;27:56;2;6;0;3;3;4;2;3;5;1;0;1;1;2;7;
Harrison Barnes;;31:21;3;8;1;2;0;0;3;3;6;3;2;0;0;1;7;
Harrison Barnes;;19:48;4;6;1;3;4;4;0;1;1;0;0;1;0;3;13;
Harrison Barnes;;17:41;1;5;0;1;3;3;1;3;4;0;1;0;0;1;5;
Harrison Barnes;G;41:05;3;8;0;2;0;4;0;5;5;2;1;1;2;1;6;
Harrison Barnes;;27:44;2;8;1;5;0;0;2;3;5;3;0;0;0;5;5;
Harrison Barnes;F;30:57;1;6;0;3;2;2;0;5;5;3;0;0;0;0;4;
Harrison Barnes;F;27:11;0;7;0;5;0;0;0;2;2;2;0;0;2;3;0;
Harrison Barnes;F;26:46;1;6;0;3;2;2;1;4;5;2;0;0;0;0;4;
Harrison Barnes;;18:13;2;7;0;2;0;0;1;0;1;2;2;0;1;0;4;
Harrison Barnes;;21:06;2;7;0;1;1;2;1;1;2;1;0;0;2;2;5;
Harrison Barnes;;13:05;0;0;0;0;0;0;0;0;0;1;0;1;1;1;0;
Harrison Barnes;F;35:38;3;12;1;5;4;4;0;2;2;0;1;0;2;2;11;
Harrison Barnes;;37:32;6;14;3;7;1;2;1;2;3;3;1;1;1;1;16;
Harrison Barnes;;27:32;5;8;0;2;0;0;0;5;5;1;2;0;0;4;10;
Harrison Barnes;;29:30;4;7;1;2;0;0;0;5;5;2;1;1;0;1;9;
Harrison Barnes;F;21:39;4;9;0;1;0;0;2;2;4;0;1;1;3;2;8;
Harrison Barnes;;22:13;3;7;1;3;1;2;2;6;8;1;0;0;0;1;8;
Harrison Barnes;F;31:23;3;7;0;2;0;0;2;5;7;5;3;0;0;1;6;
Harrison Barnes;F;48:00;11;21;3;5;5;12;1;4;5;3;1;0;3;2;30;
Harrison Barnes;;13:53;6;8;0;0;2;2;0;2;2;1;2;1;2;1;14;
Harrison Barnes;F;21:11;2;6;1;3;0;0;0;2;2;1;0;0;0;2;5;
Harrison Barnes;;18:56;2;7;0;1;0;0;0;2;2;1;0;0;1;4;4;
Harrison Barnes;;25:51;4;8;0;1;0;2;0;3;3;1;0;0;3;3;8;
Harrison Barnes;;23:04;6;14;1;3;3;4;0;3;3;1;1;0;2;2;16;
Harrison Barnes;;28:52;5;10;1;1;0;0;0;3;3;2;2;0;2;1;11;
Harrison Barnes;;28:54;7;10;2;2;1;2;1;4;5;1;0;0;0;1;17;
Harrison Barnes;F;48:53;6;14;2;3;2;2;1;7;8;5;0;0;2;4;16;
Harrison Barnes;F;44:18;9;13;2;3;0;0;1;3;4;3;1;1;1;2;20;
Harrison Barnes;F;44:57;4;12;2;2;3;5;1;3;4;5;1;0;2;1;13;
Harrison Barnes;F;39:07;6;12;1;2;1;2;1;3;4;0;1;0;1;0;14;
Harrison Barnes;F;41:10;3;11;0;2;3;4;1;3;4;0;1;0;1;2;9;
Harrison Barnes;F;41:59;10;15;1;2;5;6;0;2;2;4;1;0;1;3;26;
Harrison Barnes;F;38:21;3;8;0;2;5;6;0;0;0;1;3;0;2;5;11;
Harrison Barnes;F;31:23;7;12;2;5;3;6;0;3;3;2;2;0;1;2;19;
Harrison Barnes;F;36:11;5;16;0;2;4;4;1;6;7;2;4;1;3;3;14;
Harrison Barnes;F;35:35;4;10;1;2;0;0;0;4;4;0;0;0;3;1;9;
Harrison Barnes;F;39:44;6;13;0;3;2;4;0;9;9;3;2;0;1;2;14;
Harrison Barnes;F;44:21;6;16;1;4;4;4;2;2;4;1;1;0;1;5;17;
Harrison Barnes;F;37:36;9;16;2;5;0;0;4;8;12;4;1;0;3;5;20;
Harrison Barnes;F;35:32;2;7;2;4;2;4;1;3;4;2;1;1;1;3;8;
Harrison Barnes;;23:41;3;8;1;2;1;2;1;3;4;1;0;0;0;2;8;
Harrison Barnes;;19:03;0;3;0;2;0;0;1;3;4;1;1;0;3;2;0;
Harrison Barnes;;25:49;3;7;1;2;1;1;0;2;2;0;1;0;0;1;8;
Harrison Barnes;;21:38;1;6;0;1;0;2;0;0;0;1;0;0;2;0;2;
Harrison Barnes;;25:08;3;13;1;1;7;9;0;5;5;1;0;1;1;0;14;
Harrison Barnes;;30:37;4;10;1;1;2;2;0;0;0;3;3;0;0;1;11;
Harrison Barnes;;27:26;4;12;1;4;1;3;1;3;4;0;0;0;0;2;10;
Harrison Barnes;;27:16;1;7;0;2;0;0;1;6;7;1;0;0;1;1;2;
