╔═══════════════╤═══════════════╗
║Name		│Hasheem Thabeet║
╟───────────────┼───────────────╢
║Number		│34		║
╟───────────────┼───────────────╢
║Position	│C		║
╟───────────────┼───────────────╢
║Height		│7-3		║
╟───────────────┼───────────────╢
║Weight		│263		║
╟───────────────┼───────────────╢
║Birth		│FEB 16, 1987	║
╟───────────────┼───────────────╢
║Age		│27		║
╟───────────────┼───────────────╢
║Exp		│4		║
╟───────────────┼───────────────╢
║School		│Connecticut	║
╚═══════════════╧═══════════════╝
Hasheem Thabeet;;4:55;1;1;0;0;0;0;0;2;2;0;0;0;1;2;2;
Hasheem Thabeet;;1:40;0;0;0;0;0;0;0;0;0;0;0;0;1;1;0;
Hasheem Thabeet;;1:36;0;0;0;0;0;0;1;0;1;0;0;0;0;0;0;
Hasheem Thabeet;;4:19;1;1;0;0;0;0;0;1;1;0;0;0;1;1;2;
Hasheem Thabeet;;16:39;1;2;0;0;0;2;2;2;4;0;1;1;0;3;2;
Hasheem Thabeet;;17:31;0;0;0;0;0;0;1;4;5;0;2;3;1;5;0;
Hasheem Thabeet;;17:55;3;3;0;0;1;2;1;2;3;0;0;2;2;4;7;
Hasheem Thabeet;;6:17;2;2;0;0;0;0;0;1;1;0;0;0;0;4;4;
Hasheem Thabeet;;7:50;0;0;0;0;0;0;0;1;1;0;0;0;0;2;0;
Hasheem Thabeet;;6:52;1;1;0;0;0;0;0;3;3;0;0;0;1;1;2;
Hasheem Thabeet;;6:16;0;1;0;0;0;0;0;2;2;0;0;0;0;0;0;
Hasheem Thabeet;;9:35;0;0;0;0;0;0;0;0;0;0;0;0;0;2;0;
Hasheem Thabeet;;6:24;0;1;0;0;0;0;0;1;1;0;0;0;2;3;0;
Hasheem Thabeet;;5:06;0;0;0;0;0;0;0;0;0;0;0;0;0;0;0;
Hasheem Thabeet;;20:05;0;1;0;0;0;0;0;4;4;0;1;0;0;4;0;
Hasheem Thabeet;;19:00;1;1;0;0;0;0;0;1;1;0;0;2;1;5;2;
Hasheem Thabeet;;1:49;0;0;0;0;0;0;0;0;0;0;0;1;1;1;0;
Hasheem Thabeet;;2:44;0;2;0;0;0;0;0;0;0;0;0;0;0;1;0;
Hasheem Thabeet;;4:10;0;1;0;0;0;0;0;0;0;0;0;0;1;1;0;
Hasheem Thabeet;;14:27;2;4;0;0;0;1;1;4;5;0;0;0;0;3;4;
Hasheem Thabeet;;4:07;0;0;0;0;0;0;0;1;1;0;0;0;1;2;0;
Hasheem Thabeet;;5:44;0;0;0;0;0;0;0;1;1;0;0;0;1;1;0;
Hasheem Thabeet;;7:22;1;2;0;0;0;0;3;1;4;1;0;0;0;1;2;
