╔═══════════════╤═══════════════════════╗
║Name		│Hedo Turkoglu		║
╟───────────────┼───────────────────────╢
║Number		│8			║
╟───────────────┼───────────────────────╢
║Position	│F			║
╟───────────────┼───────────────────────╢
║Height		│6-10			║
╟───────────────┼───────────────────────╢
║Weight		│220			║
╟───────────────┼───────────────────────╢
║Birth		│MAR 19, 1979		║
╟───────────────┼───────────────────────╢
║Age		│35			║
╟───────────────┼───────────────────────╢
║Exp		│13			║
╟───────────────┼───────────────────────╢
║School		│Istanbul, Turkey	║
╚═══════════════╧═══════════════════════╝
Hedo Turkoglu;;6:43;1;1;0;0;0;0;0;1;1;0;0;0;0;0;2;
Hedo Turkoglu;;13:24;1;1;0;0;2;2;0;2;2;1;0;0;0;0;4;
Hedo Turkoglu;;14:43;0;4;0;2;0;0;0;6;6;1;0;1;1;1;0;
Hedo Turkoglu;;11:51;0;1;0;0;0;0;0;1;1;2;0;0;0;2;0;
Hedo Turkoglu;;10:54;2;5;1;1;0;0;0;3;3;1;0;0;0;2;5;
Hedo Turkoglu;;9:16;1;2;0;1;0;0;0;1;1;0;0;0;0;1;2;
Hedo Turkoglu;;19:06;2;4;2;2;0;2;2;5;7;3;1;0;2;2;6;
Hedo Turkoglu;;10:07;0;1;0;0;1;2;1;3;4;1;1;0;0;1;1;
Hedo Turkoglu;;9:00;1;3;0;2;0;0;0;0;0;1;1;0;0;2;2;
Hedo Turkoglu;;12:34;3;4;0;0;0;2;0;4;4;5;2;0;0;2;6;
Hedo Turkoglu;;11:33;1;3;0;1;2;3;0;3;3;1;2;0;1;1;4;
Hedo Turkoglu;;2:20;0;0;0;0;0;0;0;0;0;0;0;0;1;0;0;
Hedo Turkoglu;;12:22;0;0;0;0;0;0;1;6;7;3;0;1;3;2;0;
Hedo Turkoglu;;8:38;1;2;0;0;0;0;0;1;1;1;0;0;0;1;2;
Hedo Turkoglu;;10:19;0;2;0;0;0;0;1;1;2;0;1;0;0;2;0;
Hedo Turkoglu;;6:48;0;1;0;0;0;0;1;0;1;1;1;0;2;0;0;
Hedo Turkoglu;;14:56;4;10;4;7;0;0;1;3;4;1;0;0;0;4;12;
Hedo Turkoglu;;4:44;0;1;0;0;0;0;1;0;1;0;1;0;1;1;0;
Hedo Turkoglu;;14:43;1;4;0;1;0;0;1;2;3;2;0;2;1;3;2;
Hedo Turkoglu;;2:49;0;0;0;0;0;0;0;0;0;0;0;1;0;0;0;
Hedo Turkoglu;;22:13;3;6;3;5;0;0;0;8;8;1;2;2;0;2;9;
Hedo Turkoglu;;10:10;0;1;0;0;0;0;0;0;0;1;0;0;1;1;0;
Hedo Turkoglu;;9:39;0;0;0;0;1;2;0;2;2;2;2;0;1;2;1;
Hedo Turkoglu;;6:00;0;0;0;0;0;0;0;2;2;0;0;0;1;0;0;
Hedo Turkoglu;;6:43;1;2;1;2;0;0;0;0;0;0;1;0;0;0;3;
Hedo Turkoglu;;10:28;0;3;0;1;0;0;0;2;2;2;0;0;0;1;0;
Hedo Turkoglu;;8:04;1;3;1;2;0;0;0;1;1;0;0;0;0;0;3;
Hedo Turkoglu;;10:34;1;2;0;1;0;0;0;1;1;0;0;1;0;2;2;
Hedo Turkoglu;;9:42;0;2;0;0;0;0;1;2;3;1;0;0;1;1;0;
Hedo Turkoglu;;7:17;1;3;1;3;0;0;0;1;1;0;0;1;0;0;3;
Hedo Turkoglu;;5:05;1;2;0;0;1;1;0;0;0;0;0;0;0;1;3;
Hedo Turkoglu;;11:31;2;5;2;2;0;0;0;2;2;0;0;0;0;0;6;
Hedo Turkoglu;;6:53;1;2;0;1;0;0;0;1;1;0;0;0;0;3;2;
Hedo Turkoglu;;9:52;4;8;2;4;0;0;1;1;2;0;1;1;0;1;10;
Hedo Turkoglu;;11:51;3;7;2;4;1;2;0;3;3;0;1;0;0;3;9;
Hedo Turkoglu;;5:46;1;2;0;0;0;0;0;1;1;0;1;0;0;1;2;
Hedo Turkoglu;;18:27;2;5;1;3;1;2;0;4;4;1;0;0;0;3;6;
Hedo Turkoglu;;14:49;3;7;2;5;0;0;0;5;5;1;1;0;0;2;8;
