╔═══════════════╤═══════════════╗
║Name		│Henry Sims	║
╟───────────────┼───────────────╢
║Number		│35		║
╟───────────────┼───────────────╢
║Position	│C		║
╟───────────────┼───────────────╢
║Height		│6-10		║
╟───────────────┼───────────────╢
║Weight		│248		║
╟───────────────┼───────────────╢
║Birth		│MAR 27, 1990	║
╟───────────────┼───────────────╢
║Age		│24		║
╟───────────────┼───────────────╢
║Exp		│1		║
╟───────────────┼───────────────╢
║School		│Georgetown	║
╚═══════════════╧═══════════════╝
Henry Sims;;3:05;0;0;0;0;0;0;0;1;1;0;0;0;0;1;0;
Henry Sims;;4:43;1;2;0;0;0;0;2;2;4;1;0;1;0;1;2;
Henry Sims;;0:40;0;0;0;0;0;0;0;0;0;0;0;0;0;0;0;
Henry Sims;;4:49;0;0;0;0;0;0;1;0;1;0;0;0;0;2;0;
Henry Sims;;11:32;1;5;0;0;0;0;0;1;1;0;1;0;1;3;2;
Henry Sims;;22:03;2;5;0;0;0;0;3;2;5;2;1;2;0;1;4;
Henry Sims;;20:36;3;7;0;0;1;2;1;5;6;0;1;2;1;2;7;
Henry Sims;;0:54;0;1;0;0;0;0;0;0;0;0;0;0;0;0;0;
Henry Sims;;17:56;3;5;0;0;1;2;3;2;5;0;0;0;2;6;7;
Henry Sims;;13:47;0;3;0;0;0;0;1;4;5;0;2;0;1;1;0;
Henry Sims;;19:52;2;5;0;0;3;4;4;4;8;1;0;0;0;3;7;
Henry Sims;;9:48;2;2;0;0;1;2;2;1;3;0;0;0;0;3;5;
Henry Sims;;19:54;1;3;0;0;2;2;1;4;5;1;1;0;0;2;4;
Henry Sims;C;23:26;4;9;0;0;2;2;3;3;6;0;0;1;1;2;10;
Henry Sims;C;24:22;3;6;0;0;1;2;3;1;4;1;1;1;1;5;7;
Henry Sims;C;30:58;4;6;0;0;4;6;2;5;7;1;1;1;0;4;12;
Henry Sims;C;26:12;2;5;0;0;6;6;2;3;5;1;0;0;2;3;10;
Henry Sims;C;25:50;2;8;0;0;1;2;1;3;4;2;1;1;1;4;5;
Henry Sims;C;20:13;4;4;0;0;2;2;2;1;3;3;1;1;2;4;10;
Henry Sims;C;30:30;5;12;0;0;10;11;5;5;10;3;3;2;3;3;20;
Henry Sims;C;20:48;2;8;0;0;2;2;2;2;4;2;2;0;0;1;6;
Henry Sims;C;22:36;1;4;0;0;2;4;2;4;6;2;2;0;1;4;4;
Henry Sims;C;28:05;3;10;0;0;3;4;3;8;11;3;0;1;1;5;9;
Henry Sims;C;24:18;2;9;0;0;0;1;3;2;5;1;1;0;3;4;4;
Henry Sims;C;29:12;6;10;0;0;4;4;8;5;13;2;0;0;1;4;16;
Henry Sims;C;31:13;8;15;0;1;2;2;9;6;15;2;0;2;1;1;18;
Henry Sims;C;32:33;5;8;0;0;0;2;4;3;7;7;2;0;1;4;10;
Henry Sims;C;26:21;6;11;0;0;6;8;4;2;6;2;1;1;2;5;18;
Henry Sims;C;27:04;8;14;0;0;0;0;4;3;7;1;1;0;3;4;16;
Henry Sims;C;26:57;3;8;0;0;2;3;2;3;5;2;1;0;1;3;8;
Henry Sims;C;31:15;5;13;0;0;5;7;4;2;6;2;1;0;1;2;15;
Henry Sims;C;33:45;5;10;0;0;14;18;3;6;9;2;0;0;0;3;24;
Henry Sims;C;27:51;4;8;0;0;3;4;5;6;11;0;0;0;0;5;11;
Henry Sims;C;30:43;10;15;0;0;2;2;3;5;8;0;0;1;3;5;22;
Henry Sims;C;24:08;4;8;0;0;1;2;1;5;6;1;1;1;1;3;9;
Henry Sims;C;25:42;5;8;0;0;5;7;3;3;6;0;0;0;0;2;15;
Henry Sims;C;31:51;6;10;0;0;1;2;1;4;5;3;1;0;2;1;13;
Henry Sims;C;30:51;4;7;0;0;2;2;2;5;7;3;2;0;2;1;10;
Henry Sims;;1:05;0;1;0;0;0;0;0;1;1;0;0;0;0;0;0;
Henry Sims;;13:06;1;3;0;0;2;2;1;4;5;1;0;2;2;2;4;
Henry Sims;;4:42;0;0;0;0;0;2;1;2;3;0;0;0;0;3;0;
Henry Sims;;8:29;0;1;0;0;0;0;0;3;3;0;0;0;0;3;0;
Henry Sims;;1:11;0;0;0;0;0;0;0;0;0;0;0;0;1;0;0;
Henry Sims;;6:35;3;4;0;0;0;0;3;2;5;0;0;0;0;1;6;
Henry Sims;;2:05;0;1;0;0;0;0;0;0;0;0;0;0;0;0;0;
Henry Sims;;1:27;0;0;0;0;0;0;0;0;0;0;0;0;0;0;0;
