╔═══════════════╤═══════════════════════╗
║Name		│Hilton Armstrong	║
╟───────────────┼───────────────────────╢
║Number		│57			║
╟───────────────┼───────────────────────╢
║Position	│F-C			║
╟───────────────┼───────────────────────╢
║Height		│6-11			║
╟───────────────┼───────────────────────╢
║Weight		│235			║
╟───────────────┼───────────────────────╢
║Birth		│NOV 23, 1984		║
╟───────────────┼───────────────────────╢
║Age		│29			║
╟───────────────┼───────────────────────╢
║Exp		│5			║
╟───────────────┼───────────────────────╢
║School		│Connecticut		║
╚═══════════════╧═══════════════════════╝
Hilton Armstrong;;6:56;0;1;0;0;0;0;0;2;2;0;1;0;0;0;0;
Hilton Armstrong;;0:00;0;0;0;0;0;0;0;0;0;0;0;0;0;0;0;
Hilton Armstrong;;16:26;3;5;0;0;1;1;3;6;9;0;2;0;2;2;7;
Hilton Armstrong;;8:12;1;3;0;0;0;0;6;2;8;1;0;0;0;0;2;
Hilton Armstrong;;4:36;0;1;0;0;0;0;1;1;2;1;0;0;0;0;0;
Hilton Armstrong;;0:24;0;0;0;0;0;0;0;0;0;0;0;0;0;0;0;
Hilton Armstrong;;0:11;0;0;0;0;0;0;0;0;0;0;0;0;0;0;0;
Hilton Armstrong;C;31:35;3;6;0;0;4;7;2;8;10;2;0;2;2;6;10;
Hilton Armstrong;;7:11;0;0;0;0;0;2;1;2;3;0;0;1;0;0;0;
Hilton Armstrong;;4:20;1;1;0;0;0;0;1;2;3;0;0;0;0;1;2;
Hilton Armstrong;;4:49;0;0;0;0;0;0;2;3;5;0;0;0;0;0;0;
Hilton Armstrong;;3:00;0;1;0;0;0;2;0;0;0;0;0;0;0;0;0;
Hilton Armstrong;;0:08;0;0;0;0;0;0;0;0;0;0;0;0;0;0;0;
Hilton Armstrong;;1:08;0;0;0;0;0;0;1;0;1;0;0;0;0;0;0;
Hilton Armstrong;;7:40;1;1;0;0;2;4;2;2;4;1;1;1;2;2;4;
