╔═══════════════╤═══════════════╗
║Name		│Hollis Thompson║
╟───────────────┼───────────────╢
║Number		│31		║
╟───────────────┼───────────────╢
║Position	│G-F		║
╟───────────────┼───────────────╢
║Height		│6-8		║
╟───────────────┼───────────────╢
║Weight		│206		║
╟───────────────┼───────────────╢
║Birth		│APR 03, 1991	║
╟───────────────┼───────────────╢
║Age		│23		║
╟───────────────┼───────────────╢
║Exp		│R		║
╟───────────────┼───────────────╢
║School		│Georgetown	║
╚═══════════════╧═══════════════╝
Hollis Thompson;G;16:60;5;6;1;1;0;0;3;1;4;0;0;0;0;4;11;
Hollis Thompson;G;22:26;1;3;1;2;0;0;0;1;1;0;0;2;1;2;3;
Hollis Thompson;G;21:23;1;3;0;2;0;0;0;1;1;0;2;0;0;2;2;
Hollis Thompson;G;32:48;4;8;0;1;1;1;0;4;4;0;1;0;2;0;9;
Hollis Thompson;G;31:55;1;4;0;0;2;2;2;3;5;3;1;0;2;1;4;
Hollis Thompson;;9:32;0;2;0;1;0;0;1;1;2;1;1;0;0;1;0;
Hollis Thompson;;15:29;2;3;0;0;0;0;1;2;3;1;0;0;0;0;4;
Hollis Thompson;;11:48;0;0;0;0;1;2;0;0;0;0;2;0;0;1;1;
Hollis Thompson;;20:42;4;8;1;4;1;1;3;3;6;0;0;0;0;1;10;
Hollis Thompson;;21:19;2;5;0;1;0;1;1;1;2;0;4;0;0;0;4;
Hollis Thompson;;37:21;5;9;2;4;1;2;0;3;3;0;0;0;1;5;13;
Hollis Thompson;;12:58;2;3;1;1;0;0;1;5;6;1;0;0;0;3;5;
Hollis Thompson;;24:25;6;7;2;2;1;1;3;6;9;0;0;0;0;2;15;
Hollis Thompson;;14:34;1;2;0;0;1;2;0;2;2;1;1;0;0;0;3;
Hollis Thompson;;18:39;4;5;2;2;0;0;1;1;2;2;1;0;0;1;10;
Hollis Thompson;;16:32;0;0;0;0;4;6;0;1;1;0;0;0;0;3;4;
Hollis Thompson;;24:31;2;7;1;3;2;2;0;2;2;1;1;0;0;3;7;
Hollis Thompson;;24:47;3;7;1;2;0;1;2;5;7;0;1;0;2;3;7;
Hollis Thompson;;16:10;2;3;0;1;0;0;0;1;1;0;0;0;1;3;4;
Hollis Thompson;;22:02;2;4;2;3;0;0;0;3;3;0;2;0;1;0;6;
Hollis Thompson;;21:26;2;4;0;1;0;0;0;2;2;1;1;0;2;0;4;
Hollis Thompson;;21:58;1;5;0;3;0;0;2;2;4;0;4;0;0;2;2;
Hollis Thompson;;18:41;3;5;1;1;0;0;2;3;5;0;0;0;2;4;7;
Hollis Thompson;;21:44;3;7;1;2;1;3;0;1;1;4;2;1;0;0;8;
Hollis Thompson;F;24:60;2;4;2;4;0;0;0;7;7;1;0;1;1;0;6;
Hollis Thompson;F;27:06;3;8;0;3;1;1;1;1;2;0;0;0;3;2;7;
Hollis Thompson;F;25:03;0;3;0;2;0;0;0;0;0;0;0;0;0;1;0;
Hollis Thompson;F;26:00;3;6;0;3;0;0;0;1;1;4;1;0;1;4;6;
Hollis Thompson;F;16:33;1;2;0;1;2;2;1;2;3;1;1;0;2;0;4;
Hollis Thompson;F;23:17;2;6;1;4;0;0;0;2;2;1;0;0;0;2;5;
Hollis Thompson;F;27:52;2;5;1;3;0;0;0;2;2;2;0;0;0;5;5;
Hollis Thompson;F;32:43;3;5;2;4;0;0;0;1;1;1;1;0;0;0;8;
Hollis Thompson;F;24:55;0;5;0;1;0;0;3;1;4;1;0;0;1;1;0;
Hollis Thompson;F;40:52;6;7;4;4;1;1;2;4;6;3;1;1;1;5;17;
Hollis Thompson;F;19:17;0;1;0;1;2;2;0;1;1;1;0;0;0;2;2;
Hollis Thompson;;11:37;1;4;0;2;0;0;0;1;1;0;0;0;1;0;2;
Hollis Thompson;F;32:21;1;5;0;2;4;4;1;2;3;1;1;0;1;2;6;
Hollis Thompson;F;36:30;3;7;2;4;0;0;1;0;1;1;1;0;1;2;8;
Hollis Thompson;F;20:15;2;4;2;3;0;0;1;4;5;1;0;0;2;5;6;
Hollis Thompson;F;21:40;5;8;4;4;0;0;1;4;5;3;3;0;0;1;14;
Hollis Thompson;F;24:53;2;3;1;1;0;1;0;3;3;2;0;0;1;3;5;
Hollis Thompson;F;26:18;3;5;1;2;2;2;1;1;2;0;0;0;1;4;9;
Hollis Thompson;F;30:19;2;8;2;4;0;0;2;2;4;1;2;0;2;2;6;
Hollis Thompson;F;26:30;6;9;6;8;0;0;0;2;2;1;0;0;3;4;18;
Hollis Thompson;F;30:40;3;6;2;5;0;0;1;1;2;1;0;1;0;5;8;
Hollis Thompson;F;25:01;1;3;1;3;0;0;0;1;1;1;3;0;1;1;3;
Hollis Thompson;F;27:11;1;4;1;3;0;0;1;4;5;2;0;1;0;5;3;
Hollis Thompson;F;15:22;1;2;0;1;2;3;0;2;2;0;0;0;0;3;4;
Hollis Thompson;;27:26;1;4;1;3;0;0;0;3;3;3;2;1;1;0;3;
Hollis Thompson;;10:26;0;2;0;1;0;0;0;0;0;0;0;1;0;1;0;
Hollis Thompson;;4:57;0;1;0;1;0;0;1;0;1;1;0;0;1;2;0;
Hollis Thompson;;16:43;3;7;1;2;0;0;1;3;4;0;0;1;2;1;7;
Hollis Thompson;;4:33;0;0;0;0;2;3;1;0;1;1;0;0;0;0;2;
Hollis Thompson;;2:09;0;0;0;0;0;0;0;0;0;0;0;0;0;0;0;
Hollis Thompson;;12:01;0;1;0;1;0;0;1;3;4;0;0;0;0;0;0;
Hollis Thompson;;8:23;0;0;0;0;1;2;0;1;1;0;0;0;1;1;1;
Hollis Thompson;;14:09;2;3;1;2;0;0;0;4;4;0;1;0;2;1;5;
Hollis Thompson;;24:08;2;5;0;1;4;5;0;2;2;1;1;0;1;1;8;
Hollis Thompson;;18:21;0;3;0;2;0;0;1;1;2;2;0;0;0;3;0;
Hollis Thompson;;13:30;3;5;0;1;0;0;1;1;2;0;0;0;0;0;6;
Hollis Thompson;;20:57;7;9;1;1;1;2;3;4;7;1;0;0;0;1;16;
Hollis Thompson;;30:54;3;7;1;2;3;3;2;2;4;0;2;0;1;1;10;
Hollis Thompson;;19:27;3;6;1;3;0;0;1;1;2;2;0;0;0;0;7;
Hollis Thompson;;22:26;2;6;1;3;0;0;3;3;6;1;1;0;0;0;5;
Hollis Thompson;G;27:57;3;6;0;2;0;0;1;5;6;3;0;0;1;4;6;
Hollis Thompson;G;27:36;4;5;2;2;0;0;1;2;3;1;0;1;0;3;10;
Hollis Thompson;G;31:31;5;7;2;3;0;0;1;5;6;0;0;0;2;4;12;
Hollis Thompson;G;34:21;4;8;2;5;0;0;3;6;9;3;0;0;2;4;10;
Hollis Thompson;G;39:06;1;7;1;5;5;7;3;2;5;1;3;0;2;2;8;
Hollis Thompson;G;19:04;2;2;0;0;1;1;0;2;2;0;1;0;2;4;5;
Hollis Thompson;G;25:35;2;8;0;2;0;0;1;6;7;1;0;0;1;3;4;
Hollis Thompson;G;35:35;6;9;2;2;3;4;1;2;3;2;2;1;1;1;17;
Hollis Thompson;G;30:20;2;10;1;6;2;2;1;2;3;1;1;0;2;2;7;
Hollis Thompson;G;25:51;3;4;1;2;0;0;2;3;5;1;0;0;1;2;7;
Hollis Thompson;G;20:15;1;5;1;2;0;0;1;2;3;0;0;0;0;0;3;
Hollis Thompson;F;35:29;2;8;0;2;0;2;4;2;6;4;0;0;0;2;4;
Hollis Thompson;F;16:10;1;4;0;2;1;2;1;2;3;0;1;0;1;1;3;
