╔═══════════════╤═══════════════════════╗
║Name		│Ian Clark		║
╟───────────────┼───────────────────────╢
║Number		│21			║
╟───────────────┼───────────────────────╢
║Position	│G			║
╟───────────────┼───────────────────────╢
║Height		│6-3			║
╟───────────────┼───────────────────────╢
║Weight		│173			║
╟───────────────┼───────────────────────╢
║Birth		│MAR 07, 1991		║
╟───────────────┼───────────────────────╢
║Age		│23			║
╟───────────────┼───────────────────────╢
║Exp		│R			║
╟───────────────┼───────────────────────╢
║School		│Belmont University	║
╚═══════════════╧═══════════════════════╝
Ian Clark;;5:45;3;4;1;1;0;0;2;0;2;0;1;0;2;0;7;
Ian Clark;;15:34;1;6;0;3;2;2;0;3;3;0;1;1;2;4;4;
Ian Clark;;2:21;1;3;1;2;0;0;0;1;1;2;0;0;0;0;3;
Ian Clark;;1:30;1;1;1;1;0;0;0;0;0;1;0;0;0;0;3;
Ian Clark;;2:40;1;2;1;1;0;0;0;0;0;0;0;0;0;0;3;
Ian Clark;;9:58;1;2;0;1;0;0;0;0;0;0;0;0;1;5;2;
Ian Clark;;2:14;0;0;0;0;2;2;0;0;0;0;0;0;0;0;2;
Ian Clark;;8:44;2;2;1;1;0;0;0;0;0;1;0;0;1;1;5;
Ian Clark;;6:03;2;4;1;3;0;0;0;0;0;1;0;0;2;0;5;
Ian Clark;;8:38;0;3;0;2;0;0;0;1;1;1;1;0;1;2;0;
Ian Clark;;13:12;1;5;0;2;0;0;0;1;1;2;0;0;0;1;2;
Ian Clark;;12:00;3;6;1;2;0;0;0;2;2;1;1;0;0;0;7;
Ian Clark;;5:53;0;1;0;0;0;0;0;1;1;1;2;0;1;0;0;
Ian Clark;;2:25;1;1;1;1;0;0;0;1;1;0;0;0;0;0;3;
Ian Clark;;5:05;0;1;0;0;0;0;0;0;0;0;1;0;0;2;0;
Ian Clark;;8:32;0;3;0;0;0;1;1;2;3;0;1;1;1;1;0;
Ian Clark;;12:00;1;2;1;1;0;0;0;0;0;0;0;0;0;1;3;
Ian Clark;;16:34;0;6;0;3;0;0;0;2;2;1;0;0;1;2;0;
Ian Clark;;7:53;0;2;0;1;0;0;0;0;0;1;0;0;0;0;0;
Ian Clark;;6:39;1;2;0;1;0;0;0;0;0;1;0;0;0;2;2;
Ian Clark;;2:59;1;1;0;0;0;0;0;0;0;0;0;0;0;0;2;
Ian Clark;;3:58;4;5;2;3;0;0;0;2;2;0;0;0;0;0;10;
Ian Clark;;10:59;2;5;0;2;1;2;0;0;0;2;0;0;2;3;5;
