╔═══════════════╤═══════════════╗
║Name		│Ian Mahinmi	║
╟───────────────┼───────────────╢
║Number		│28		║
╟───────────────┼───────────────╢
║Position	│C		║
╟───────────────┼───────────────╢
║Height		│6-11		║
╟───────────────┼───────────────╢
║Weight		│250		║
╟───────────────┼───────────────╢
║Birth		│NOV 05, 1986	║
╟───────────────┼───────────────╢
║Age		│27		║
╟───────────────┼───────────────╢
║Exp		│5		║
╟───────────────┼───────────────╢
║School		│Rouen, France	║
╚═══════════════╧═══════════════╝
Ian Mahinmi;;21:37;2;2;0;0;1;4;2;1;3;0;3;1;1;4;5;
Ian Mahinmi;;14:25;1;3;0;0;0;1;2;0;2;0;0;1;0;3;2;
Ian Mahinmi;;14:37;1;3;0;0;0;0;2;1;3;1;0;1;3;3;2;
Ian Mahinmi;;12:57;0;1;0;0;0;2;0;3;3;0;0;1;0;1;0;
Ian Mahinmi;;18:27;2;4;0;0;0;0;1;2;3;0;0;0;1;3;4;
Ian Mahinmi;;16:01;2;6;0;0;1;3;1;5;6;0;1;1;1;4;5;
Ian Mahinmi;;20:04;0;1;0;0;2;2;1;3;4;1;2;1;2;4;2;
Ian Mahinmi;;21:05;1;4;0;0;2;2;0;3;3;0;0;2;0;2;4;
Ian Mahinmi;;19:48;0;0;0;0;0;0;1;1;2;0;0;1;1;2;0;
Ian Mahinmi;;12:04;2;2;0;0;2;2;3;1;4;0;0;0;1;2;6;
Ian Mahinmi;;19:18;0;1;0;0;2;2;0;2;2;0;0;2;0;5;2;
Ian Mahinmi;;13:01;0;0;0;0;1;2;1;0;1;1;1;2;0;2;1;
Ian Mahinmi;;19:24;1;4;0;0;3;4;1;4;5;1;1;1;1;6;5;
Ian Mahinmi;;18:05;2;5;0;0;1;2;4;2;6;1;0;1;0;3;5;
Ian Mahinmi;;10:15;0;1;0;0;0;0;1;0;1;0;0;0;1;0;0;
Ian Mahinmi;;13:25;1;4;0;0;1;2;1;2;3;0;0;0;1;2;3;
Ian Mahinmi;;18:01;3;7;0;0;1;2;3;2;5;0;0;2;0;0;7;
Ian Mahinmi;;16:54;1;3;0;0;0;0;1;1;2;0;2;0;1;1;2;
Ian Mahinmi;;13:15;0;0;0;0;1;2;0;4;4;0;1;1;0;3;1;
Ian Mahinmi;;13:34;1;1;0;0;2;6;3;1;4;0;0;1;2;2;4;
Ian Mahinmi;;21:34;2;3;0;0;3;4;3;6;9;1;0;1;1;2;7;
Ian Mahinmi;;14:16;1;4;0;0;0;0;1;2;3;0;0;1;0;3;2;
Ian Mahinmi;;23:03;2;5;0;0;2;3;1;4;5;0;2;3;2;4;6;
Ian Mahinmi;;23:05;2;4;0;1;1;2;1;0;1;1;2;1;0;4;5;
Ian Mahinmi;;13:42;1;2;0;0;3;4;4;0;4;0;0;2;1;3;5;
Ian Mahinmi;;19:21;4;7;0;0;1;1;4;0;4;2;1;2;0;3;9;
Ian Mahinmi;;14:04;1;3;0;0;0;0;2;2;4;0;2;0;0;3;2;
Ian Mahinmi;;15:01;1;2;0;0;0;0;0;2;2;0;0;1;0;2;2;
Ian Mahinmi;;24:43;3;4;0;0;3;5;4;3;7;0;1;3;1;4;9;
Ian Mahinmi;;13:54;1;2;0;0;0;0;0;0;0;0;1;1;0;2;2;
Ian Mahinmi;;13:47;0;0;0;0;1;2;0;1;1;0;0;0;1;1;1;
Ian Mahinmi;;13:31;1;4;0;0;0;0;0;4;4;0;0;0;2;2;2;
Ian Mahinmi;;10:34;0;0;0;0;1;2;0;2;2;0;0;1;1;3;1;
Ian Mahinmi;;19:28;4;5;0;0;2;4;3;2;5;1;0;1;0;2;10;
Ian Mahinmi;;13:52;1;3;0;0;1;2;2;3;5;0;0;2;0;3;3;
Ian Mahinmi;;16:03;0;2;0;0;4;4;1;0;1;0;0;0;0;2;4;
Ian Mahinmi;;22:41;1;1;0;0;2;2;0;3;3;0;1;1;0;3;4;
Ian Mahinmi;;16:33;1;1;0;0;1;2;2;0;2;0;0;0;1;3;3;
Ian Mahinmi;;14:19;1;3;0;0;0;0;3;1;4;0;0;0;1;4;2;
Ian Mahinmi;;13:49;1;2;0;0;1;2;3;3;6;0;0;2;0;1;3;
Ian Mahinmi;;15:46;0;1;0;0;1;2;0;4;4;0;1;0;2;4;1;
Ian Mahinmi;;10:31;1;1;0;0;0;0;2;0;2;0;0;0;1;3;2;
Ian Mahinmi;;18:58;4;5;0;0;2;4;2;3;5;1;1;3;0;0;10;
Ian Mahinmi;;16:08;1;2;0;0;2;2;1;2;3;0;0;1;2;3;4;
Ian Mahinmi;;16:60;3;3;0;0;4;6;1;0;1;1;0;0;1;5;10;
Ian Mahinmi;C;19:41;1;1;0;0;1;2;1;5;6;0;0;1;1;5;3;
Ian Mahinmi;;13:42;1;1;0;0;0;0;1;4;5;1;0;0;1;3;2;
Ian Mahinmi;;20:34;4;4;0;0;3;4;3;2;5;1;0;1;1;2;11;
Ian Mahinmi;;16:42;0;1;0;0;4;6;1;2;3;0;0;2;2;5;4;
Ian Mahinmi;;24:14;0;3;0;0;0;0;1;6;7;0;1;4;1;1;0;
Ian Mahinmi;;19:49;0;1;0;0;2;4;4;3;7;1;0;1;3;2;2;
Ian Mahinmi;;13:48;1;1;0;0;0;0;0;2;2;1;0;0;0;4;2;
Ian Mahinmi;;9:45;0;1;0;0;0;0;2;0;2;0;0;0;4;3;0;
Ian Mahinmi;;16:23;0;1;0;0;0;0;1;3;4;0;0;2;1;4;0;
Ian Mahinmi;;16:06;1;1;0;0;0;0;0;2;2;0;2;0;0;2;2;
Ian Mahinmi;;23:48;2;3;0;0;6;6;0;2;2;0;1;1;1;4;10;
Ian Mahinmi;;17:07;1;3;0;0;0;0;1;2;3;0;1;0;2;2;2;
Ian Mahinmi;;6:41;0;0;0;0;0;2;2;0;2;0;1;0;0;0;0;
Ian Mahinmi;;9:39;0;0;0;0;0;0;1;1;2;0;0;0;1;1;0;
Ian Mahinmi;;12:36;2;3;0;0;1;2;1;1;2;0;0;1;1;2;5;
Ian Mahinmi;;20:36;3;5;0;0;1;2;1;3;4;0;1;2;0;3;7;
Ian Mahinmi;;18:15;0;4;0;0;3;3;1;1;2;0;0;0;1;3;3;
Ian Mahinmi;;15:56;2;4;0;0;2;2;2;0;2;0;1;0;0;3;6;
Ian Mahinmi;;11:41;1;3;0;0;3;6;1;2;3;0;0;1;0;2;5;
Ian Mahinmi;;11:23;0;0;0;0;0;0;0;4;4;0;0;0;0;4;0;
Ian Mahinmi;;13:10;1;2;0;0;0;0;1;1;2;1;1;1;0;2;2;
Ian Mahinmi;;6:30;0;0;0;0;0;0;0;0;0;0;0;0;1;3;0;
Ian Mahinmi;;19:26;1;4;0;0;1;1;1;1;2;0;0;2;2;2;3;
Ian Mahinmi;;10:40;0;2;0;0;0;2;1;1;2;0;0;1;0;4;0;
Ian Mahinmi;;12:43;1;1;0;0;0;0;2;1;3;0;0;1;1;4;2;
Ian Mahinmi;;12:29;0;0;0;0;0;0;0;1;1;0;0;1;0;1;0;
Ian Mahinmi;;22:46;1;5;0;0;3;4;2;2;4;1;2;1;0;3;5;
Ian Mahinmi;;19:40;4;4;0;0;2;2;1;3;4;0;0;2;0;4;10;
Ian Mahinmi;;21:43;2;2;0;0;0;1;4;4;8;4;2;0;1;5;4;
Ian Mahinmi;;18:48;3;5;0;0;1;1;0;3;3;1;4;0;0;2;7;
Ian Mahinmi;;16:31;0;0;0;0;0;0;1;1;2;1;1;1;0;1;0;
Ian Mahinmi;;12:57;2;3;0;0;2;4;2;2;4;0;0;1;0;0;6;
