╔═══════════════╤═══════════════╗
║Name		│Iman Shumpert	║
╟───────────────┼───────────────╢
║Number		│21		║
╟───────────────┼───────────────╢
║Position	│G-F		║
╟───────────────┼───────────────╢
║Height		│6-5		║
╟───────────────┼───────────────╢
║Weight		│220		║
╟───────────────┼───────────────╢
║Birth		│JUN 26, 1990	║
╟───────────────┼───────────────╢
║Age		│24		║
╟───────────────┼───────────────╢
║Exp		│2		║
╟───────────────┼───────────────╢
║School		│Georgia Tech	║
╚═══════════════╧═══════════════╝
Iman Shumpert;G;31:09;10;13;6;8;1;1;2;4;6;1;3;0;2;2;27;
Iman Shumpert;G;35:35;9;14;6;6;2;2;1;3;4;5;1;0;0;3;26;
Iman Shumpert;G;30:24;3;5;1;3;2;2;1;5;6;0;3;0;2;2;9;
Iman Shumpert;G;29:14;2;8;0;4;1;1;1;5;6;5;2;0;1;3;5;
Iman Shumpert;G;42:52;4;8;4;7;0;0;1;8;9;3;0;0;0;2;12;
Iman Shumpert;G;32:04;2;9;2;6;1;2;2;5;7;1;4;0;2;1;7;
Iman Shumpert;G;37:58;2;5;1;4;1;2;2;7;9;1;1;0;2;3;6;
Iman Shumpert;G;32:44;2;5;1;4;0;1;0;3;3;3;1;1;1;5;5;
Iman Shumpert;G;20:10;1;4;0;3;0;0;1;4;5;2;0;0;0;3;2;
Iman Shumpert;G;24:50;0;4;0;1;0;0;1;2;3;1;0;0;3;2;0;
Iman Shumpert;F;20:08;2;8;1;6;0;0;1;1;2;0;0;1;1;3;5;
Iman Shumpert;G;33:59;5;9;3;5;6;8;3;5;8;2;0;0;1;4;19;
Iman Shumpert;F;19:02;2;6;0;0;0;0;1;1;2;3;1;0;0;3;4;
Iman Shumpert;F;26:36;2;7;1;5;0;0;1;3;4;2;1;0;3;2;5;
Iman Shumpert;F;8:23;2;5;0;2;0;0;0;1;1;0;0;0;2;1;4;
Iman Shumpert;F;24:32;2;7;1;3;0;0;1;0;1;0;1;0;1;4;5;
Iman Shumpert;F;23:51;0;5;0;0;0;0;1;2;3;1;2;0;0;3;0;
Iman Shumpert;F;16:30;2;5;1;4;0;0;1;1;2;0;0;0;4;3;5;
Iman Shumpert;F;22:22;4;9;4;8;0;0;1;2;3;2;0;0;2;3;12;
Iman Shumpert;F;21:53;3;7;2;4;0;0;0;2;2;2;3;0;2;2;8;
Iman Shumpert;F;20:01;3;9;0;5;0;0;0;2;2;0;0;0;0;2;6;
Iman Shumpert;F;17:18;1;6;0;1;0;0;0;3;3;2;1;0;2;1;2;
Iman Shumpert;F;19:37;1;6;1;3;0;0;1;4;5;1;0;1;3;2;3;
Iman Shumpert;;16:10;2;7;1;3;0;0;1;1;2;1;2;1;0;1;5;
Iman Shumpert;;20:48;1;4;0;2;0;0;1;0;1;1;2;0;0;2;2;
Iman Shumpert;;26:41;3;4;1;1;0;0;2;2;4;3;2;0;2;1;7;
Iman Shumpert;;31:07;3;8;1;4;0;0;1;4;5;3;1;1;1;3;7;
Iman Shumpert;G;31:20;1;3;0;1;0;0;2;2;4;3;2;0;0;2;2;
Iman Shumpert;G;21:04;3;4;1;1;0;0;0;3;3;4;0;0;0;5;7;
Iman Shumpert;;26:38;5;12;2;3;2;2;3;1;4;4;1;0;1;2;14;
Iman Shumpert;;28:36;1;5;1;2;0;0;1;2;3;1;0;0;0;4;3;
Iman Shumpert;;26:41;4;7;3;6;0;0;0;0;0;2;1;0;0;3;11;
Iman Shumpert;;19:26;0;6;0;2;0;0;1;1;2;0;2;0;1;0;0;
Iman Shumpert;;24:33;2;3;0;1;0;0;1;1;2;1;0;0;1;4;4;
Iman Shumpert;;26:24;3;6;1;2;0;0;0;3;3;0;0;0;0;1;7;
Iman Shumpert;;25:43;1;5;1;3;0;0;0;0;0;1;0;1;0;1;3;
Iman Shumpert;G;23:12;1;5;0;2;0;0;0;2;2;0;1;0;0;4;2;
Iman Shumpert;;24:06;4;6;0;2;2;3;1;2;3;2;5;0;2;5;10;
Iman Shumpert;;28:32;2;5;1;2;0;0;3;1;4;2;3;0;1;2;5;
Iman Shumpert;;28:18;3;7;2;6;1;2;6;2;8;2;1;0;0;4;9;
Iman Shumpert;;27:43;4;9;0;3;3;4;1;4;5;1;2;0;0;6;11;
Iman Shumpert;;31:44;5;11;0;1;0;0;0;7;7;0;1;0;1;3;10;
Iman Shumpert;F;31:11;4;9;0;2;3;4;1;3;4;2;3;0;2;4;11;
Iman Shumpert;G;30:12;1;10;1;5;0;2;2;2;4;2;2;1;0;3;3;
Iman Shumpert;F;33:07;5;13;1;5;5;5;0;4;4;1;0;1;1;2;16;
Iman Shumpert;G;25:18;2;6;1;2;2;2;2;1;3;1;2;0;1;4;7;
Iman Shumpert;G;25:38;5;8;2;4;0;0;1;5;6;1;1;0;3;4;12;
Iman Shumpert;G;32:40;4;8;1;4;5;6;0;5;5;2;3;0;1;5;14;
Iman Shumpert;F;38:44;2;3;1;1;0;0;1;6;7;4;0;1;1;4;5;
Iman Shumpert;F;22:04;1;5;0;1;1;2;0;3;3;0;1;0;0;2;3;
Iman Shumpert;G;34:52;2;8;1;4;0;0;1;5;6;9;4;1;0;3;5;
Iman Shumpert;G;30:19;1;4;0;1;0;0;0;6;6;4;1;0;1;4;2;
Iman Shumpert;G;33:32;4;8;3;3;0;0;1;6;7;3;1;0;2;2;11;
Iman Shumpert;G;34:10;5;9;1;3;0;0;0;2;2;1;1;0;1;5;11;
Iman Shumpert;G;36:21;1;6;0;4;2;2;1;3;4;2;5;0;1;5;4;
Iman Shumpert;G;27:01;2;4;1;2;1;2;1;0;1;4;3;0;1;3;6;
Iman Shumpert;G;23:17;0;3;0;1;0;0;0;0;0;0;1;0;2;3;0;
Iman Shumpert;G;24:32;1;5;0;2;0;0;2;1;3;2;0;0;1;0;2;
Iman Shumpert;G;32:01;4;8;1;2;2;2;1;6;7;0;1;0;1;2;11;
Iman Shumpert;G;21:23;3;5;1;2;0;0;3;4;7;2;0;0;2;4;7;
Iman Shumpert;G;23:05;5;8;5;7;2;2;1;5;6;0;2;0;0;3;17;
Iman Shumpert;G;25:22;4;9;0;3;2;2;0;4;4;0;0;0;1;4;10;
Iman Shumpert;G;31:28;0;6;0;4;0;0;1;1;2;0;1;0;1;2;0;
Iman Shumpert;G;21:21;1;4;0;2;0;0;2;2;4;4;1;1;0;2;2;
Iman Shumpert;G;13:00;0;2;0;0;0;0;1;2;3;2;2;0;1;0;0;
Iman Shumpert;G;23:21;1;8;1;4;0;0;1;4;5;1;0;0;1;0;3;
Iman Shumpert;G;33:25;1;2;0;0;1;2;1;5;6;2;0;0;0;3;3;
Iman Shumpert;G;31:17;2;8;2;5;2;2;3;6;9;2;0;0;1;4;8;
Iman Shumpert;G;29:19;0;5;0;2;1;2;1;5;6;4;2;1;3;4;1;
Iman Shumpert;G;17:39;1;7;0;3;0;0;0;4;4;0;0;0;0;2;2;
Iman Shumpert;G;27:14;4;7;1;2;0;0;3;3;6;0;1;0;2;2;9;
Iman Shumpert;G;26:41;3;8;1;4;1;2;1;6;7;4;2;0;2;5;8;
Iman Shumpert;G;12:23;0;2;0;1;0;0;0;1;1;0;1;0;1;4;0;
Iman Shumpert;G;28:47;2;5;1;4;1;2;2;6;8;2;1;1;1;2;6;
