╔═══════════════╤═══════════════╗
║Name		│Isaiah Canaan	║
╟───────────────┼───────────────╢
║Number		│1		║
╟───────────────┼───────────────╢
║Position	│G		║
╟───────────────┼───────────────╢
║Height		│6-0		║
╟───────────────┼───────────────╢
║Weight		│188		║
╟───────────────┼───────────────╢
║Birth		│MAY 02, 1991	║
╟───────────────┼───────────────╢
║Age		│23		║
╟───────────────┼───────────────╢
║Exp		│R		║
╟───────────────┼───────────────╢
║School		│Murray State	║
╚═══════════════╧═══════════════╝
Isaiah Canaan;;1:32;0;0;0;0;0;0;0;0;0;0;0;0;0;0;0;
Isaiah Canaan;;9:19;0;1;0;1;0;0;0;0;0;0;0;0;0;3;0;
Isaiah Canaan;;0:54;0;0;0;0;2;2;0;1;1;0;0;0;0;0;2;
Isaiah Canaan;;7:35;1;3;0;1;1;1;1;0;1;0;0;0;1;0;3;
Isaiah Canaan;;1:32;0;0;0;0;0;0;0;0;0;1;0;0;0;0;0;
Isaiah Canaan;;5:32;1;1;1;1;2;2;0;0;0;0;1;0;1;1;5;
Isaiah Canaan;;8:12;1;5;0;2;2;2;2;0;2;1;0;0;0;1;4;
Isaiah Canaan;;8:19;1;4;1;2;0;0;0;1;1;2;2;0;1;0;3;
Isaiah Canaan;;3:11;2;3;1;2;0;0;0;0;0;0;0;0;0;1;5;
Isaiah Canaan;;5:20;0;1;0;1;3;4;0;0;0;0;0;0;1;1;3;
Isaiah Canaan;;13:49;2;6;1;3;0;0;0;1;1;0;1;1;3;2;5;
Isaiah Canaan;;20:29;3;5;2;4;6;8;0;4;4;3;0;0;4;2;14;
Isaiah Canaan;;23:10;1;8;0;4;0;0;0;1;1;0;0;0;2;1;2;
Isaiah Canaan;;17:38;2;8;2;5;1;2;1;3;4;1;1;0;0;2;7;
Isaiah Canaan;;18:00;2;5;2;3;0;0;0;2;2;1;0;0;2;2;6;
Isaiah Canaan;;18:36;5;8;4;7;1;2;1;0;1;2;0;1;0;2;15;
Isaiah Canaan;;26:52;6;8;3;4;0;0;0;1;1;1;0;0;2;1;15;
Isaiah Canaan;;24:09;2;10;1;8;1;2;2;1;3;6;2;2;4;3;6;
Isaiah Canaan;;4:22;0;2;0;2;0;0;0;1;1;0;0;0;0;1;0;
Isaiah Canaan;;25:51;1;6;0;3;0;2;0;1;1;4;1;0;0;2;2;
Isaiah Canaan;;0:23;0;0;0;0;0;0;0;0;0;0;0;0;0;0;0;
Isaiah Canaan;;7:29;1;3;0;2;2;2;0;0;0;0;0;0;0;0;4;
