╔═══════════════╤═══════════════╗
║Name		│Isaiah Thomas	║
╟───────────────┼───────────────╢
║Number		│22		║
╟───────────────┼───────────────╢
║Position	│G		║
╟───────────────┼───────────────╢
║Height		│5-9		║
╟───────────────┼───────────────╢
║Weight		│185		║
╟───────────────┼───────────────╢
║Birth		│FEB 07, 1989	║
╟───────────────┼───────────────╢
║Age		│25		║
╟───────────────┼───────────────╢
║Exp		│2		║
╟───────────────┼───────────────╢
║School		│Washington	║
╚═══════════════╧═══════════════╝
Isaiah Thomas;G;36:17;7;18;4;9;5;6;0;1;1;7;0;0;3;5;23;
Isaiah Thomas;G;34:45;9;17;2;5;1;1;1;2;3;8;1;1;3;5;21;
Isaiah Thomas;G;36:48;5;14;2;6;10;12;1;6;7;8;2;0;0;1;22;
Isaiah Thomas;G;35:50;2;13;1;5;4;4;2;2;4;7;2;0;4;3;9;
Isaiah Thomas;G;35:05;7;15;2;7;10;11;0;4;4;6;2;0;2;1;26;
Isaiah Thomas;G;27:11;3;9;1;2;0;0;0;1;1;1;1;0;3;3;7;
Isaiah Thomas;G;41:46;10;16;2;5;4;4;1;2;3;7;2;0;7;4;26;
Isaiah Thomas;G;38:59;5;14;2;6;2;3;0;3;3;9;1;0;3;3;14;
Isaiah Thomas;G;39:06;11;18;4;8;12;13;0;1;1;6;0;0;1;2;38;
Isaiah Thomas;G;38:57;6;17;3;8;5;6;0;3;3;11;3;0;4;2;20;
Isaiah Thomas;G;39:06;6;16;2;9;6;10;0;3;3;6;2;1;4;5;20;
Isaiah Thomas;G;43:09;13;31;2;9;10;10;0;3;3;6;1;0;5;4;38;
Isaiah Thomas;G;36:29;7;21;1;6;7;8;1;4;5;8;1;0;3;3;22;
Isaiah Thomas;G;25:28;4;13;0;2;2;2;1;1;2;6;0;0;0;2;10;
Isaiah Thomas;G;38:51;10;21;4;10;0;0;1;0;1;5;0;0;2;2;24;
Isaiah Thomas;G;42:04;8;21;3;10;0;0;0;2;2;6;1;0;3;3;19;
Isaiah Thomas;G;37:40;11;26;2;9;2;2;0;2;2;5;1;0;2;4;26;
Isaiah Thomas;G;30:58;7;9;0;0;5;6;0;3;3;3;0;0;2;1;19;
Isaiah Thomas;G;38:11;4;12;0;2;15;16;0;3;3;5;2;0;3;3;23;
Isaiah Thomas;G;38:59;9;23;3;7;3;3;0;2;2;6;1;0;2;1;24;
Isaiah Thomas;G;43:12;11;24;0;1;8;8;2;1;3;8;3;0;4;2;30;
Isaiah Thomas;G;36:26;7;14;1;6;1;5;0;2;2;8;1;1;2;2;16;
Isaiah Thomas;G;40:36;6;17;1;4;7;8;1;0;1;7;2;0;1;2;20;
Isaiah Thomas;G;42:27;9;17;2;6;6;7;0;4;4;7;1;0;7;2;26;
Isaiah Thomas;G;36:47;6;12;0;1;9;10;0;4;4;12;0;1;4;2;21;
Isaiah Thomas;G;41:50;12;16;4;5;5;6;0;3;3;6;3;0;6;4;33;
Isaiah Thomas;G;34:10;4;14;2;6;2;3;0;3;3;5;3;0;3;1;12;
Isaiah Thomas;G;32:15;10;16;2;2;4;5;0;1;1;8;1;2;5;2;26;
Isaiah Thomas;G;34:23;10;18;0;5;2;2;0;2;2;8;0;0;2;5;22;
Isaiah Thomas;G;42:35;8;16;0;3;6;6;1;2;3;5;2;0;5;3;22;
Isaiah Thomas;G;32:52;9;16;3;6;4;4;0;3;3;6;4;0;2;3;25;
Isaiah Thomas;G;34:41;5;13;1;6;3;4;0;2;2;5;1;0;1;0;14;
Isaiah Thomas;G;36:18;3;14;1;9;3;4;1;2;3;4;0;0;7;3;10;
Isaiah Thomas;G;39:22;6;15;0;4;7;9;1;3;4;8;1;0;5;1;19;
Isaiah Thomas;G;37:11;4;10;1;4;11;12;0;5;5;6;4;0;4;3;20;
Isaiah Thomas;G;42:16;7;18;2;5;10;13;1;2;3;5;0;0;4;3;26;
Isaiah Thomas;G;33:29;11;21;4;10;1;2;2;4;6;7;1;0;2;3;27;
Isaiah Thomas;G;43:10;6;16;2;7;10;10;2;9;11;10;0;1;4;5;24;
Isaiah Thomas;G;37:13;7;17;0;3;4;7;0;3;3;4;1;0;4;4;18;
Isaiah Thomas;G;36:45;9;13;3;4;9;11;1;2;3;8;0;0;1;3;30;
Isaiah Thomas;G;30:21;6;13;1;5;1;2;2;1;3;4;0;0;2;3;14;
Isaiah Thomas;G;16:42;2;5;0;3;0;0;0;0;0;4;0;1;2;2;4;
Isaiah Thomas;;29:16;5;9;3;4;3;4;1;3;4;5;0;0;2;3;16;
Isaiah Thomas;;31:01;9;13;3;3;8;10;0;2;2;4;1;0;1;2;29;
Isaiah Thomas;;30:23;2;10;0;4;8;9;1;2;3;5;1;0;3;3;12;
Isaiah Thomas;;28:12;8;17;1;4;9;9;2;0;2;5;1;0;4;2;26;
Isaiah Thomas;;28:32;5;15;0;3;3;3;1;1;2;7;1;0;4;3;13;
Isaiah Thomas;;17:20;6;10;0;1;0;0;0;0;0;1;0;0;1;0;12;
Isaiah Thomas;;25:41;5;11;2;3;7;7;3;3;6;6;1;0;1;1;19;
Isaiah Thomas;;31:27;6;11;3;4;3;6;0;2;2;7;0;0;4;1;18;
Isaiah Thomas;;31:53;5;17;3;6;2;2;1;1;2;4;2;0;1;2;15;
Isaiah Thomas;;23:58;6;12;1;5;6;6;0;0;0;3;2;0;3;4;19;
Isaiah Thomas;;27:28;8;13;1;2;6;7;2;1;3;4;2;0;2;5;23;
Isaiah Thomas;;33:00;5;12;1;3;11;13;0;2;2;5;1;0;2;2;22;
Isaiah Thomas;;29:35;4;11;1;3;0;1;1;2;3;4;0;0;2;2;9;
Isaiah Thomas;;17:25;2;5;1;3;0;0;0;2;2;1;0;0;4;2;5;
Isaiah Thomas;;34:07;5;16;1;4;8;10;3;2;5;8;2;0;7;3;19;
Isaiah Thomas;;21:23;9;18;3;8;3;3;0;0;0;3;4;0;0;1;24;
Isaiah Thomas;;25:25;6;13;2;4;0;0;0;2;2;9;4;0;3;0;14;
Isaiah Thomas;;31:54;8;14;1;3;9;10;0;1;1;8;4;0;3;3;26;
Isaiah Thomas;G;38:24;7;16;4;6;6;6;1;1;2;12;1;0;2;1;24;
Isaiah Thomas;G;36:22;7;13;1;3;5;5;0;3;3;7;1;0;5;5;20;
Isaiah Thomas;G;42:29;11;20;3;6;4;4;2;4;6;2;1;0;3;4;29;
Isaiah Thomas;G;41:45;7;12;1;3;4;5;0;2;2;8;2;0;3;4;19;
Isaiah Thomas;G;35:43;8;23;2;6;3;3;1;1;2;4;0;0;2;1;21;
Isaiah Thomas;G;37:42;7;15;3;7;3;3;0;2;2;10;2;0;2;3;20;
Isaiah Thomas;G;35:36;4;11;1;6;2;5;0;2;2;7;1;0;3;2;11;
Isaiah Thomas;G;42:44;8;15;3;7;4;4;1;4;5;9;3;0;4;2;23;
Isaiah Thomas;G;35:15;8;15;3;6;2;3;3;2;5;5;3;0;4;3;21;
Isaiah Thomas;G;41:01;7;16;3;7;5;6;1;6;7;11;1;0;3;3;22;
Isaiah Thomas;G;36:26;10;17;5;6;2;2;1;3;4;9;0;0;2;2;27;
Isaiah Thomas;G;35:11;6;17;1;4;4;6;0;1;1;10;1;0;0;1;17;
