╔═══════════════╤═══════════════╗
║Name		│Ish Smith	║
╟───────────────┼───────────────╢
║Number		│3		║
╟───────────────┼───────────────╢
║Position	│G		║
╟───────────────┼───────────────╢
║Height		│6-0		║
╟───────────────┼───────────────╢
║Weight		│175		║
╟───────────────┼───────────────╢
║Birth		│JUL 05, 1988	║
╟───────────────┼───────────────╢
║Age		│25		║
╟───────────────┼───────────────╢
║Exp		│3		║
╟───────────────┼───────────────╢
║School		│Wake Forest	║
╚═══════════════╧═══════════════╝
Ish Smith;;19:37;1;6;0;0;1;1;3;3;6;2;0;0;2;1;3;
Ish Smith;;19:20;4;10;0;2;0;0;0;2;2;8;1;0;1;0;8;
Ish Smith;;23:06;4;8;0;3;2;4;0;1;1;3;1;0;1;2;10;
Ish Smith;;11:38;2;5;0;2;0;0;1;0;1;1;0;0;0;2;4;
Ish Smith;;16:29;2;4;0;0;1;2;0;1;1;2;1;0;0;0;5;
Ish Smith;;17:19;1;7;0;1;0;0;0;4;4;6;2;0;0;1;2;
Ish Smith;;5:01;0;0;0;0;0;0;0;0;0;0;0;0;0;0;0;
Ish Smith;;16:18;3;6;0;0;0;0;0;1;1;1;2;0;2;2;6;
Ish Smith;;20:38;3;8;0;0;0;2;0;0;0;3;0;0;1;0;6;
Ish Smith;;23:08;3;8;0;0;1;2;2;5;7;5;0;0;3;2;7;
Ish Smith;;14:29;4;6;0;0;0;1;0;1;1;2;0;0;0;0;8;
Ish Smith;;13:39;0;3;0;0;0;0;2;2;4;2;0;0;0;0;0;
Ish Smith;;16:10;0;2;0;0;1;2;0;0;0;1;1;1;3;0;1;
Ish Smith;;14:47;1;6;0;0;0;0;0;0;0;5;2;2;3;2;2;
Ish Smith;;21:04;3;6;0;1;0;0;0;2;2;6;2;0;1;4;6;
Ish Smith;;7:53;0;1;0;0;0;0;0;0;0;0;0;0;0;0;0;
Ish Smith;;20:04;4;8;0;1;0;0;1;1;2;2;2;0;1;1;8;
Ish Smith;;14:25;1;3;0;0;0;0;0;0;0;3;1;0;1;1;2;
Ish Smith;;12:08;4;6;0;0;0;0;1;1;2;2;1;1;3;0;8;
Ish Smith;;5:47;1;4;0;0;0;0;1;0;1;1;0;0;0;0;2;
Ish Smith;;15:56;3;3;0;0;2;4;0;2;2;1;0;0;1;2;8;
Ish Smith;;9:52;2;4;0;0;0;0;0;0;0;0;0;0;1;0;4;
Ish Smith;;17:05;1;6;0;0;0;0;2;1;3;5;1;0;1;1;2;
Ish Smith;;30:36;7;9;0;1;1;2;1;6;7;4;2;2;1;1;15;
Ish Smith;;20:59;1;3;0;1;0;0;0;1;1;4;0;0;2;1;2;
Ish Smith;;28:46;3;6;0;0;1;1;1;2;3;7;4;0;2;0;7;
Ish Smith;G;35:35;5;15;0;0;3;4;0;8;8;5;2;0;0;1;13;
Ish Smith;;23:37;4;5;0;0;2;2;1;1;2;6;1;0;3;1;10;
Ish Smith;;26:13;3;5;0;0;2;2;0;3;3;7;3;1;1;1;8;
Ish Smith;;19:03;2;3;0;0;1;4;2;0;2;1;1;0;1;0;5;
Ish Smith;;19:51;1;5;0;0;0;0;1;7;8;4;0;0;1;1;2;
Ish Smith;;23:31;2;5;0;0;0;0;1;5;6;5;1;0;1;2;4;
Ish Smith;;16:41;0;5;0;0;0;0;1;1;2;4;1;0;1;3;0;
Ish Smith;;3:40;0;1;0;0;0;0;0;0;0;0;0;0;0;0;0;
Ish Smith;;9:44;0;0;0;0;0;2;0;0;0;0;0;1;1;2;0;
Ish Smith;;7:42;2;3;0;0;1;1;1;0;1;1;0;0;0;1;5;
Ish Smith;;22:17;2;4;0;0;0;0;1;1;2;6;1;0;2;0;4;
Ish Smith;;19:46;2;3;0;0;0;0;0;2;2;2;1;1;2;2;4;
Ish Smith;;5:15;0;0;0;0;0;0;0;2;2;0;0;0;1;1;0;
Ish Smith;;18:57;4;5;0;0;0;0;1;3;4;2;1;0;0;1;8;
Ish Smith;;5:41;0;0;0;0;0;0;0;0;0;3;0;0;0;0;0;
Ish Smith;;8:06;0;0;0;0;0;0;0;0;0;1;0;0;1;2;0;
Ish Smith;;6:20;0;1;0;0;0;0;0;0;0;1;0;0;0;1;0;
Ish Smith;;23:35;2;3;0;0;0;0;1;3;4;5;0;0;0;1;4;
Ish Smith;;3:41;0;0;0;0;0;0;0;0;0;0;0;0;0;1;0;
Ish Smith;;19:03;3;5;0;0;0;0;1;4;5;4;0;0;2;3;6;
Ish Smith;;5:28;0;1;0;1;0;0;0;0;0;1;0;0;0;1;0;
Ish Smith;;4:54;0;0;0;0;0;0;0;0;0;0;0;0;0;1;0;
Ish Smith;;19:05;1;3;0;0;0;0;1;2;3;2;0;0;2;1;2;
Ish Smith;;3:00;1;2;0;0;0;0;0;0;0;0;0;0;0;0;2;
Ish Smith;;3:51;1;1;0;0;0;0;0;0;0;2;1;0;0;1;2;
Ish Smith;;27:00;4;7;0;1;0;0;0;2;2;8;1;1;1;1;8;
Ish Smith;;11:59;1;5;0;1;0;0;1;4;5;1;1;0;0;0;2;
Ish Smith;;2:50;0;2;0;0;0;0;0;0;0;0;2;0;0;0;0;
Ish Smith;;16:09;1;4;0;1;0;0;0;2;2;8;0;1;1;0;2;
Ish Smith;;17:32;2;6;0;1;2;2;0;2;2;1;0;0;0;2;6;
Ish Smith;;12:27;3;3;1;1;1;1;0;0;0;4;0;0;3;2;8;
Ish Smith;;1:32;0;0;0;0;0;0;0;0;0;0;0;0;0;1;0;
Ish Smith;;14:31;1;7;0;4;0;0;0;0;0;3;1;0;2;1;2;
Ish Smith;;14:30;1;3;0;0;0;0;0;2;2;0;1;0;0;0;2;
Ish Smith;;18:25;1;4;0;0;0;0;0;0;0;4;2;0;3;1;2;
Ish Smith;;14:30;2;6;0;1;0;0;0;1;1;2;0;2;0;1;4;
Ish Smith;;9:29;1;3;0;0;0;0;0;2;2;0;1;0;2;1;2;
Ish Smith;;19:41;2;5;0;0;0;0;0;1;1;3;2;0;1;1;4;
Ish Smith;;2:51;0;0;0;0;0;0;0;0;0;0;0;0;0;0;0;
Ish Smith;;6:34;1;1;0;0;0;0;1;2;3;3;0;0;0;0;2;
Ish Smith;;1:11;0;0;0;0;0;0;0;0;0;0;0;0;0;0;0;
Ish Smith;;3:49;1;3;0;0;0;0;1;0;1;0;1;0;2;1;2;
Ish Smith;;15:02;4;7;0;0;0;0;1;2;3;2;0;0;1;2;8;
Ish Smith;;5:39;1;2;0;0;0;0;0;0;0;2;1;0;0;1;2;
