╔═══════════════╤═══════════════╗
║Name		│Jae Crowder	║
╟───────────────┼───────────────╢
║Number		│9		║
╟───────────────┼───────────────╢
║Position	│F		║
╟───────────────┼───────────────╢
║Height		│6-6		║
╟───────────────┼───────────────╢
║Weight		│235		║
╟───────────────┼───────────────╢
║Birth		│JUL 06, 1990	║
╟───────────────┼───────────────╢
║Age		│23		║
╟───────────────┼───────────────╢
║Exp		│1		║
╟───────────────┼───────────────╢
║School		│Marquette	║
╚═══════════════╧═══════════════╝
Jae Crowder;;17:56;1;2;0;0;2;2;0;3;3;0;0;0;1;0;4;
Jae Crowder;;16:22;0;1;0;1;1;2;0;1;1;0;1;0;0;2;1;
Jae Crowder;;11:49;0;3;0;3;0;0;0;2;2;0;0;0;0;2;0;
Jae Crowder;;21:39;2;5;0;2;1;2;0;1;1;1;4;1;0;0;5;
Jae Crowder;;27:49;2;5;1;3;0;0;1;0;1;1;2;0;0;2;5;
Jae Crowder;F;39:51;5;8;2;4;0;0;2;1;3;2;0;1;1;2;12;
Jae Crowder;F;34:38;1;5;1;4;2;2;1;1;2;3;4;1;1;4;5;
Jae Crowder;F;24:40;6;8;2;3;0;0;0;4;4;1;3;1;0;2;14;
Jae Crowder;;14:44;1;6;0;2;0;0;2;2;4;1;1;0;1;2;2;
Jae Crowder;;15:14;0;2;0;0;0;0;1;1;2;0;2;0;0;2;0;
Jae Crowder;;17:32;5;8;3;6;0;0;0;1;1;0;1;0;1;1;13;
Jae Crowder;;5:35;0;0;0;0;0;0;0;1;1;1;1;0;0;1;0;
Jae Crowder;F;20:59;2;3;1;2;2;2;1;3;4;0;0;1;2;3;7;
Jae Crowder;;3:36;0;0;0;0;1;2;0;1;1;0;0;0;0;0;1;
Jae Crowder;;15:52;1;2;0;1;0;0;1;2;3;0;0;0;0;1;2;
Jae Crowder;;10:11;0;1;0;1;0;2;0;0;0;0;0;0;0;2;0;
Jae Crowder;F;29:31;3;8;0;3;0;0;1;5;6;3;2;0;0;4;6;
Jae Crowder;F;21:52;3;9;0;4;2;2;1;2;3;1;0;0;0;3;8;
Jae Crowder;;9:47;2;2;0;0;0;0;0;1;1;0;0;0;0;1;4;
Jae Crowder;;17:09;0;2;0;1;0;0;0;2;2;2;3;0;1;4;0;
Jae Crowder;;21:17;1;2;0;1;0;0;0;1;1;0;1;0;0;1;2;
Jae Crowder;;14:02;2;7;0;3;1;2;1;3;4;0;1;0;1;1;5;
Jae Crowder;;11:31;0;1;0;0;0;0;0;3;3;0;0;2;0;1;0;
Jae Crowder;;13:53;2;3;1;1;0;0;2;1;3;1;0;0;0;1;5;
Jae Crowder;;11:46;2;3;0;0;0;0;0;1;1;2;1;0;0;1;4;
Jae Crowder;;0:04;0;0;0;0;0;0;0;0;0;0;0;0;0;0;0;
Jae Crowder;;2:29;0;0;0;0;0;0;0;0;0;0;0;0;0;0;0;
Jae Crowder;;1:12;0;0;0;0;0;0;0;0;0;0;0;0;0;0;0;
Jae Crowder;;15:50;2;2;2;2;2;2;1;3;4;1;0;1;2;1;8;
Jae Crowder;;11:31;1;3;0;1;6;7;0;2;2;0;1;0;0;0;8;
Jae Crowder;;6:42;1;2;0;0;0;0;0;1;1;0;1;0;0;0;2;
Jae Crowder;;16:18;0;2;0;1;0;0;1;2;3;1;0;0;0;1;0;
Jae Crowder;;7:47;0;0;0;0;0;0;0;0;0;0;0;0;0;2;0;
Jae Crowder;;15:07;2;4;0;0;0;0;0;2;2;3;0;0;0;3;4;
Jae Crowder;;17:59;4;4;4;4;0;0;1;3;4;1;1;0;2;2;12;
Jae Crowder;;16:08;1;6;1;4;2;2;1;2;3;2;1;0;0;1;5;
Jae Crowder;;11:32;4;6;2;4;0;0;1;2;3;0;0;0;0;2;10;
Jae Crowder;;18:34;5;5;1;1;2;2;0;4;4;0;2;0;0;3;13;
Jae Crowder;;12:26;2;4;0;2;2;2;1;3;4;0;0;0;2;0;6;
Jae Crowder;;19:01;0;3;0;2;0;0;0;2;2;2;0;0;0;0;0;
Jae Crowder;;13:55;2;3;0;1;1;2;1;4;5;1;0;1;1;2;5;
Jae Crowder;;20:18;0;3;0;3;2;2;2;5;7;0;1;0;0;1;2;
Jae Crowder;;12:26;0;0;0;0;0;0;2;0;2;0;0;0;0;1;0;
Jae Crowder;;10:47;0;1;0;0;0;0;0;1;1;0;0;0;0;1;0;
Jae Crowder;;9:14;0;1;0;0;0;0;0;2;2;1;0;0;0;0;0;
Jae Crowder;;1:58;0;0;0;0;0;0;0;0;0;0;0;0;0;0;0;
Jae Crowder;;12:41;0;2;0;2;0;0;2;1;3;0;2;0;0;1;0;
Jae Crowder;;9:00;1;1;1;1;0;0;0;1;1;1;0;0;0;1;3;
Jae Crowder;;12:49;5;8;5;7;0;0;0;1;1;0;0;1;0;3;15;
Jae Crowder;;16:01;0;2;0;0;0;0;1;2;3;1;0;1;1;0;0;
Jae Crowder;;23:46;7;9;4;6;0;0;0;4;4;1;0;0;0;3;18;
Jae Crowder;;24:49;6;8;3;5;2;3;2;1;3;0;2;0;1;1;17;
Jae Crowder;;32:01;5;10;0;2;0;2;2;4;6;1;0;0;0;0;10;
Jae Crowder;;16:24;2;5;0;1;0;0;0;2;2;1;2;1;1;2;4;
Jae Crowder;;17:38;2;5;0;2;0;1;0;1;1;3;1;0;0;1;4;
Jae Crowder;;15:57;0;1;0;1;0;0;0;1;1;1;0;1;1;2;0;
Jae Crowder;;17:29;3;5;1;3;0;0;1;2;3;1;2;0;0;1;7;
Jae Crowder;C;19:58;1;8;0;5;0;0;0;6;6;2;0;1;3;1;2;
Jae Crowder;;12:17;0;1;0;0;0;0;0;1;1;0;0;0;0;1;0;
Jae Crowder;;16:59;1;2;1;2;0;0;0;1;1;1;1;0;1;1;3;
Jae Crowder;;13:11;0;3;0;3;0;0;0;0;0;2;0;0;2;2;0;
Jae Crowder;;12:14;2;5;2;4;0;0;0;1;1;0;0;0;1;2;6;
Jae Crowder;;18:23;4;7;3;4;1;1;1;5;6;2;0;0;0;0;12;
Jae Crowder;;17:33;1;4;0;2;0;0;0;1;1;1;1;1;0;0;2;
Jae Crowder;;12:48;2;6;1;5;0;0;1;0;1;1;0;0;2;4;5;
Jae Crowder;;12:11;1;1;0;0;1;1;0;1;1;1;0;0;0;0;3;
Jae Crowder;;14:44;2;6;1;2;2;2;1;2;3;0;0;0;2;3;7;
Jae Crowder;;15:46;1;2;1;1;0;0;0;2;2;0;3;0;0;0;3;
Jae Crowder;;22:48;0;3;0;2;0;0;1;6;7;2;0;0;0;1;0;
Jae Crowder;;18:44;3;6;0;2;0;0;1;1;2;1;2;0;0;0;6;
Jae Crowder;F;34:02;2;9;0;4;4;4;1;2;3;2;2;0;2;2;8;
Jae Crowder;;21:07;3;6;0;2;2;2;0;5;5;0;2;2;1;1;8;
Jae Crowder;;14:22;2;4;1;2;0;0;0;6;6;0;0;1;1;0;5;
Jae Crowder;;16:04;3;8;0;1;2;3;4;2;6;1;1;0;2;1;8;
Jae Crowder;;22:49;4;7;3;5;0;0;0;0;0;1;2;1;1;0;11;
Jae Crowder;;15:06;0;1;0;1;0;2;0;0;0;0;2;0;1;2;0;
Jae Crowder;;15:56;2;2;2;2;3;3;0;2;2;1;0;1;1;0;9;
Jae Crowder;;17:23;0;4;0;2;0;0;3;3;6;1;0;1;1;1;0;
