╔═══════════════╤═══════════════╗
║Name		│Jamaal Franklin║
╟───────────────┼───────────────╢
║Number		│22		║
╟───────────────┼───────────────╢
║Position	│G		║
╟───────────────┼───────────────╢
║Height		│6-5		║
╟───────────────┼───────────────╢
║Weight		│191		║
╟───────────────┼───────────────╢
║Birth		│JUL 21, 1991	║
╟───────────────┼───────────────╢
║Age		│22		║
╟───────────────┼───────────────╢
║Exp		│R		║
╟───────────────┼───────────────╢
║School		│San Diego State║
╚═══════════════╧═══════════════╝
Jamaal Franklin;;8:58;0;2;0;1;0;0;1;0;1;1;0;0;0;2;0;
Jamaal Franklin;;4:38;0;0;0;0;0;0;0;1;1;0;0;0;0;1;0;
Jamaal Franklin;;1:15;1;1;0;0;0;0;0;0;0;0;0;0;0;0;2;
Jamaal Franklin;;4:28;0;0;0;0;0;0;0;0;0;1;0;1;1;1;0;
Jamaal Franklin;;3:19;0;0;0;0;0;0;0;0;0;0;0;0;2;2;0;
Jamaal Franklin;;5:51;2;2;1;1;0;0;0;1;1;0;0;0;1;1;5;
Jamaal Franklin;;4:42;2;2;1;1;0;0;0;1;1;0;0;0;0;0;5;
Jamaal Franklin;;10:33;2;4;0;1;0;0;1;1;2;0;0;1;0;1;4;
Jamaal Franklin;;3:05;0;1;0;0;0;0;0;1;1;0;0;0;0;1;0;
Jamaal Franklin;;10:55;1;1;0;0;0;0;1;3;4;1;0;0;0;1;2;
Jamaal Franklin;;4:15;0;0;0;0;0;0;0;1;1;0;0;0;1;1;0;
Jamaal Franklin;;7:33;1;1;0;0;0;0;0;2;2;1;0;0;0;1;2;
Jamaal Franklin;;3:01;0;0;0;0;0;0;0;0;0;0;0;0;0;1;0;
Jamaal Franklin;;5:17;0;2;0;0;0;0;0;1;1;0;0;0;0;0;0;
Jamaal Franklin;;14:55;3;5;2;2;0;0;0;3;3;0;1;0;2;1;8;
Jamaal Franklin;;16:58;2;6;0;1;2;2;0;1;1;0;2;0;1;4;6;
Jamaal Franklin;;21:19;0;5;0;2;0;0;0;2;2;1;0;0;1;3;0;
Jamaal Franklin;;9:54;1;1;1;1;0;0;0;1;1;1;1;0;0;1;3;
Jamaal Franklin;;17:27;1;5;0;1;0;0;1;0;1;0;0;0;1;0;2;
Jamaal Franklin;;0:26;0;0;0;0;0;0;0;0;0;0;0;0;0;0;0;
Jamaal Franklin;;2:42;0;1;0;0;0;0;0;0;0;0;0;0;1;1;0;
