╔═══════════════╤═══════════════╗
║Name		│Jamal Crawford	║
╟───────────────┼───────────────╢
║Number		│11		║
╟───────────────┼───────────────╢
║Position	│G		║
╟───────────────┼───────────────╢
║Height		│6-5		║
╟───────────────┼───────────────╢
║Weight		│200		║
╟───────────────┼───────────────╢
║Birth		│MAR 20, 1980	║
╟───────────────┼───────────────╢
║Age		│34		║
╟───────────────┼───────────────╢
║Exp		│13		║
╟───────────────┼───────────────╢
║School		│Michigan	║
╚═══════════════╧═══════════════╝
Jamal Crawford;G;35:20;5;14;1;8;0;0;0;2;2;4;2;2;0;2;11;
Jamal Crawford;G;34:43;6;17;1;6;4;4;0;1;1;2;1;0;3;2;17;
Jamal Crawford;G;38:32;10;22;1;2;3;5;0;1;1;7;1;0;1;2;24;
Jamal Crawford;G;34:23;5;14;3;7;0;0;1;4;5;8;0;0;2;2;13;
Jamal Crawford;G;44:47;8;26;3;12;7;7;0;2;2;6;2;0;3;2;26;
Jamal Crawford;;24:33;3;13;2;4;3;4;4;2;6;3;1;0;0;3;11;
Jamal Crawford;;27:27;4;13;2;5;6;7;0;0;0;7;0;1;2;4;16;
Jamal Crawford;;28:54;7;14;5;9;10;11;1;2;3;4;0;0;1;2;29;
Jamal Crawford;;28:17;7;18;2;7;6;6;0;1;1;1;1;0;2;3;22;
Jamal Crawford;;27:04;9;13;3;5;5;6;1;2;3;4;0;0;3;0;26;
Jamal Crawford;;27:33;8;21;2;8;2;3;0;1;1;4;0;1;1;1;20;
Jamal Crawford;;26:23;6;14;3;5;4;5;1;3;4;3;0;0;3;1;19;
Jamal Crawford;;31:59;12;23;5;11;8;8;1;2;3;11;2;0;1;1;37;
Jamal Crawford;;23:35;9;16;5;9;2;2;0;0;0;3;1;0;1;3;25;
Jamal Crawford;;28:52;4;12;2;7;11;12;0;5;5;3;0;0;2;1;21;
Jamal Crawford;;18:57;1;9;0;4;7;8;0;2;2;4;1;0;1;1;9;
Jamal Crawford;;30:49;9;15;1;4;8;9;1;2;3;5;1;0;2;2;27;
Jamal Crawford;;28:59;5;8;1;2;8;9;0;1;1;5;1;0;3;3;19;
Jamal Crawford;G;46:38;9;21;5;11;8;8;0;3;3;6;3;0;5;4;31;
Jamal Crawford;G;45:06;4;13;1;5;12;12;3;3;6;6;1;0;3;2;21;
Jamal Crawford;G;26:02;7;15;3;9;4;4;0;0;0;3;2;0;1;1;21;
Jamal Crawford;G;37:06;7;16;1;4;10;11;0;3;3;1;3;0;0;1;25;
Jamal Crawford;G;38:13;8;15;3;9;6;8;0;0;0;2;2;0;4;2;25;
Jamal Crawford;G;39:03;8;20;3;9;4;6;3;3;6;3;0;1;3;3;23;
Jamal Crawford;G;39:19;13;20;5;8;5;5;0;2;2;4;1;0;5;2;36;
Jamal Crawford;G;33:59;8;17;7;12;1;1;0;0;0;5;0;0;2;3;24;
Jamal Crawford;G;15:37;2;10;1;6;3;3;1;0;1;1;0;0;2;1;8;
Jamal Crawford;;9:35;0;2;0;1;3;3;0;0;0;1;0;1;0;1;3;
Jamal Crawford;;32:37;4;13;1;6;0;0;0;4;4;4;1;0;1;2;9;
Jamal Crawford;;27:10;4;11;1;6;4;4;1;2;3;5;0;0;2;1;13;
Jamal Crawford;;34:45;10;23;7;15;4;5;0;1;1;2;1;0;1;2;31;
Jamal Crawford;;28:14;3;12;2;7;6;6;0;2;2;2;2;0;3;3;14;
Jamal Crawford;;25:58;7;15;3;9;5;8;1;2;3;3;0;0;1;3;22;
Jamal Crawford;;19:13;3;8;2;4;2;2;0;2;2;2;0;0;0;1;10;
Jamal Crawford;;30:57;3;9;0;3;3;3;0;0;0;2;1;0;4;1;9;
Jamal Crawford;G;41:35;10;25;3;10;11;11;1;4;5;8;2;0;2;2;34;
Jamal Crawford;;25:54;5;13;3;6;2;2;1;2;3;3;0;0;3;0;15;
Jamal Crawford;;23:23;7;14;2;5;1;2;0;1;1;1;1;0;4;1;17;
Jamal Crawford;;22:12;7;10;3;5;1;3;0;1;1;1;0;0;1;0;18;
Jamal Crawford;;30:12;7;15;6;11;1;1;1;2;3;4;0;0;0;2;21;
Jamal Crawford;;21:02;5;13;0;3;4;4;1;1;2;1;0;0;1;1;14;
Jamal Crawford;;29:29;6;11;2;5;0;0;0;1;1;1;1;0;1;1;14;
Jamal Crawford;;30:58;6;15;2;4;2;3;2;0;2;1;0;1;1;4;16;
Jamal Crawford;;30:47;7;11;3;6;1;1;0;2;2;6;0;0;3;1;18;
Jamal Crawford;;26:53;7;13;3;7;3;4;1;2;3;2;2;1;5;2;20;
Jamal Crawford;;20:46;5;8;1;3;2;3;0;2;2;4;1;0;4;1;13;
Jamal Crawford;;23:18;3;11;2;6;0;0;1;1;2;1;2;0;2;3;8;
Jamal Crawford;;31:24;5;9;4;7;2;4;0;3;3;1;0;0;3;1;16;
Jamal Crawford;;28:30;7;16;2;7;2;4;0;2;2;4;0;0;0;0;18;
Jamal Crawford;;26:22;2;9;1;6;3;3;1;2;3;2;1;0;1;3;8;
Jamal Crawford;;17:44;4;11;0;2;0;0;0;3;3;2;1;0;1;1;8;
Jamal Crawford;;25:09;3;10;1;5;6;6;0;0;0;2;2;0;1;1;13;
Jamal Crawford;;37:29;12;22;3;7;4;4;2;5;7;11;0;0;2;1;31;
Jamal Crawford;;32:58;6;19;1;6;7;7;0;1;1;2;1;0;1;1;20;
Jamal Crawford;;30:22;5;12;0;4;3;3;0;5;5;1;0;0;5;3;13;
Jamal Crawford;;30:56;6;14;1;3;2;2;0;3;3;3;0;0;2;2;15;
Jamal Crawford;;28:50;5;18;2;9;7;7;0;1;1;0;2;0;1;0;19;
Jamal Crawford;;23:07;3;12;1;6;1;1;0;2;2;1;0;0;1;0;8;
Jamal Crawford;;27:24;7;14;2;2;5;6;0;3;3;3;1;2;2;1;21;
Jamal Crawford;;28:45;5;11;2;6;7;12;0;2;2;3;2;0;3;1;19;
Jamal Crawford;G;39:20;6;14;1;4;4;4;0;1;1;3;1;0;1;2;17;
Jamal Crawford;G;39:03;5;16;3;8;4;4;1;3;4;3;2;0;3;2;17;
Jamal Crawford;G;32:50;3;13;1;7;10;11;0;2;2;4;1;0;3;1;17;
Jamal Crawford;G;31:07;10;20;6;12;1;1;1;2;3;1;1;0;3;2;27;
Jamal Crawford;G;42:19;9;19;4;10;0;1;1;3;4;5;0;0;4;4;22;
Jamal Crawford;G;36:23;9;21;1;5;0;0;0;0;0;0;0;1;2;2;19;
Jamal Crawford;G;43:22;8;21;4;8;1;2;0;2;2;2;1;0;0;4;21;
Jamal Crawford;G;32:53;4;16;2;7;3;4;0;0;0;1;2;0;0;0;13;
Jamal Crawford;G;30:50;4;13;2;5;5;7;1;0;1;0;1;1;1;2;15;
