╔═══════════════╤═══════════════╗
║Name		│James Anderson	║
╟───────────────┼───────────────╢
║Number		│9		║
╟───────────────┼───────────────╢
║Position	│G-F		║
╟───────────────┼───────────────╢
║Height		│6-6		║
╟───────────────┼───────────────╢
║Weight		│210		║
╟───────────────┼───────────────╢
║Birth		│MAR 25, 1989	║
╟───────────────┼───────────────╢
║Age		│25		║
╟───────────────┼───────────────╢
║Exp		│3		║
╟───────────────┼───────────────╢
║School		│Oklahoma State	║
╚═══════════════╧═══════════════╝
James Anderson;;24:46;4;7;2;3;2;2;0;4;4;0;1;1;3;2;12;
James Anderson;;17:23;2;4;1;2;0;0;2;2;4;1;0;0;3;0;5;
James Anderson;;21:28;1;4;0;2;1;1;0;2;2;0;0;0;1;0;3;
James Anderson;;21:37;5;6;2;2;2;2;0;7;7;2;3;1;2;3;14;
James Anderson;;32:53;6;15;0;4;3;3;0;5;5;2;3;2;0;2;15;
James Anderson;G;32:19;4;8;0;2;2;2;3;5;8;3;1;0;2;3;10;
James Anderson;G;34:15;8;13;1;4;0;0;1;6;7;1;1;0;0;2;17;
James Anderson;G;30:18;3;4;0;0;0;1;1;1;2;1;0;0;0;3;6;
James Anderson;G;25:01;2;5;0;3;0;2;1;2;3;3;2;0;2;2;4;
James Anderson;G;25:29;5;11;1;3;0;0;2;5;7;0;1;0;1;1;11;
James Anderson;G;18:21;3;6;0;0;2;2;2;3;5;0;0;0;2;5;8;
James Anderson;G;37:13;8;11;1;1;1;2;2;5;7;3;0;0;0;3;18;
James Anderson;G;29:29;3;7;0;3;2;2;0;1;1;5;0;1;1;2;8;
James Anderson;G;33:26;7;16;1;7;4;5;3;2;5;1;3;1;1;1;19;
James Anderson;G;32:27;3;9;1;3;2;2;3;5;8;1;0;0;2;1;9;
James Anderson;G;28:56;6;8;1;2;0;0;1;5;6;4;0;0;1;1;13;
James Anderson;G;28:36;0;6;0;1;0;0;2;2;4;1;1;0;3;1;0;
James Anderson;G;27:52;5;11;1;4;1;2;2;4;6;0;2;0;2;4;12;
James Anderson;G;26:42;5;8;1;4;1;2;0;5;5;3;2;0;1;3;12;
James Anderson;G;17:52;4;5;1;2;2;3;1;3;4;3;1;1;0;1;11;
James Anderson;G;26:34;4;6;3;4;1;2;1;5;6;2;0;0;0;3;12;
James Anderson;G;16:26;1;6;0;4;0;0;0;0;0;0;0;1;1;3;2;
James Anderson;G;25:43;1;6;0;4;0;0;0;1;1;2;0;0;1;2;2;
James Anderson;G;39:27;5;10;5;8;0;0;0;3;3;2;4;0;3;1;15;
James Anderson;G;30:19;4;7;2;4;0;0;1;0;1;2;1;0;0;5;10;
James Anderson;F;36:49;3;8;1;5;2;3;0;2;2;1;2;0;0;2;9;
James Anderson;F;26:11;5;11;3;7;0;0;0;2;2;5;1;0;2;2;13;
James Anderson;G;30:27;3;11;2;7;0;0;0;5;5;3;0;0;0;4;8;
James Anderson;G;26:58;5;11;2;7;1;1;0;2;2;1;3;1;2;2;13;
James Anderson;G;32:53;1;7;0;4;0;0;1;3;4;3;2;0;1;1;2;
James Anderson;G;26:52;7;16;6;12;0;1;1;1;2;1;2;0;2;5;20;
James Anderson;G;32:50;5;11;2;6;4;4;2;4;6;2;0;1;3;4;16;
James Anderson;G;34:52;7;12;3;8;0;0;0;2;2;3;1;0;1;3;17;
James Anderson;G;30:57;6;12;5;9;0;0;0;2;2;3;0;0;1;4;17;
James Anderson;G;38:31;5;11;1;4;0;0;0;4;4;2;2;1;0;3;11;
James Anderson;G;32:31;2;11;0;6;0;0;0;0;0;2;0;0;5;0;4;
James Anderson;F;34:44;3;14;1;10;1;3;2;4;6;1;2;0;2;2;8;
James Anderson;G;33:23;2;5;0;2;3;4;0;4;4;1;0;0;0;3;7;
James Anderson;G;33:06;4;9;2;4;0;0;0;6;6;6;2;1;1;0;10;
James Anderson;G;28:54;11;18;6;11;2;2;0;3;3;2;0;0;2;2;30;
James Anderson;G;22:17;2;8;1;3;0;0;1;3;4;3;2;0;1;4;5;
James Anderson;G;34:34;8;16;3;9;0;0;0;3;3;4;0;0;3;2;19;
James Anderson;G;25:07;0;4;0;2;0;0;0;3;3;2;0;0;1;2;0;
James Anderson;G;27:21;3;8;1;4;0;0;0;2;2;1;0;1;2;4;7;
James Anderson;G;18:30;2;9;1;5;0;0;1;2;3;0;1;0;0;0;5;
James Anderson;G;31:10;6;14;5;7;0;0;2;4;6;3;0;1;0;3;17;
James Anderson;G;29:35;2;4;1;2;0;0;1;2;3;1;0;1;2;2;5;
James Anderson;G;30:30;3;11;1;5;1;2;0;1;1;1;3;0;1;1;8;
James Anderson;G;27:59;1;8;1;4;3;4;0;6;6;2;0;1;1;1;6;
James Anderson;G;18:14;3;5;2;2;2;2;0;3;3;2;2;1;0;0;10;
James Anderson;G;35:24;3;8;2;5;0;0;0;6;6;1;2;0;3;3;8;
James Anderson;G;34:21;1;5;1;5;0;1;0;2;2;6;2;1;1;0;3;
James Anderson;G;29:35;0;4;0;1;1;2;0;3;3;2;0;0;0;1;1;
James Anderson;G;25:30;3;7;1;3;0;0;2;3;5;1;0;1;0;1;7;
James Anderson;G;32:41;5;10;2;4;1;1;0;4;4;0;0;0;1;2;13;
James Anderson;G;31:57;5;7;1;3;0;0;1;4;5;2;0;0;2;1;11;
James Anderson;G;39:25;2;5;1;4;0;0;0;1;1;3;2;0;3;2;5;
James Anderson;G;24:04;3;6;1;2;0;0;0;1;1;1;0;0;1;1;7;
James Anderson;G;44:22;12;16;6;8;6;6;1;4;5;0;3;0;0;5;36;
James Anderson;G;38:50;1;6;0;4;0;0;0;4;4;5;2;2;2;1;2;
James Anderson;G;25:44;5;9;1;4;0;0;0;3;3;1;0;0;1;1;11;
James Anderson;G;41:31;5;13;3;7;1;2;3;4;7;3;3;1;0;1;14;
James Anderson;G;32:49;5;11;3;6;0;0;1;4;5;1;1;0;2;3;13;
James Anderson;G;35:44;5;9;2;6;0;2;0;0;0;3;0;1;3;2;12;
James Anderson;F;36:40;4;18;1;10;4;4;1;4;5;1;3;1;1;1;13;
James Anderson;G;34:24;2;9;0;4;0;0;1;4;5;6;1;1;3;4;4;
James Anderson;G;21:35;3;9;1;5;0;0;1;3;4;1;1;0;2;2;7;
James Anderson;;21:50;4;8;2;4;1;1;0;2;2;0;0;1;3;1;11;
James Anderson;;24:32;5;9;2;4;4;5;2;0;2;0;0;0;1;2;16;
James Anderson;;20:24;2;8;0;4;0;0;0;1;1;1;0;0;0;0;4;
James Anderson;;15:48;2;6;0;2;1;4;0;1;1;0;0;0;2;0;5;
James Anderson;;17:20;4;9;0;4;0;0;0;0;0;2;0;0;0;0;8;
James Anderson;;31:16;5;8;2;3;4;4;1;7;8;2;0;0;1;1;16;
James Anderson;;30:14;4;10;1;4;4;5;0;2;2;1;0;1;2;2;13;
James Anderson;;16:28;6;10;0;0;2;2;0;1;1;0;0;0;2;0;14;
James Anderson;;25:50;7;14;3;7;0;0;0;3;3;3;1;0;0;2;17;
James Anderson;;26:58;1;3;0;2;0;0;2;4;6;1;0;0;2;1;2;
James Anderson;;24:13;0;7;0;3;2;2;0;0;0;2;1;0;1;2;2;
James Anderson;;23:27;2;8;2;5;0;0;1;4;5;1;1;0;1;2;6;
James Anderson;;26:26;4;11;3;7;0;0;3;5;8;2;0;1;0;0;11;
