James Nunnally;;8:01;2;3;1;2;0;0;0;0;0;1;0;1;0;0;5;
James Nunnally;;22:11;2;8;0;3;1;2;0;2;2;1;0;0;4;0;5;
James Nunnally;;12:00;1;3;1;3;0;0;1;2;3;0;1;0;0;0;3;
James Nunnally;;12:00;1;4;1;2;2;2;0;3;3;0;0;0;0;2;5;
James Nunnally;;8:44;0;1;0;1;0;0;0;0;0;1;0;0;0;2;0;
James Nunnally;;20:31;3;5;1;2;1;2;0;2;2;0;2;1;0;0;8;
James Nunnally;;10:38;1;4;1;3;0;0;0;2;2;1;0;0;0;1;3;
James Nunnally;;14:32;0;3;0;1;0;0;0;1;1;0;0;0;0;0;0;
James Nunnally;;7:24;0;3;0;1;0;0;0;0;0;0;0;0;0;1;0;
James Nunnally;;17:52;1;5;1;3;0;0;0;3;3;1;1;0;0;2;3;
James Nunnally;;5:13;2;2;2;2;0;0;0;0;0;0;0;0;1;0;6;
James Nunnally;;17:38;1;4;0;2;1;2;0;3;3;1;2;0;0;0;3;
James Nunnally;;8:44;1;1;0;0;1;1;0;0;0;2;0;0;2;3;3;
