╔═══════════════╤═══════════════╗
║Name		│James Johnson	║
╟───────────────┼───────────────╢
║Number		│3		║
╟───────────────┼───────────────╢
║Position	│F		║
╟───────────────┼───────────────╢
║Height		│6-9		║
╟───────────────┼───────────────╢
║Weight		│248		║
╟───────────────┼───────────────╢
║Birth		│FEB 20, 1987	║
╟───────────────┼───────────────╢
║Age		│27		║
╟───────────────┼───────────────╢
║Exp		│4		║
╟───────────────┼───────────────╢
║School		│Wake Forest	║
╚═══════════════╧═══════════════╝
James Johnson;;21:52;3;7;0;2;0;0;2;4;6;1;1;2;4;4;6;
James Johnson;;12:36;1;3;0;0;2;2;2;1;3;2;2;0;2;0;4;
James Johnson;;15:36;0;2;0;0;0;0;0;2;2;3;0;1;0;0;0;
James Johnson;;32:19;7;18;1;6;0;0;2;2;4;5;1;2;3;2;15;
James Johnson;;29:25;4;7;1;2;0;0;0;4;4;2;0;2;3;3;9;
James Johnson;;26:26;3;7;1;3;0;0;1;3;4;3;3;2;1;0;7;
James Johnson;;20:06;2;5;0;2;0;0;1;2;3;3;2;2;0;2;4;
James Johnson;;28:23;7;13;1;3;0;0;2;4;6;5;2;6;0;2;15;
James Johnson;;20:51;3;10;1;3;0;0;2;2;4;4;1;2;2;4;7;
James Johnson;;14:58;1;3;0;1;0;0;0;3;3;1;0;2;2;3;2;
James Johnson;;25:29;5;9;0;1;0;1;2;5;7;5;1;2;3;2;10;
James Johnson;;24:50;5;12;1;3;1;2;2;2;4;8;4;0;2;4;12;
James Johnson;;16:58;1;2;0;1;2;2;3;3;6;1;0;0;3;4;4;
James Johnson;;14:35;1;3;0;1;2;2;0;2;2;1;1;0;2;2;4;
James Johnson;;12:33;1;4;0;2;0;0;2;1;3;2;1;2;1;1;2;
James Johnson;;22:52;7;13;0;0;0;0;4;0;4;2;0;2;2;2;14;
James Johnson;;23:39;4;8;0;2;0;0;2;4;6;4;0;2;3;4;8;
James Johnson;;25:02;6;11;2;4;3;4;0;1;1;1;0;4;1;3;17;
James Johnson;;20:08;4;9;0;1;0;0;2;2;4;3;2;0;2;1;8;
James Johnson;;24:19;4;12;0;2;7;7;1;3;4;1;1;0;1;2;15;
James Johnson;;24:51;3;5;0;1;7;10;1;1;2;1;2;1;1;1;13;
James Johnson;;21:40;1;3;0;1;2;2;2;1;3;2;0;3;1;1;4;
James Johnson;;12:00;0;2;0;0;3;4;1;2;3;0;0;0;2;5;3;
James Johnson;;17:41;6;10;0;1;3;3;1;3;4;3;0;1;0;2;15;
James Johnson;;10:18;1;2;0;1;4;4;0;2;2;0;0;0;3;3;6;
James Johnson;;21:49;4;8;0;1;6;8;1;3;4;3;1;1;2;3;14;
James Johnson;;22:02;4;8;1;2;2;2;0;1;1;3;2;0;0;1;11;
James Johnson;;6:33;1;3;0;2;0;0;0;0;0;1;1;0;0;0;2;
James Johnson;;13:31;3;7;2;3;4;4;1;0;1;1;0;0;1;0;12;
James Johnson;;5:13;0;0;0;0;0;0;0;1;1;0;0;0;1;1;0;
James Johnson;;13:08;2;3;0;1;0;0;0;2;2;1;1;2;0;0;4;
James Johnson;;0:51;0;0;0;0;0;0;0;0;0;0;0;0;0;0;0;
James Johnson;;15:04;2;4;1;3;2;2;0;1;1;2;1;0;1;3;7;
James Johnson;;10:09;2;3;0;1;1;2;1;0;1;1;0;0;0;2;5;
James Johnson;;1:51;0;0;0;0;0;0;0;0;0;1;0;1;0;0;0;
James Johnson;;25:26;2;7;0;2;0;0;2;1;3;5;0;2;3;0;4;
James Johnson;;18:22;1;4;0;1;0;0;1;1;2;1;0;0;2;4;2;
James Johnson;;9:45;1;2;0;0;0;0;0;0;0;1;0;0;1;0;2;
James Johnson;;12:06;3;5;1;3;1;2;1;2;3;2;1;0;0;2;8;
James Johnson;;14:40;3;4;0;0;2;2;0;1;1;2;0;0;0;2;8;
James Johnson;;1:30;0;0;0;0;0;0;0;0;0;0;0;0;0;0;0;
James Johnson;;32:15;7;11;2;4;4;4;2;3;5;3;0;0;1;5;20;
James Johnson;F;24:17;1;5;0;2;3;4;1;3;4;3;1;3;2;2;5;
James Johnson;F;25:12;4;8;0;1;2;2;2;4;6;2;0;1;2;1;10;
James Johnson;;0:54;0;0;0;0;0;0;0;0;0;0;0;0;0;0;0;
James Johnson;;4:16;0;1;0;1;2;2;0;0;0;0;0;0;0;0;2;
James Johnson;;20:20;3;5;3;3;2;2;0;2;2;2;1;0;1;1;11;
James Johnson;F;29:60;2;2;1;1;0;0;2;6;8;3;2;0;2;4;5;
James Johnson;F;33:13;4;10;1;5;0;0;3;2;5;2;1;4;1;1;9;
James Johnson;;27:45;5;8;1;4;1;2;2;3;5;0;3;1;1;5;12;
James Johnson;;22:30;5;7;1;2;3;3;3;4;7;6;1;1;0;2;14;
James Johnson;;24:11;4;13;0;2;5;6;3;7;10;3;2;3;1;6;13;
