╔═══════════════╤═══════════════╗
║Name		│James Harden	║
╟───────────────┼───────────────╢
║Number		│13		║
╟───────────────┼───────────────╢
║Position	│G		║
╟───────────────┼───────────────╢
║Height		│6-5		║
╟───────────────┼───────────────╢
║Weight		│220		║
╟───────────────┼───────────────╢
║Birth		│AUG 26, 1989	║
╟───────────────┼───────────────╢
║Age		│24		║
╟───────────────┼───────────────╢
║Exp		│4		║
╟───────────────┼───────────────╢
║School		│Arizona State	║
╚═══════════════╧═══════════════╝
James Harden;G;44:28;10;19;5;10;12;12;2;5;7;6;0;0;5;2;37;
James Harden;G;38:20;14;23;2;7;8;11;1;3;4;4;5;0;1;2;38;
James Harden;G;38:06;6;14;2;3;11;14;0;7;7;7;0;0;5;1;25;
James Harden;G;38:05;7;14;3;5;8;9;0;8;8;5;1;0;5;2;25;
James Harden;G;38:23;6;18;2;6;2;2;1;6;7;3;0;3;3;2;16;
James Harden;G;40:48;7;14;2;3;10;11;0;2;2;7;2;1;4;3;26;
James Harden;G;39:54;6;16;2;8;2;3;0;7;7;8;0;0;3;2;16;
James Harden;G;37:03;7;16;1;6;7;10;1;3;4;4;5;0;4;3;22;
James Harden;G;41:25;7;15;4;9;4;5;2;4;6;5;1;0;5;3;22;
James Harden;G;33:03;7;16;0;5;10;10;0;2;2;9;2;2;3;2;24;
James Harden;G;39:46;2;11;1;4;5;6;0;2;2;13;1;0;1;2;10;
James Harden;G;34:06;6;13;0;4;4;4;2;2;4;3;0;1;3;0;16;
James Harden;G;36:38;10;17;3;8;5;6;1;2;3;4;0;0;3;2;28;
James Harden;G;38:15;4;10;3;5;12;12;0;2;2;1;2;0;1;2;23;
James Harden;G;39:06;9;21;1;9;3;4;0;2;2;3;4;0;5;1;22;
James Harden;G;32:08;4;14;3;6;8;8;0;5;5;5;1;0;4;0;19;
James Harden;G;40:33;8;14;3;6;16;16;1;5;6;6;1;0;4;3;35;
James Harden;G;32:05;10;18;5;7;4;6;1;5;6;11;4;1;1;3;29;
James Harden;G;45:26;14;27;3;8;8;10;2;2;4;5;1;0;2;4;39;
James Harden;G;41:39;6;15;2;7;9;9;1;4;5;7;3;0;4;5;23;
James Harden;G;31:10;11;20;6;9;15;16;0;2;2;8;3;0;5;2;43;
James Harden;G;42:42;6;16;1;6;5;7;2;4;6;3;0;0;6;2;18;
James Harden;G;39:43;7;16;1;6;5;8;1;4;5;12;3;0;4;0;20;
James Harden;G;39:40;9;15;1;5;2;5;0;4;4;11;1;0;6;3;21;
James Harden;G;36:05;11;19;2;7;7;7;1;2;3;6;0;0;3;2;31;
James Harden;G;30:31;10;17;4;7;4;6;0;4;4;4;3;0;2;2;28;
James Harden;G;47:12;12;28;7;12;10;11;2;8;10;6;6;1;4;5;41;
James Harden;G;43:42;9;21;3;7;7;7;0;8;8;9;1;1;3;1;28;
James Harden;G;26:36;2;7;1;5;3;4;0;2;2;2;0;1;5;3;8;
James Harden;G;43:11;7;16;5;12;11;12;0;3;3;1;1;0;4;3;30;
James Harden;G;26:38;5;10;2;4;3;3;0;1;1;5;0;0;1;3;15;
James Harden;G;36:20;9;16;6;10;4;4;1;4;5;8;1;0;7;1;28;
James Harden;G;29:28;9;15;5;8;14;14;0;3;3;10;4;1;1;1;37;
James Harden;G;39:07;11;19;4;7;5;7;0;3;3;5;1;1;3;4;31;
James Harden;G;31:29;9;17;3;8;5;6;4;6;10;10;1;0;5;0;26;
James Harden;G;41:31;9;22;3;11;11;13;2;5;7;6;1;0;6;3;32;
James Harden;G;36:06;4;10;2;6;16;16;1;0;1;9;2;0;4;2;26;
James Harden;G;39:37;7;17;2;6;10;12;0;6;6;4;2;0;1;4;26;
James Harden;G;43:02;9;22;4;8;17;20;0;9;9;7;2;0;5;2;39;
James Harden;G;43:13;9;23;3;10;11;12;0;4;4;10;4;0;5;3;32;
James Harden;G;31:46;10;15;3;6;10;11;1;2;3;12;0;1;1;3;33;
James Harden;G;25:46;1;9;0;4;8;8;0;4;4;6;1;0;1;0;10;
James Harden;G;46:09;7;14;4;5;15;19;1;7;8;10;6;0;5;5;33;
James Harden;G;43:23;10;22;3;8;10;10;1;3;4;13;2;0;4;2;33;
James Harden;G;35:11;4;16;0;4;8;8;0;2;2;7;1;0;1;4;16;
James Harden;G;36:51;7;16;1;6;6;6;1;2;3;5;1;0;5;1;21;
James Harden;G;39:07;11;17;4;8;8;9;1;3;4;3;4;0;4;2;34;
James Harden;G;43:01;7;15;2;6;7;10;1;3;4;5;3;1;5;4;23;
James Harden;G;32:48;6;16;0;7;3;5;1;1;2;5;0;0;2;2;15;
James Harden;G;39:34;11;18;2;7;9;10;0;7;7;3;1;2;8;5;33;
James Harden;G;43:54;9;24;3;9;14;16;3;6;9;5;4;2;3;0;35;
James Harden;G;37:35;4;15;1;6;3;3;1;4;5;5;2;1;3;2;12;
James Harden;G;42:43;5;15;2;7;6;7;0;3;3;10;3;1;6;4;18;
James Harden;G;41:40;9;17;2;6;16;18;2;7;9;2;1;0;5;3;36;
James Harden;G;35:41;5;16;2;6;5;5;2;3;5;9;1;1;3;5;17;
James Harden;G;31:24;5;8;3;3;2;2;0;4;4;5;1;1;7;2;15;
James Harden;G;42:34;6;14;2;8;9;11;0;1;1;8;0;0;1;4;23;
James Harden;G;25:53;1;4;0;1;7;7;1;0;1;7;1;0;1;1;9;
James Harden;G;37:19;10;19;3;5;8;13;1;6;7;6;1;1;3;1;31;
James Harden;G;43:07;12;22;3;9;10;10;1;2;3;8;1;0;4;5;37;
James Harden;G;41:08;3;17;0;10;8;8;0;4;4;2;1;0;5;4;14;
James Harden;G;39:38;13;22;1;3;7;9;0;7;7;4;1;1;4;2;34;
James Harden;G;39:41;7;17;3;7;10;11;4;4;8;10;0;0;3;1;27;
James Harden;G;41:54;8;18;2;5;7;9;0;6;6;7;1;0;3;2;25;
James Harden;G;42:16;9;22;3;8;5;8;1;1;2;9;0;0;3;1;26;
James Harden;G;33:05;8;18;3;9;6;7;1;2;3;3;1;0;3;3;25;
James Harden;G;35:39;7;13;1;4;4;4;0;4;4;6;3;0;7;3;19;
James Harden;G;32:32;3;14;1;5;5;6;0;3;3;2;3;0;5;3;12;
James Harden;G;41:54;11;16;3;3;3;6;1;5;6;6;0;2;2;3;28;
James Harden;G;43:51;2;9;1;5;22;25;1;5;6;5;0;1;2;2;27;
James Harden;G;40:20;7;17;1;7;6;7;1;4;5;2;0;0;3;2;21;
James Harden;G;30:03;2;9;0;3;4;5;2;1;3;3;0;1;2;1;8;
James Harden;G;38:42;12;26;5;11;9;10;3;7;10;1;2;0;5;5;38;
