╔═══════════════╤═══════════════╗
║Name		│James Jones	║
╟───────────────┼───────────────╢
║Number		│22		║
╟───────────────┼───────────────╢
║Position	│F-G		║
╟───────────────┼───────────────╢
║Height		│6-8		║
╟───────────────┼───────────────╢
║Weight		│215		║
╟───────────────┼───────────────╢
║Birth		│OCT 04, 1980	║
╟───────────────┼───────────────╢
║Age		│33		║
╟───────────────┼───────────────╢
║Exp		│10		║
╟───────────────┼───────────────╢
║School		│Miami		║
╚═══════════════╧═══════════════╝
James Jones;;3:10;1;2;1;1;0;0;0;0;0;0;0;0;0;0;3;
James Jones;;2:20;2;2;2;2;0;0;0;0;0;0;0;0;0;0;6;
James Jones;;2:20;0;1;0;1;0;0;0;0;0;0;0;1;0;0;0;
James Jones;G;27:16;3;8;3;6;1;2;0;1;1;3;0;1;0;1;10;
James Jones;G;26:43;4;6;2;3;0;0;2;0;2;1;0;1;0;0;10;
James Jones;;24:42;2;5;2;4;2;2;0;4;4;0;0;0;2;1;8;
James Jones;;25:01;3;6;3;5;0;0;0;2;2;0;1;0;0;1;9;
James Jones;;9:58;1;2;1;2;0;0;0;2;2;0;0;0;0;0;3;
James Jones;;0:33;0;0;0;0;0;0;0;0;0;0;0;0;0;0;0;
James Jones;;17:11;4;7;3;6;0;0;0;3;3;0;1;0;0;2;11;
James Jones;F;33:55;3;8;3;8;0;0;0;4;4;0;0;0;1;1;9;
James Jones;;3:36;1;2;1;2;0;0;0;0;0;0;0;0;0;0;3;
James Jones;G;15:58;2;5;2;3;1;2;0;2;2;2;0;1;0;0;7;
James Jones;G;19:60;5;8;5;7;2;3;0;1;1;1;1;0;1;0;17;
James Jones;;1:19;0;0;0;0;0;0;0;0;0;0;0;0;0;0;0;
James Jones;G;11:10;0;4;0;3;0;0;0;0;0;1;0;0;0;0;0;
James Jones;;3:41;0;1;0;1;0;0;0;1;1;0;0;0;0;0;0;
James Jones;;2:45;0;1;0;0;0;0;0;1;1;0;0;0;0;0;0;
James Jones;;2:22;0;0;0;0;0;0;0;0;0;0;0;0;0;0;0;
James Jones;;1:42;0;0;0;0;1;2;0;0;0;0;0;0;0;0;1;
