╔═══════════════╤═══════════════════════╗
║Name		│Jameer Nelson		║
╟───────────────┼───────────────────────╢
║Number		│14			║
╟───────────────┼───────────────────────╢
║Position	│G			║
╟───────────────┼───────────────────────╢
║Height		│6-0			║
╟───────────────┼───────────────────────╢
║Weight		│190			║
╟───────────────┼───────────────────────╢
║Birth		│FEB 09, 1982		║
╟───────────────┼───────────────────────╢
║Age		│32			║
╟───────────────┼───────────────────────╢
║Exp		│9			║
╟───────────────┼───────────────────────╢
║School		│St. Joseph's, PA	║
╚═══════════════╧═══════════════════════╝
Jameer Nelson;G;43:04;5;9;4;8;0;0;0;6;6;9;0;0;2;3;14;
Jameer Nelson;G;39:19;7;11;5;8;2;2;1;4;5;6;0;0;2;5;21;
Jameer Nelson;G;25:43;1;9;1;5;0;0;1;2;3;4;0;0;2;1;3;
Jameer Nelson;G;39:58;6;18;3;9;2;2;1;4;5;10;1;0;1;1;17;
Jameer Nelson;G;31:52;2;11;2;7;0;0;1;3;4;8;0;0;3;4;6;
Jameer Nelson;G;26:00;4;9;2;6;0;0;0;4;4;7;1;0;4;2;10;
Jameer Nelson;G;38:59;7;14;4;8;3;4;1;1;2;7;1;0;3;1;21;
Jameer Nelson;G;44:12;12;25;2;9;2;2;0;6;6;9;1;0;2;3;28;
Jameer Nelson;G;34:21;7;16;3;7;1;1;0;0;0;8;1;0;0;2;18;
Jameer Nelson;G;39:43;3;10;1;5;9;10;0;5;5;10;0;0;7;1;16;
Jameer Nelson;G;28:17;2;6;1;2;4;4;1;1;2;10;0;0;2;2;9;
Jameer Nelson;G;29:38;6;11;0;2;5;5;0;1;1;7;1;0;4;1;17;
Jameer Nelson;G;31:19;7;11;4;6;4;4;1;3;4;6;1;0;2;3;22;
Jameer Nelson;G;36:47;6;14;2;6;1;1;0;3;3;8;0;0;2;2;15;
Jameer Nelson;G;25:10;3;9;3;6;2;3;0;2;2;7;2;0;3;3;11;
Jameer Nelson;G;38:46;5;15;3;6;0;0;0;2;2;4;1;0;0;2;13;
Jameer Nelson;G;12:00;1;2;0;1;0;0;0;1;1;3;0;0;0;1;2;
Jameer Nelson;G;29:21;2;6;1;2;2;2;0;4;4;11;0;0;1;1;7;
Jameer Nelson;G;28:02;3;8;3;7;0;0;0;0;0;5;0;0;3;1;9;
Jameer Nelson;G;23:54;3;4;2;3;0;0;0;3;3;2;0;0;2;1;8;
Jameer Nelson;G;30:04;3;10;2;6;0;0;1;4;5;7;1;0;4;0;8;
Jameer Nelson;G;30:09;4;12;1;6;0;0;0;2;2;13;1;1;0;3;9;
Jameer Nelson;G;31:16;2;11;1;5;0;0;0;4;4;9;2;1;1;4;5;
Jameer Nelson;G;24:26;1;8;0;3;1;2;0;3;3;4;1;0;2;1;3;
Jameer Nelson;G;32:20;4;9;0;3;1;2;0;1;1;8;0;0;2;2;9;
Jameer Nelson;G;33:06;2;8;1;5;2;2;1;3;4;8;1;0;6;2;7;
Jameer Nelson;G;41:50;7;16;2;6;0;0;0;6;6;12;1;0;0;1;16;
Jameer Nelson;G;30:54;1;8;1;6;0;0;0;1;1;11;1;0;2;1;3;
Jameer Nelson;G;29:29;3;10;1;6;2;2;0;1;1;5;0;0;2;2;9;
Jameer Nelson;G;29:13;5;9;3;5;0;0;1;2;3;7;1;0;2;2;13;
Jameer Nelson;G;32:10;7;12;4;8;1;1;0;3;3;9;0;0;2;4;19;
Jameer Nelson;G;32:07;5;16;1;8;2;3;1;5;6;8;1;0;1;3;13;
Jameer Nelson;G;23:17;2;7;0;2;0;0;1;3;4;7;1;0;3;2;4;
Jameer Nelson;G;32:18;4;9;3;6;0;0;0;4;4;8;0;0;4;1;11;
Jameer Nelson;G;27:28;6;11;2;5;2;2;2;0;2;5;0;0;3;1;16;
Jameer Nelson;G;22:55;3;8;1;4;2;3;0;2;2;4;0;0;1;1;9;
Jameer Nelson;G;21:27;5;11;1;3;0;0;1;1;2;7;0;0;1;1;11;
Jameer Nelson;G;28:54;1;6;0;2;0;0;0;1;1;12;2;0;6;3;2;
Jameer Nelson;G;28:42;4;9;2;6;4;4;1;4;5;7;1;0;4;2;14;
Jameer Nelson;G;33:58;5;16;0;5;2;4;2;5;7;11;2;0;4;4;12;
Jameer Nelson;G;30:34;4;13;3;7;1;1;1;4;5;7;2;0;2;1;12;
Jameer Nelson;G;40:60;7;17;3;11;1;2;0;4;4;8;2;0;4;6;18;
Jameer Nelson;G;23:45;3;8;2;5;2;2;0;4;4;5;0;0;1;4;10;
Jameer Nelson;G;32:22;5;15;1;5;0;0;0;3;3;5;1;0;2;2;11;
Jameer Nelson;G;35:59;5;8;1;3;0;0;1;3;4;8;0;0;5;0;11;
Jameer Nelson;G;36:01;4;15;2;9;2;2;0;3;3;7;1;0;7;3;12;
Jameer Nelson;G;31:29;4;9;3;6;2;2;0;3;3;6;0;0;4;1;13;
Jameer Nelson;G;24:11;3;10;2;5;2;2;2;3;5;5;0;0;1;1;10;
Jameer Nelson;G;30:30;3;11;0;4;2;2;0;2;2;5;0;1;1;3;8;
Jameer Nelson;G;22:55;6;11;3;6;0;0;0;4;4;2;0;0;1;1;15;
Jameer Nelson;G;34:53;5;13;4;9;3;4;2;3;5;5;0;0;5;2;17;
Jameer Nelson;G;37:40;4;10;2;6;2;2;0;3;3;6;2;0;5;0;12;
Jameer Nelson;G;38:46;6;13;1;4;2;2;1;2;3;9;0;0;1;2;15;
Jameer Nelson;G;30:26;3;11;1;7;1;2;0;3;3;10;0;0;4;3;8;
Jameer Nelson;G;11:50;1;5;1;3;0;0;0;1;1;4;1;0;0;0;3;
Jameer Nelson;G;30:15;4;8;3;6;2;2;0;2;2;9;3;0;0;2;13;
Jameer Nelson;G;39:27;5;12;4;6;1;3;1;1;2;4;3;1;2;4;15;
Jameer Nelson;G;43:50;6;14;2;8;5;5;0;4;4;5;1;0;2;4;19;
Jameer Nelson;G;40:35;6;16;3;7;2;2;1;6;7;6;1;1;3;1;17;
Jameer Nelson;G;39:31;7;15;3;8;0;0;0;3;3;5;2;0;2;4;17;
Jameer Nelson;G;34:53;4;11;4;7;1;2;0;1;1;8;1;0;3;1;13;
Jameer Nelson;G;38:46;6;13;2;4;0;0;0;5;5;7;1;0;4;2;14;
Jameer Nelson;G;33:12;5;12;3;7;4;4;1;4;5;4;0;0;4;4;17;
Jameer Nelson;G;29:20;5;9;2;4;1;2;0;3;3;3;1;0;1;2;13;
Jameer Nelson;G;41:53;6;14;3;10;2;2;1;7;8;10;1;0;2;5;17;
Jameer Nelson;G;24:00;3;7;0;4;0;0;0;6;6;5;1;0;2;2;6;
Jameer Nelson;G;36:22;3;7;2;6;2;2;0;3;3;8;0;0;1;1;10;
Jameer Nelson;G;32:10;4;11;3;7;0;0;0;2;2;6;2;0;2;4;11;
