╔═══════════════╤═══════════════════════╗
║Name		│Jan Vesely		║
╟───────────────┼───────────────────────╢
║Number		│24			║
╟───────────────┼───────────────────────╢
║Position	│F			║
╟───────────────┼───────────────────────╢
║Height		│7-0			║
╟───────────────┼───────────────────────╢
║Weight		│242			║
╟───────────────┼───────────────────────╢
║Birth		│APR 24, 1990		║
╟───────────────┼───────────────────────╢
║Age		│24			║
╟───────────────┼───────────────────────╢
║Exp		│2			║
╟───────────────┼───────────────────────╢
║School		│Ostrava, Czech Republic║
╚═══════════════╧═══════════════════════╝
Jan Vesely;;8:58;2;3;0;0;0;0;0;0;0;0;1;0;0;0;4;
Jan Vesely;;15:33;4;7;0;0;0;0;2;4;6;2;1;3;2;0;8;
Jan Vesely;;20:49;3;4;0;0;0;1;2;4;6;0;3;3;0;2;6;
Jan Vesely;;22:31;6;8;0;0;0;2;5;2;7;0;0;1;1;3;12;
Jan Vesely;;15:18;0;0;0;0;0;0;1;2;3;0;1;0;0;2;0;
Jan Vesely;;6:45;1;2;0;0;0;0;2;1;3;0;0;0;0;1;2;
Jan Vesely;;15:18;3;5;0;0;1;4;2;0;2;1;0;0;0;5;7;
Jan Vesely;;19:12;3;5;0;0;0;0;0;4;4;0;0;1;0;0;6;
Jan Vesely;;6:23;0;2;0;0;0;0;0;1;1;1;1;0;0;0;0;
Jan Vesely;;6:04;0;2;0;0;1;2;0;0;0;0;0;1;0;1;1;
Jan Vesely;;3:49;0;0;0;0;0;0;0;0;0;0;0;1;0;1;0;
Jan Vesely;;5:36;1;3;0;0;0;0;4;0;4;0;0;0;0;0;2;
Jan Vesely;;0:30;0;0;0;0;0;0;1;0;1;0;0;0;0;0;0;
Jan Vesely;;15:49;2;7;0;0;1;4;3;2;5;1;2;1;0;3;5;
Jan Vesely;;15:40;3;5;0;0;0;0;2;2;4;0;3;2;0;3;6;
Jan Vesely;;11:59;2;6;0;0;1;4;0;3;3;0;2;1;1;3;5;
Jan Vesely;;11:27;0;3;0;0;1;2;1;1;2;1;0;0;2;0;1;
Jan Vesely;;4:27;1;1;0;0;0;0;1;1;2;0;0;1;0;1;2;
Jan Vesely;;8:52;0;2;0;0;0;0;0;0;0;0;1;0;0;3;0;
Jan Vesely;;7:31;2;2;0;0;0;0;0;1;1;0;1;1;0;1;4;
Jan Vesely;;12:47;2;4;0;0;1;3;1;4;5;0;1;0;0;3;5;
Jan Vesely;;12:29;0;0;0;0;0;0;0;4;4;0;1;0;0;0;0;
Jan Vesely;;3:20;0;1;0;0;0;0;0;1;1;0;0;0;0;2;0;
Jan Vesely;;15:17;5;9;0;0;0;0;2;2;4;0;3;0;2;2;10;
Jan Vesely;;22:48;2;4;0;0;1;4;1;5;6;0;0;3;0;3;5;
Jan Vesely;;16:26;3;4;0;0;2;4;1;2;3;0;1;1;1;6;8;
Jan Vesely;;21:22;5;6;0;0;0;0;1;4;5;2;2;2;0;4;10;
Jan Vesely;;20:37;1;5;0;0;0;0;3;4;7;2;1;0;2;3;2;
Jan Vesely;;19:04;2;4;0;0;1;1;1;4;5;1;0;1;0;1;5;
Jan Vesely;;22:51;3;5;0;0;0;0;4;2;6;3;3;0;0;3;6;
Jan Vesely;;13:04;2;2;0;0;2;2;2;1;3;0;1;1;0;6;6;
Jan Vesely;;16:45;0;2;0;0;0;0;3;3;6;0;1;1;3;5;0;
Jan Vesely;;20:13;4;7;0;0;1;2;2;1;3;1;3;1;0;2;9;
Jan Vesely;;13:38;2;2;0;0;0;0;0;3;3;0;1;0;3;3;4;
Jan Vesely;;1:19;0;0;0;0;0;0;0;0;0;0;0;0;0;0;0;
Jan Vesely;;21:40;1;4;0;0;0;0;3;3;6;0;1;0;0;1;2;
Jan Vesely;;22:51;2;3;0;0;0;2;2;5;7;1;3;0;0;3;4;
Jan Vesely;;19:19;4;4;0;0;0;0;3;3;6;0;2;1;2;4;8;
Jan Vesely;;21:47;2;3;0;0;0;0;4;4;8;0;0;2;3;3;4;
Jan Vesely;;10:44;0;3;0;0;0;0;3;1;4;0;0;0;1;0;0;
Jan Vesely;;23:16;1;2;0;0;0;0;2;3;5;0;0;0;0;3;2;
Jan Vesely;;18:13;1;3;0;0;0;0;3;4;7;1;1;1;2;2;2;
Jan Vesely;;22:35;1;3;0;0;2;2;1;4;5;0;3;0;2;2;4;
Jan Vesely;F;20:29;0;0;0;0;0;0;2;0;2;0;1;2;0;0;0;
Jan Vesely;;15:04;1;3;0;0;2;2;1;0;1;0;1;0;0;3;4;
Jan Vesely;;18:55;0;3;0;0;2;6;3;2;5;0;1;1;1;5;2;
Jan Vesely;;16:13;1;2;0;0;0;0;0;2;2;1;0;1;1;5;2;
Jan Vesely;;20:13;1;2;0;0;0;2;2;1;3;1;2;0;1;2;2;
Jan Vesely;;17:56;4;9;0;0;0;2;4;1;5;1;1;1;0;1;8;
Jan Vesely;;12:25;2;3;0;0;0;2;0;3;3;0;2;0;3;1;4;
Jan Vesely;;16:19;1;1;0;0;0;1;0;3;3;1;1;0;2;4;2;
Jan Vesely;;9:10;1;1;0;0;0;0;0;1;1;0;0;0;0;2;2;
Jan Vesely;;8:16;2;2;0;0;0;2;1;1;2;0;0;0;1;6;4;
Jan Vesely;;6:28;0;0;0;0;0;0;0;1;1;0;0;0;0;2;0;
