╔═══════════════╤═══════════════╗
║Name		│Jannero Pargo	║
╟───────────────┼───────────────╢
║Number		│5		║
╟───────────────┼───────────────╢
║Position	│G		║
╟───────────────┼───────────────╢
║Height		│6-1		║
╟───────────────┼───────────────╢
║Weight		│185		║
╟───────────────┼───────────────╢
║Birth		│OCT 22, 1979	║
╟───────────────┼───────────────╢
║Age		│34		║
╟───────────────┼───────────────╢
║Exp		│9		║
╟───────────────┼───────────────╢
║School		│Arkansas	║
╚═══════════════╧═══════════════╝
Jannero Pargo;;2:43;0;0;0;0;0;0;0;0;0;0;0;0;1;0;0;
Jannero Pargo;;6:58;2;5;2;5;2;2;0;1;1;1;0;0;0;1;8;
Jannero Pargo;;5:37;0;0;0;0;0;0;0;0;0;2;2;0;0;1;0;
Jannero Pargo;;0:50;0;0;0;0;0;0;0;0;0;0;0;0;0;0;0;
Jannero Pargo;;0:49;0;0;0;0;0;0;0;0;0;0;0;0;0;0;0;
Jannero Pargo;;14:08;4;7;3;4;0;0;0;2;2;4;1;0;1;0;11;
Jannero Pargo;;11:59;5;8;1;3;0;0;0;1;1;2;1;0;1;1;11;
Jannero Pargo;;31:58;4;11;3;8;0;0;0;1;1;8;0;0;3;1;11;
Jannero Pargo;;14:44;5;8;3;4;2;2;0;0;0;2;0;0;3;1;15;
Jannero Pargo;;12:02;2;5;1;3;0;0;0;1;1;1;1;0;1;1;5;
Jannero Pargo;;13:43;4;6;1;1;0;0;0;2;2;2;1;0;1;2;9;
Jannero Pargo;;21:36;5;12;1;6;1;2;0;1;1;6;1;0;3;2;12;
Jannero Pargo;;0:10;0;0;0;0;0;0;0;0;0;0;0;0;0;0;0;
Jannero Pargo;;4:19;1;1;1;1;0;0;0;1;1;1;0;0;0;0;3;
Jannero Pargo;;6:59;2;7;1;4;0;0;0;1;1;2;1;0;0;1;5;
Jannero Pargo;;3:00;1;2;0;0;2;2;0;0;0;0;0;0;0;0;4;
Jannero Pargo;;11:41;1;4;0;1;0;0;0;1;1;3;1;1;1;0;2;
Jannero Pargo;;6:02;1;3;0;2;0;0;0;0;0;1;1;0;0;0;2;
Jannero Pargo;;2:56;0;1;0;0;0;0;0;0;0;1;0;0;2;0;0;
Jannero Pargo;;1:29;0;0;0;0;0;0;0;0;0;1;0;0;0;0;0;
Jannero Pargo;;4:27;2;3;1;1;0;0;0;0;0;2;0;0;1;0;5;
Jannero Pargo;;4:04;3;5;2;3;0;0;0;1;1;1;0;0;0;0;8;
Jannero Pargo;;7:42;2;5;1;3;0;0;1;0;1;5;0;0;0;1;5;
Jannero Pargo;;16:52;2;10;0;4;0;0;0;2;2;4;3;0;2;1;4;
Jannero Pargo;;17:17;2;5;2;3;0;0;0;4;4;2;0;0;1;2;6;
Jannero Pargo;;4:42;1;4;0;3;0;0;0;0;0;0;1;0;1;1;2;
Jannero Pargo;;5:21;1;2;0;0;0;0;0;0;0;0;0;0;3;1;2;
Jannero Pargo;;4:52;2;3;1;1;0;0;0;0;0;1;0;0;0;0;5;
Jannero Pargo;;2:46;0;1;0;0;1;3;0;0;0;0;0;0;1;0;1;
