╔═══════════════╤═══════════════╗
║Name		│Jared Dudley	║
╟───────────────┼───────────────╢
║Number		│9		║
╟───────────────┼───────────────╢
║Position	│F		║
╟───────────────┼───────────────╢
║Height		│6-7		║
╟───────────────┼───────────────╢
║Weight		│225		║
╟───────────────┼───────────────╢
║Birth		│JUL 10, 1985	║
╟───────────────┼───────────────╢
║Age		│28		║
╟───────────────┼───────────────╢
║Exp		│6		║
╟───────────────┼───────────────╢
║School		│Boston College	║
╚═══════════════╧═══════════════╝
Jared Dudley;F;32:40;7;10;6;9;0;0;0;1;1;5;0;0;1;2;20;
Jared Dudley;F;36:26;3;9;1;3;0;2;1;3;4;3;0;0;0;1;7;
Jared Dudley;F;23:23;3;6;0;2;0;0;0;2;2;1;0;0;0;0;6;
Jared Dudley;F;26:21;3;9;2;6;0;0;1;2;3;2;0;0;2;1;8;
Jared Dudley;F;32:08;7;11;4;6;0;2;0;2;2;3;4;2;1;1;18;
Jared Dudley;F;23:51;2;4;1;2;0;0;0;2;2;2;2;0;1;3;5;
Jared Dudley;F;29:47;4;9;2;5;0;0;2;2;4;0;1;1;0;2;10;
Jared Dudley;F;18:55;1;4;1;3;0;0;1;1;2;0;0;0;3;5;3;
Jared Dudley;F;23:24;2;3;2;2;0;0;0;1;1;1;0;0;0;2;6;
Jared Dudley;;18:03;3;3;1;1;0;0;1;0;1;2;1;0;1;1;7;
Jared Dudley;;29:48;2;8;1;5;0;0;1;5;6;2;0;1;0;2;5;
Jared Dudley;;18:35;0;3;0;1;0;0;0;1;1;1;0;0;0;3;0;
Jared Dudley;;17:30;2;2;0;0;0;0;0;3;3;0;0;0;0;2;4;
Jared Dudley;;13:47;2;5;0;1;0;0;0;1;1;2;0;0;0;0;4;
Jared Dudley;;16:25;2;2;1;1;0;0;0;0;0;1;0;0;0;1;5;
Jared Dudley;;18:39;2;5;0;2;0;0;1;1;2;0;0;0;0;0;4;
Jared Dudley;;19:26;1;4;0;3;0;0;0;2;2;0;0;0;2;1;2;
Jared Dudley;;16:11;2;5;1;4;0;0;0;2;2;3;1;0;1;1;5;
Jared Dudley;;17:39;1;5;0;3;1;2;1;4;5;1;0;0;0;3;3;
Jared Dudley;;20:53;2;5;0;1;1;2;2;3;5;1;0;0;1;3;5;
Jared Dudley;;15:03;3;7;2;5;0;0;0;0;0;1;1;0;0;2;8;
Jared Dudley;;14:49;2;3;1;2;0;0;0;2;2;1;2;0;1;1;5;
Jared Dudley;;18:09;2;7;1;5;0;0;0;1;1;0;0;0;0;1;5;
Jared Dudley;;17:25;1;3;0;1;1;2;0;1;1;0;1;0;1;0;3;
Jared Dudley;;11:54;1;2;0;0;0;2;1;2;3;0;0;0;0;1;2;
Jared Dudley;;17:27;2;5;1;1;0;0;1;1;2;4;0;0;0;1;5;
Jared Dudley;;17:51;3;6;3;5;0;0;1;3;4;2;1;0;1;0;9;
Jared Dudley;;23:52;1;5;0;3;0;2;1;3;4;3;1;0;0;0;2;
Jared Dudley;;11:26;2;3;0;1;0;0;0;2;2;2;0;0;0;1;4;
Jared Dudley;;0:15;0;0;0;0;0;0;0;0;0;0;0;0;0;0;0;
Jared Dudley;;5:23;2;3;1;1;0;0;0;1;1;0;0;0;0;1;5;
Jared Dudley;;10:29;1;2;1;1;0;0;0;0;0;1;1;0;2;2;3;
Jared Dudley;;13:42;2;4;0;1;0;0;2;0;2;1;0;1;1;1;4;
Jared Dudley;F;35:29;6;10;2;3;2;2;0;4;4;3;0;0;1;4;16;
Jared Dudley;;24:00;2;5;2;3;6;6;0;3;3;0;1;1;2;3;12;
Jared Dudley;;10:39;0;4;0;1;0;0;0;0;0;2;0;0;0;1;0;
Jared Dudley;;21:12;1;2;1;1;2;2;0;4;4;2;0;0;1;2;5;
Jared Dudley;;7:03;0;2;0;1;0;0;0;0;0;0;1;0;0;0;0;
Jared Dudley;;5:22;1;2;1;2;0;0;0;2;2;0;0;0;0;1;3;
Jared Dudley;;13:06;1;1;0;0;0;0;0;1;1;1;0;0;0;2;2;
Jared Dudley;;25:30;3;11;0;5;1;2;1;4;5;0;0;0;0;2;7;
Jared Dudley;F;22:43;2;6;1;4;0;0;0;3;3;2;0;0;1;4;5;
Jared Dudley;F;32:57;4;6;2;4;0;0;1;0;1;2;2;0;2;5;10;
Jared Dudley;F;23:41;3;7;2;2;2;2;0;0;0;0;0;0;1;2;10;
Jared Dudley;F;33:51;6;11;3;6;0;0;0;3;3;0;0;0;1;2;15;
Jared Dudley;F;29:45;3;8;1;3;0;0;0;2;2;2;1;0;0;1;7;
Jared Dudley;F;27:54;1;5;0;4;0;0;1;0;1;2;2;0;3;4;2;
Jared Dudley;F;27:34;4;6;1;1;0;1;0;2;2;1;0;0;1;2;9;
Jared Dudley;F;18:09;1;1;0;0;0;0;0;1;1;2;1;0;0;1;2;
Jared Dudley;F;30:54;3;8;1;5;3;4;2;1;3;1;0;0;3;4;10;
Jared Dudley;F;24:34;0;6;0;4;0;0;1;0;1;1;0;0;1;2;0;
Jared Dudley;F;22:52;3;4;0;1;0;0;0;0;0;1;0;0;2;1;6;
Jared Dudley;F;29:02;4;8;1;4;2;2;0;2;2;4;0;1;1;5;11;
Jared Dudley;F;34:27;3;9;1;4;0;0;1;0;1;2;2;0;2;4;7;
Jared Dudley;F;27:31;4;7;3;5;0;2;0;2;2;2;0;1;0;2;11;
Jared Dudley;F;21:34;8;10;4;5;1;1;0;1;1;1;0;0;0;4;21;
Jared Dudley;F;35:11;2;8;1;6;0;0;1;1;2;3;1;0;0;3;5;
Jared Dudley;F;37:16;2;5;1;3;0;2;1;2;3;1;1;0;1;4;5;
Jared Dudley;F;19:14;3;7;1;1;3;3;0;0;0;0;1;0;2;3;10;
Jared Dudley;F;29:23;4;10;1;5;0;0;0;0;0;2;0;0;0;1;9;
Jared Dudley;F;25:32;3;7;1;3;0;0;0;1;1;0;0;0;1;1;7;
Jared Dudley;F;30:17;4;8;0;3;0;0;0;1;1;2;1;0;1;1;8;
Jared Dudley;F;38:36;4;15;1;8;1;1;2;1;3;2;2;0;0;4;10;
Jared Dudley;F;36:57;3;9;1;3;2;2;2;4;6;2;1;1;0;1;9;
Jared Dudley;F;25:56;1;7;1;4;1;2;0;3;3;2;0;0;2;3;4;
Jared Dudley;F;29:30;7;10;2;4;0;0;0;1;1;3;0;0;0;3;16;
Jared Dudley;F;35:07;5;10;4;6;0;0;2;5;7;2;2;0;1;2;14;
Jared Dudley;F;39:14;7;11;4;6;2;2;1;4;5;3;0;0;2;4;20;
Jared Dudley;F;28:28;3;8;3;7;0;0;0;2;2;1;0;0;2;3;9;
Jared Dudley;F;37:56;6;14;1;7;2;3;0;4;4;0;4;0;0;2;15;
Jared Dudley;F;28:39;2;5;0;1;0;0;0;0;0;0;1;1;0;3;4;
Jared Dudley;F;19:35;0;3;0;2;0;0;0;2;2;2;1;0;1;1;0;
Jared Dudley;F;27:22;1;4;0;2;2;2;1;2;3;1;0;0;0;1;4;
Jared Dudley;F;23:21;3;5;0;0;3;3;2;2;4;2;0;0;2;3;9;
