╔═══════════════╤═══════════════════════╗
║Name		│Jared Cunningham	║
╟───────────────┼───────────────────────╢
║Number		│9			║
╟───────────────┼───────────────────────╢
║Position	│G			║
╟───────────────┼───────────────────────╢
║Height		│6-4			║
╟───────────────┼───────────────────────╢
║Weight		│195			║
╟───────────────┼───────────────────────╢
║Birth		│MAY 22, 1991		║
╟───────────────┼───────────────────────╢
║Age		│23			║
╟───────────────┼───────────────────────╢
║Exp		│1			║
╟───────────────┼───────────────────────╢
║School		│Oregon State		║
╚═══════════════╧═══════════════════════╝
Jared Cunningham;;8:33;1;2;0;1;0;0;0;0;0;1;0;0;1;2;2;
Jared Cunningham;;4:58;0;0;0;0;0;2;0;0;0;1;0;0;0;1;0;
Jared Cunningham;;4:13;1;3;0;0;0;0;1;0;1;0;0;0;0;1;2;
Jared Cunningham;;1:57;0;0;0;0;0;0;0;0;0;0;0;0;0;0;0;
Jared Cunningham;;13:04;1;5;0;3;4;4;0;0;0;1;1;0;0;2;6;
Jared Cunningham;;0:25;0;1;0;1;0;0;0;0;0;0;0;0;0;2;0;
Jared Cunningham;;6:23;1;2;0;0;6;6;0;1;1;1;1;0;0;2;8;
Jared Cunningham;;11:33;1;6;0;1;0;0;0;2;2;1;1;0;0;1;2;
Jared Cunningham;;14:11;1;2;1;1;3;4;0;0;0;2;0;0;0;3;6;
Jared Cunningham;;6:29;0;0;0;0;0;0;0;1;1;0;0;0;0;2;0;
Jared Cunningham;;3:49;0;0;0;0;0;0;0;0;0;0;0;0;0;0;0;
Jared Cunningham;;2:51;0;0;0;0;0;0;0;0;0;1;0;0;1;0;0;
Jared Cunningham;;1:44;0;0;0;0;0;0;0;1;1;0;0;0;0;0;0;
