╔═══════════════╤═══════════════╗
║Name		│Jared Sullinger║
╟───────────────┼───────────────╢
║Number		│7		║
╟───────────────┼───────────────╢
║Position	│C-F		║
╟───────────────┼───────────────╢
║Height		│6-9		║
╟───────────────┼───────────────╢
║Weight		│260		║
╟───────────────┼───────────────╢
║Birth		│MAR 04, 1992	║
╟───────────────┼───────────────╢
║Age		│22		║
╟───────────────┼───────────────╢
║Exp		│1		║
╟───────────────┼───────────────╢
║School		│Ohio State	║
╚═══════════════╧═══════════════╝
Jared Sullinger;C;31:13;5;12;0;2;1;1;6;5;11;1;1;0;3;4;11;
Jared Sullinger;C;29:47;3;17;0;4;7;7;9;2;11;2;1;1;3;4;13;
Jared Sullinger;C;19:02;3;11;0;1;3;6;5;3;8;3;0;0;2;6;9;
Jared Sullinger;C;14:23;4;8;0;0;0;0;3;4;7;0;0;0;2;3;8;
Jared Sullinger;;11:46;1;6;0;2;0;0;1;2;3;0;0;0;0;4;2;
Jared Sullinger;;31:36;9;16;2;3;1;2;5;6;11;1;0;1;4;4;21;
Jared Sullinger;;27:36;6;15;2;4;0;0;7;3;10;0;0;0;1;5;14;
Jared Sullinger;F;22:35;3;11;0;3;2;2;6;4;10;1;0;1;1;5;8;
Jared Sullinger;F;38:40;7;14;1;2;10;14;8;12;20;4;2;0;0;5;25;
Jared Sullinger;F;28:36;5;9;1;2;0;0;2;5;7;2;1;0;2;2;11;
Jared Sullinger;F;31:18;3;8;1;2;1;1;3;5;8;0;1;1;0;3;8;
Jared Sullinger;F;28:58;4;14;0;5;4;4;8;3;11;1;2;0;2;3;12;
Jared Sullinger;F;33:30;5;11;1;3;3;4;3;8;11;1;0;1;4;3;14;
Jared Sullinger;F;24:07;3;10;0;4;0;0;2;2;4;3;0;0;1;1;6;
Jared Sullinger;C;23:07;1;7;0;0;0;0;4;1;5;0;0;3;1;3;2;
Jared Sullinger;C;19:08;3;5;0;1;2;4;3;0;3;2;0;0;0;4;8;
Jared Sullinger;C;35:09;9;25;0;2;6;6;8;9;17;2;1;0;3;5;24;
Jared Sullinger;C;38:30;10;15;1;3;0;0;3;9;12;1;0;1;2;3;21;
Jared Sullinger;C;34:59;6;11;2;3;5;7;3;7;10;5;1;4;2;3;19;
Jared Sullinger;C;33:20;14;24;1;3;2;2;4;12;16;0;1;1;2;2;31;
Jared Sullinger;C;35:45;4;13;0;4;3;3;3;9;12;2;0;0;2;2;11;
Jared Sullinger;C;33:21;6;13;0;2;1;2;3;7;10;2;1;4;2;3;13;
Jared Sullinger;C;18:31;2;9;0;2;0;0;5;2;7;0;0;0;2;1;4;
Jared Sullinger;C;26:22;5;13;1;3;0;1;4;4;8;1;0;2;1;4;11;
Jared Sullinger;C;29:33;6;16;0;3;0;0;9;3;12;1;0;0;0;4;12;
Jared Sullinger;;24:31;4;12;0;2;2;2;3;3;6;3;0;1;1;3;10;
Jared Sullinger;;25:31;1;7;0;3;9;10;1;3;4;0;1;0;3;4;11;
Jared Sullinger;;25:53;2;8;1;2;0;0;4;8;12;3;1;1;2;6;5;
Jared Sullinger;;27:23;5;10;0;1;4;5;3;5;8;1;0;0;0;3;14;
Jared Sullinger;;26:00;8;17;1;6;0;0;7;2;9;0;0;0;1;3;17;
Jared Sullinger;;25:19;3;8;0;1;4;5;2;6;8;1;1;0;3;2;10;
Jared Sullinger;;20:44;2;12;0;1;5;6;3;6;9;1;0;0;1;3;9;
Jared Sullinger;;30:26;6;13;2;6;0;0;3;6;9;4;1;2;4;5;14;
Jared Sullinger;;28:16;6;16;0;2;1;1;5;4;9;0;1;0;1;3;13;
Jared Sullinger;;31:04;5;14;2;5;2;2;3;1;4;3;0;1;0;3;14;
Jared Sullinger;;22:51;2;6;0;3;4;6;0;4;4;2;1;0;2;3;8;
Jared Sullinger;;31:19;8;17;4;6;6;8;2;6;8;1;1;2;0;3;26;
Jared Sullinger;;34:22;4;12;1;4;2;4;5;4;9;2;1;0;0;3;11;
Jared Sullinger;;26:52;6;11;2;5;2;3;3;7;10;2;0;1;2;4;16;
Jared Sullinger;;19:54;1;6;0;3;0;0;1;5;6;1;0;0;1;2;2;
Jared Sullinger;;36:23;8;15;1;2;8;10;1;3;4;1;1;0;1;5;25;
Jared Sullinger;;30:22;5;11;0;4;0;0;2;4;6;0;0;1;3;6;10;
Jared Sullinger;C;35:34;9;20;4;6;0;0;6;4;10;5;0;1;2;4;22;
Jared Sullinger;C;36:56;6;15;1;4;2;2;4;7;11;2;1;1;2;5;15;
Jared Sullinger;C;28:05;8;13;2;4;2;2;1;6;7;0;1;1;3;2;20;
Jared Sullinger;;10:23;2;6;0;0;6;7;3;0;3;0;0;0;1;4;10;
Jared Sullinger;;14:06;1;6;0;2;2;2;0;4;4;0;0;1;0;1;4;
Jared Sullinger;;20:42;7;11;2;3;0;0;1;4;5;0;0;0;0;4;16;
Jared Sullinger;;23:32;6;11;0;2;0;0;0;5;5;0;0;1;2;2;12;
Jared Sullinger;;19:29;2;8;0;1;7;8;3;3;6;4;0;2;1;2;11;
Jared Sullinger;;24:14;5;9;0;1;2;2;3;5;8;1;1;0;3;4;12;
Jared Sullinger;;25:28;7;9;0;1;0;1;1;4;5;3;1;2;1;1;14;
Jared Sullinger;;36:05;11;18;2;4;2;2;0;8;8;2;1;0;4;2;26;
Jared Sullinger;;13:42;1;6;0;2;1;2;3;1;4;1;0;0;1;2;3;
Jared Sullinger;;21:49;4;10;1;2;1;2;4;5;9;2;0;0;2;2;10;
Jared Sullinger;F;31:24;8;17;1;5;2;2;4;13;17;0;0;0;2;4;19;
Jared Sullinger;F;31:28;6;12;0;2;1;2;1;4;5;2;1;0;1;3;13;
Jared Sullinger;C;32:32;6;12;1;3;2;4;2;7;9;1;1;2;1;2;15;
Jared Sullinger;C;28:29;2;9;0;3;1;2;2;6;8;2;1;1;2;3;5;
Jared Sullinger;C;34:60;10;18;2;3;1;1;5;7;12;3;0;0;4;5;23;
Jared Sullinger;C;25:15;4;9;4;5;0;0;1;3;4;3;1;1;2;4;12;
Jared Sullinger;C;32:58;10;18;1;5;0;1;2;12;14;0;0;0;3;5;21;
Jared Sullinger;C;34:46;5;15;0;1;2;2;5;3;8;2;2;1;3;3;12;
Jared Sullinger;C;20:03;4;13;0;3;0;2;0;2;2;1;0;1;0;4;8;
Jared Sullinger;C;26:59;9;13;2;3;1;1;1;2;3;2;1;0;2;3;21;
Jared Sullinger;C;35:24;6;16;2;6;1;1;3;2;5;3;0;0;0;3;15;
Jared Sullinger;C;31:25;5;13;0;3;0;0;4;5;9;1;0;0;1;5;10;
Jared Sullinger;C;31:15;6;9;0;1;7;7;2;4;6;3;0;1;2;4;19;
Jared Sullinger;C;36:01;7;14;1;2;9;11;3;8;11;5;0;0;1;4;24;
Jared Sullinger;C;32:44;7;14;2;4;3;4;3;5;8;4;1;0;2;4;19;
Jared Sullinger;C;30:32;9;18;1;4;3;4;5;6;11;1;1;0;1;3;22;
Jared Sullinger;C;16:19;3;9;0;1;0;1;0;2;2;0;0;2;2;3;6;
Jared Sullinger;C;30:41;4;14;0;3;0;0;2;1;3;2;0;1;1;4;8;
Jared Sullinger;C;19:51;1;6;0;0;0;0;2;8;10;3;0;1;0;3;2;
