╔═══════════════╤═══════════════╗
║Name		│Jarrett Jack	║
╟───────────────┼───────────────╢
║Number		│1		║
╟───────────────┼───────────────╢
║Position	│G		║
╟───────────────┼───────────────╢
║Height		│6-3		║
╟───────────────┼───────────────╢
║Weight		│200		║
╟───────────────┼───────────────╢
║Birth		│OCT 28, 1983	║
╟───────────────┼───────────────╢
║Age		│30		║
╟───────────────┼───────────────╢
║Exp		│8		║
╟───────────────┼───────────────╢
║School		│Georgia Tech	║
╚═══════════════╧═══════════════╝
Jarrett Jack;G;42:02;5;16;1;2;3;3;1;6;7;7;0;0;1;3;14;
Jarrett Jack;G;38:25;1;8;0;1;0;0;1;3;4;7;0;0;1;2;2;
Jarrett Jack;;25:57;5;6;1;2;1;1;0;0;0;2;0;0;0;1;12;
Jarrett Jack;;18:50;1;6;0;2;0;0;0;1;1;2;1;0;3;4;2;
Jarrett Jack;;18:28;1;5;0;1;2;2;0;2;2;5;1;0;1;1;4;
Jarrett Jack;;12:21;1;3;1;1;0;0;0;2;2;3;0;0;0;0;3;
Jarrett Jack;;14:48;5;7;0;1;3;3;0;4;4;1;1;0;1;2;13;
Jarrett Jack;;21:31;2;4;1;2;1;2;0;2;2;2;0;0;2;1;6;
Jarrett Jack;;21:60;0;4;0;0;2;2;0;3;3;5;0;0;0;1;2;
Jarrett Jack;;22:26;3;8;1;3;3;3;0;0;0;3;0;0;0;1;10;
Jarrett Jack;;28:10;3;8;2;2;0;0;1;2;3;2;1;1;0;1;8;
Jarrett Jack;;20:39;0;4;0;1;2;2;0;3;3;3;2;0;0;0;2;
Jarrett Jack;;20:01;1;8;1;3;1;2;0;0;0;1;2;0;3;1;4;
Jarrett Jack;G;30:59;3;9;1;6;0;0;0;0;0;6;0;0;1;2;7;
Jarrett Jack;G;39:42;5;7;1;2;1;2;0;3;3;8;0;0;3;3;12;
Jarrett Jack;G;17:27;2;5;0;2;3;4;2;2;4;1;0;1;1;2;7;
Jarrett Jack;G;12:15;0;3;0;0;0;2;0;0;0;0;0;0;0;0;0;
Jarrett Jack;G;14:43;1;4;0;1;0;0;0;3;3;1;0;0;1;0;2;
Jarrett Jack;G;17:44;1;3;0;0;0;0;0;3;3;4;2;1;3;3;2;
Jarrett Jack;G;27:55;3;7;1;2;2;3;0;2;2;8;2;0;1;2;9;
Jarrett Jack;G;23:23;2;6;0;0;2;2;2;0;2;7;1;0;4;3;6;
Jarrett Jack;G;34:20;3;10;1;2;3;4;0;6;6;6;2;2;1;2;10;
Jarrett Jack;G;40:50;3;9;1;1;2;2;0;2;2;5;1;0;3;2;9;
Jarrett Jack;G;38:25;3;11;0;3;0;0;1;3;4;3;0;0;3;2;6;
Jarrett Jack;G;26:20;5;10;1;1;1;1;0;3;3;4;2;0;1;2;12;
Jarrett Jack;G;38:44;6;14;3;7;6;6;2;1;3;4;1;0;1;2;21;
Jarrett Jack;G;27:32;2;9;0;4;1;2;0;1;1;4;0;0;1;2;5;
Jarrett Jack;G;34:49;3;6;0;1;0;0;1;2;3;5;1;0;1;1;6;
Jarrett Jack;G;20:45;2;5;0;2;0;0;0;0;0;3;0;0;0;2;4;
Jarrett Jack;G;27:05;3;6;0;1;4;4;1;1;2;6;0;1;3;1;10;
Jarrett Jack;G;39:29;5;13;0;4;2;2;0;2;2;3;2;0;3;2;12;
Jarrett Jack;G;33:59;3;7;0;1;5;6;1;3;4;4;0;0;1;2;11;
Jarrett Jack;G;27:46;4;5;0;0;1;1;0;3;3;4;1;0;1;5;9;
Jarrett Jack;G;35:10;4;8;1;3;3;3;0;2;2;5;0;0;6;1;12;
Jarrett Jack;G;41:30;8;13;4;6;2;4;0;4;4;4;0;1;3;2;22;
Jarrett Jack;G;33:52;2;8;0;1;2;2;1;2;3;4;1;0;2;2;6;
Jarrett Jack;G;35:52;5;13;0;1;1;1;0;4;4;5;1;1;2;1;11;
Jarrett Jack;G;42:01;13;19;1;2;4;5;0;5;5;10;0;1;3;0;31;
Jarrett Jack;G;37:13;6;9;0;1;1;3;0;5;5;5;2;1;1;2;13;
Jarrett Jack;G;28:30;7;15;2;4;1;1;0;2;2;1;0;0;2;0;17;
Jarrett Jack;G;40:32;4;12;1;5;0;0;0;2;2;7;2;0;1;2;9;
Jarrett Jack;G;35:30;4;11;1;2;2;2;0;6;6;9;1;1;0;2;11;
Jarrett Jack;;30:14;5;9;1;3;2;2;0;4;4;4;1;0;3;2;13;
Jarrett Jack;;22:28;4;13;1;6;0;0;0;3;3;2;0;1;0;1;9;
Jarrett Jack;;27:05;1;8;0;1;3;3;0;2;2;2;0;0;0;3;5;
Jarrett Jack;;22:24;3;6;0;1;1;2;0;2;2;3;0;0;4;2;7;
Jarrett Jack;;34:05;7;13;2;5;5;5;0;4;4;2;1;0;2;2;21;
Jarrett Jack;;33:24;6;14;1;4;2;2;1;2;3;6;1;0;0;3;15;
Jarrett Jack;;25:29;2;10;1;3;0;0;0;3;3;9;2;0;2;2;5;
Jarrett Jack;;22:30;3;6;1;1;5;6;0;3;3;3;1;0;1;1;12;
Jarrett Jack;;27:40;7;13;1;3;0;0;0;3;3;3;0;0;3;0;15;
Jarrett Jack;;24:28;4;8;0;2;0;0;0;2;2;3;2;0;4;3;8;
Jarrett Jack;;26:49;1;7;0;2;0;0;0;4;4;5;0;1;3;3;2;
Jarrett Jack;;18:54;3;8;0;1;0;0;0;0;0;2;0;0;2;3;6;
Jarrett Jack;;25:09;3;10;3;4;4;4;1;3;4;3;2;0;3;1;13;
Jarrett Jack;;31:36;6;12;3;5;3;4;1;3;4;5;3;3;3;1;18;
Jarrett Jack;;25:12;0;6;0;1;2;2;0;0;0;1;1;0;1;1;2;
Jarrett Jack;;23:30;3;9;0;1;0;0;0;1;1;5;0;0;1;1;6;
Jarrett Jack;;23:49;5;9;0;1;1;2;0;4;4;3;2;1;2;0;11;
Jarrett Jack;;33:39;5;13;1;4;2;2;1;4;5;4;1;0;5;1;13;
Jarrett Jack;;28:23;6;10;2;4;0;0;0;1;1;6;1;0;1;0;14;
Jarrett Jack;;32:42;9;13;1;3;0;0;0;1;1;4;0;0;3;1;19;
Jarrett Jack;;17:22;0;3;0;0;0;0;0;0;0;5;0;0;0;1;0;
Jarrett Jack;;37:13;3;6;2;4;0;0;1;4;5;6;1;1;5;1;8;
Jarrett Jack;;21:58;4;9;0;2;1;1;0;1;1;2;0;0;1;2;9;
Jarrett Jack;;23:50;2;6;1;2;0;0;0;1;1;3;0;0;1;2;5;
Jarrett Jack;;32:05;2;7;1;2;1;1;0;2;2;4;1;3;2;2;6;
Jarrett Jack;;28:56;4;10;2;4;2;2;0;3;3;3;1;0;1;2;12;
Jarrett Jack;;31:58;3;7;1;2;4;5;0;9;9;3;1;0;2;3;11;
Jarrett Jack;;24:05;6;8;3;5;2;3;0;0;0;1;0;0;2;0;17;
Jarrett Jack;;20:13;1;5;0;1;3;3;0;4;4;6;0;0;1;1;5;
Jarrett Jack;;21:42;6;11;0;3;2;2;1;4;5;4;1;0;1;0;14;
Jarrett Jack;;27:43;5;14;1;1;1;1;0;5;5;4;1;0;0;2;12;
Jarrett Jack;;37:38;6;17;2;4;3;3;1;3;4;5;0;0;0;1;17;
Jarrett Jack;;30:32;4;13;1;3;2;2;0;3;3;6;0;0;2;1;11;
Jarrett Jack;;20:13;0;6;0;2;0;0;0;1;1;1;0;0;1;2;0;
Jarrett Jack;;27:21;2;5;0;1;5;8;1;4;5;3;0;0;2;2;9;
Jarrett Jack;;30:56;5;8;2;2;2;2;0;1;1;4;0;0;0;3;14;
Jarrett Jack;;34:08;5;11;2;3;0;0;0;4;4;4;2;1;2;4;12;
Jarrett Jack;;24:45;4;9;0;2;0;0;0;3;3;6;0;0;2;3;8;
