╔═══════════════╤═══════════════════════╗
║Name		│Jarvis Varnado		║
╟───────────────┼───────────────────────╢
║Number		│40			║
╟───────────────┼───────────────────────╢
║Position	│F-C			║
╟───────────────┼───────────────────────╢
║Height		│6-9			║
╟───────────────┼───────────────────────╢
║Weight		│230			║
╟───────────────┼───────────────────────╢
║Birth		│MAR 01, 1988		║
╟───────────────┼───────────────────────╢
║Age		│26			║
╟───────────────┼───────────────────────╢
║Exp		│1			║
╟───────────────┼───────────────────────╢
║School		│Mississippi State	║
╚═══════════════╧═══════════════════════╝
Jarvis Varnado;;2:03;0;0;0;0;0;0;0;0;0;0;0;0;0;1;0;
Jarvis Varnado;;2:55;0;0;0;0;0;0;0;1;1;0;0;0;0;0;0;
Jarvis Varnado;;14:38;0;0;0;0;2;4;0;3;3;0;0;3;0;3;2;
Jarvis Varnado;;17:47;3;7;0;0;0;1;4;2;6;0;1;0;1;1;6;
Jarvis Varnado;;14:14;1;2;0;0;0;0;1;4;5;1;0;0;0;5;2;
Jarvis Varnado;;14:44;1;2;0;0;2;4;2;0;2;0;0;0;1;1;4;
Jarvis Varnado;;9:36;1;2;0;0;2;2;1;1;2;1;1;0;0;5;4;
Jarvis Varnado;;6:00;0;0;0;0;1;2;0;1;1;0;0;0;0;0;1;
Jarvis Varnado;;11:11;1;1;0;0;2;4;1;2;3;0;0;1;0;3;4;
Jarvis Varnado;;8:38;1;2;0;0;0;0;0;0;0;1;0;0;1;2;2;
Jarvis Varnado;;15:44;3;3;0;0;1;2;1;2;3;0;0;4;0;2;7;
Jarvis Varnado;;16:48;1;1;0;0;1;2;0;3;3;0;0;0;0;3;3;
Jarvis Varnado;;14:31;3;5;0;0;0;0;3;1;4;0;0;1;0;4;6;
Jarvis Varnado;;11:00;0;0;0;0;0;2;1;0;1;1;2;1;1;2;0;
Jarvis Varnado;;21:59;2;2;0;0;1;2;2;2;4;2;1;2;2;3;5;
Jarvis Varnado;;20:56;4;8;0;0;1;1;2;1;3;1;0;6;0;5;9;
Jarvis Varnado;;20:39;2;3;0;0;1;7;1;8;9;0;0;3;2;1;5;
Jarvis Varnado;;15:48;2;5;0;0;0;0;0;1;1;4;0;1;1;5;4;
Jarvis Varnado;;13:42;2;2;0;0;3;3;0;3;3;0;1;2;0;1;7;
Jarvis Varnado;;19:46;1;3;0;0;2;2;0;3;3;0;1;1;0;2;4;
Jarvis Varnado;;17:17;2;3;0;0;2;4;0;1;1;0;1;2;0;2;6;
Jarvis Varnado;;17:55;2;3;0;0;2;2;0;1;1;1;0;0;1;5;6;
Jarvis Varnado;;15:52;1;1;0;0;2;6;0;1;1;1;0;2;0;2;4;
Jarvis Varnado;;15:38;3;5;0;0;2;2;0;3;3;0;2;0;0;4;8;
