╔═══════════════╤═══════════════╗
║Name		│Jason Terry	║
╟───────────────┼───────────────╢
║Number		│31		║
╟───────────────┼───────────────╢
║Position	│G		║
╟───────────────┼───────────────╢
║Height		│6-2		║
╟───────────────┼───────────────╢
║Weight		│180		║
╟───────────────┼───────────────╢
║Birth		│SEP 15, 1977	║
╟───────────────┼───────────────╢
║Age		│36		║
╟───────────────┼───────────────╢
║Exp		│14		║
╟───────────────┼───────────────╢
║School		│Arizona	║
╚═══════════════╧═══════════════╝
Jason Terry;;4:34;0;1;0;1;0;0;0;1;1;0;0;0;0;0;0;
Jason Terry;;0:42;1;1;1;1;0;0;0;0;0;0;0;0;0;0;3;
Jason Terry;;10:32;0;5;0;4;0;0;1;2;3;2;0;0;0;1;0;
Jason Terry;;16:02;1;5;1;3;0;0;0;2;2;2;0;0;2;2;3;
Jason Terry;;17:08;1;3;0;1;0;0;0;0;0;1;0;0;0;3;2;
Jason Terry;;15:50;2;4;1;2;0;0;0;0;0;1;0;0;1;1;5;
Jason Terry;;25:55;2;7;1;5;0;0;0;1;1;7;1;0;0;1;5;
Jason Terry;;21:07;1;3;1;3;0;0;0;3;3;1;1;0;1;3;3;
Jason Terry;;21:43;1;2;1;1;2;2;1;1;2;0;1;0;0;1;5;
Jason Terry;;18:54;3;6;2;5;0;0;0;2;2;2;3;0;4;3;8;
Jason Terry;;16:20;1;3;1;3;0;0;0;0;0;3;0;0;1;0;3;
Jason Terry;;6:23;0;1;0;0;0;0;0;0;0;0;0;0;0;0;0;
Jason Terry;;19:21;4;6;3;5;0;0;0;0;0;2;0;0;1;2;11;
Jason Terry;;12:41;0;4;0;2;1;2;0;1;1;2;0;0;1;1;1;
Jason Terry;;12:29;1;5;1;2;0;0;0;0;0;2;0;0;2;1;3;
Jason Terry;;24:59;6;11;6;9;0;0;0;1;1;2;2;0;0;2;18;
Jason Terry;;21:13;0;5;0;5;1;2;0;1;1;5;2;0;1;0;1;
Jason Terry;;20:04;1;4;1;3;0;0;0;1;1;3;0;0;2;1;3;
Jason Terry;;12:02;0;2;0;0;0;0;1;0;1;1;0;0;0;0;0;
Jason Terry;;19:03;5;10;4;9;0;0;0;0;0;1;1;0;1;3;14;
Jason Terry;;19:28;2;4;2;4;0;0;0;4;4;2;0;0;1;1;6;
Jason Terry;;21:51;3;5;2;2;0;0;1;1;2;1;0;0;1;1;8;
Jason Terry;;10:31;0;0;0;0;0;0;0;0;0;2;0;0;0;2;0;
Jason Terry;;20:52;4;9;2;6;1;1;0;2;2;2;0;0;1;0;11;
Jason Terry;;16:02;0;4;0;3;0;0;0;2;2;0;0;0;1;1;0;
Jason Terry;;16:52;1;4;0;1;0;0;0;1;1;1;0;0;1;3;2;
Jason Terry;;18:13;1;3;0;1;1;2;0;0;0;1;1;0;1;2;3;
Jason Terry;;25:13;3;7;1;4;2;2;0;0;0;5;0;0;0;2;9;
Jason Terry;;18:07;2;7;1;4;0;0;0;2;2;1;0;0;0;1;5;
Jason Terry;;4:25;0;1;0;0;0;0;0;0;0;1;1;0;0;2;0;
Jason Terry;;15:08;4;7;3;6;0;1;0;2;2;0;0;0;1;1;11;
Jason Terry;;23:32;0;2;0;2;1;2;0;0;0;1;0;0;1;1;1;
Jason Terry;;19:07;4;7;4;5;0;0;0;1;1;1;0;0;0;0;12;
Jason Terry;;18:09;1;4;0;1;1;1;0;1;1;1;0;0;1;3;3;
Jason Terry;;4:52;0;0;0;0;0;0;0;0;0;0;0;0;1;3;0;
