╔═══════════════╤═══════════════╗
║Name		│Jason Maxiell	║
╟───────────────┼───────────────╢
║Number		│54		║
╟───────────────┼───────────────╢
║Position	│F		║
╟───────────────┼───────────────╢
║Height		│6-7		║
╟───────────────┼───────────────╢
║Weight		│260		║
╟───────────────┼───────────────╢
║Birth		│FEB 18, 1983	║
╟───────────────┼───────────────╢
║Age		│31		║
╟───────────────┼───────────────╢
║Exp		│8		║
╟───────────────┼───────────────╢
║School		│Cincinnati	║
╚═══════════════╧═══════════════╝
Jason Maxiell;C;42:46;1;6;0;0;4;6;1;5;6;2;2;3;3;3;6;
Jason Maxiell;;7:16;0;1;0;0;0;2;1;0;1;0;0;0;0;0;0;
Jason Maxiell;;12:00;1;2;0;0;0;0;0;3;3;0;0;0;0;2;2;
Jason Maxiell;;10:40;0;0;0;0;0;0;2;2;4;0;0;0;1;1;0;
Jason Maxiell;;4:55;0;2;0;0;0;0;1;1;2;0;0;1;0;1;0;
Jason Maxiell;;5:01;0;0;0;0;0;0;0;2;2;1;0;0;0;0;0;
Jason Maxiell;;14:48;0;2;0;0;0;0;1;5;6;1;0;0;1;1;0;
Jason Maxiell;;5:50;0;0;0;0;0;0;1;0;1;0;0;0;0;0;0;
Jason Maxiell;F;14:15;1;2;0;0;0;0;0;1;1;0;0;1;0;0;2;
Jason Maxiell;;3:29;0;0;0;0;0;0;1;0;1;0;0;0;0;0;0;
Jason Maxiell;;6:09;0;1;0;0;0;0;0;0;0;0;1;0;1;2;0;
Jason Maxiell;;4:59;0;2;0;0;2;4;0;1;1;0;0;1;0;0;2;
Jason Maxiell;F;26:19;0;5;0;0;0;0;1;4;5;0;1;2;2;2;0;
Jason Maxiell;F;16:44;2;3;0;0;0;0;0;2;2;0;0;0;0;1;4;
Jason Maxiell;F;16:24;1;2;0;0;0;0;1;1;2;0;1;1;1;1;2;
Jason Maxiell;F;21:46;3;6;0;0;0;0;1;5;6;0;0;1;0;3;6;
Jason Maxiell;F;22:52;3;5;0;0;0;0;0;5;5;0;0;1;0;1;6;
Jason Maxiell;F;27:06;4;6;0;0;1;5;2;3;5;2;1;1;0;4;9;
Jason Maxiell;F;22:27;6;11;0;0;0;0;2;2;4;0;0;0;2;5;12;
Jason Maxiell;F;30:49;4;9;0;0;2;2;1;0;1;2;0;1;2;3;10;
Jason Maxiell;F;4:38;0;1;0;0;0;0;0;0;0;0;0;0;0;0;0;
Jason Maxiell;F;22:05;3;5;0;0;1;2;2;2;4;0;0;0;0;1;7;
Jason Maxiell;;20:54;2;6;0;0;0;0;0;2;2;0;0;1;0;2;4;
Jason Maxiell;;5:10;0;0;0;0;1;2;2;0;2;0;0;0;0;1;1;
Jason Maxiell;;9:49;0;0;0;0;0;0;0;1;1;0;0;1;0;2;0;
Jason Maxiell;F;24:04;5;7;0;0;2;2;2;1;3;0;0;0;0;1;12;
Jason Maxiell;;5:11;0;0;0;0;1;2;1;0;1;0;0;0;0;0;1;
Jason Maxiell;;18:29;1;4;0;0;0;2;1;4;5;0;1;3;0;5;2;
Jason Maxiell;;10:07;2;3;0;0;0;0;0;0;0;0;0;0;0;0;4;
Jason Maxiell;;9:10;0;2;0;0;0;0;0;3;3;0;0;0;0;0;0;
Jason Maxiell;;8:47;1;1;0;0;1;2;0;1;1;0;0;1;0;0;3;
Jason Maxiell;;6:22;1;3;0;0;0;0;2;1;3;0;0;0;0;0;2;
Jason Maxiell;;8:23;2;3;0;0;0;0;0;0;0;0;0;1;1;2;4;
Jason Maxiell;;18:35;4;5;0;0;0;0;2;1;3;1;1;0;0;3;8;
