╔═══════════════╤═══════════════╗
║Name		│Jason Smith	║
╟───────────────┼───────────────╢
║Number		│14		║
╟───────────────┼───────────────╢
║Position	│C-F		║
╟───────────────┼───────────────╢
║Height		│7-0		║
╟───────────────┼───────────────╢
║Weight		│240		║
╟───────────────┼───────────────╢
║Birth		│MAR 02, 1986	║
╟───────────────┼───────────────╢
║Age		│28		║
╟───────────────┼───────────────╢
║Exp		│5		║
╟───────────────┼───────────────╢
║School		│Colorado State	║
╚═══════════════╧═══════════════╝
Jason Smith;;21:55;4;11;0;0;0;0;0;4;4;1;0;0;1;3;8;
Jason Smith;;22:47;1;5;0;0;5;6;2;1;3;2;0;0;1;3;7;
Jason Smith;;25:28;3;7;0;0;1;1;1;3;4;1;0;0;3;3;7;
Jason Smith;C;18:59;3;6;0;0;4;5;2;5;7;0;0;0;1;6;10;
Jason Smith;C;19:09;3;9;0;0;0;0;1;2;3;1;1;0;1;4;6;
Jason Smith;C;28:22;5;13;0;0;0;0;1;5;6;2;0;1;2;5;10;
Jason Smith;C;20:27;4;6;0;0;0;0;1;1;2;1;0;1;0;6;8;
Jason Smith;C;26:13;3;12;0;0;0;0;3;3;6;0;1;1;0;3;6;
Jason Smith;C;27:09;3;8;0;0;2;2;0;3;3;0;0;5;1;5;8;
Jason Smith;C;26:26;5;7;0;0;3;4;1;4;5;3;0;1;1;2;13;
Jason Smith;C;28:47;4;8;0;0;2;2;2;2;4;0;0;0;1;5;10;
Jason Smith;C;29:23;7;12;0;0;0;0;2;3;5;0;0;0;0;1;14;
Jason Smith;C;41:15;9;12;0;0;4;4;3;5;8;3;0;2;0;1;22;
Jason Smith;C;27:49;4;13;0;0;0;0;0;3;3;1;2;0;0;2;8;
Jason Smith;C;32:58;5;9;0;0;0;0;2;3;5;0;1;0;1;4;10;
Jason Smith;C;21:20;4;4;0;0;0;0;3;4;7;0;0;3;1;4;8;
Jason Smith;C;21:12;3;5;0;0;5;6;2;3;5;0;1;1;1;2;11;
Jason Smith;C;25:47;4;10;0;0;3;4;2;4;6;1;1;1;2;4;11;
Jason Smith;C;22:05;4;9;0;0;0;0;1;6;7;2;0;0;1;4;8;
Jason Smith;C;25:43;6;14;0;0;2;2;3;1;4;1;0;1;0;2;14;
Jason Smith;C;24:01;4;8;0;0;0;0;0;5;5;0;0;2;1;4;8;
Jason Smith;C;24:06;2;5;0;0;1;2;1;4;5;0;1;0;0;3;5;
Jason Smith;C;41:53;6;16;0;0;0;0;7;6;13;1;0;1;1;4;12;
Jason Smith;C;35:59;6;10;0;0;0;0;3;6;9;1;1;1;2;2;12;
Jason Smith;C;24:13;2;8;0;0;0;2;1;11;12;1;0;0;0;3;4;
Jason Smith;C;40:19;8;14;0;0;6;8;3;13;16;1;0;2;1;3;22;
Jason Smith;C;32:25;3;7;0;0;1;2;1;4;5;0;0;0;0;1;7;
Jason Smith;C;29:10;4;10;0;0;0;0;0;3;3;1;2;4;4;5;8;
Jason Smith;C;22:28;6;10;0;0;0;0;1;3;4;2;0;1;1;1;12;
Jason Smith;C;22:24;1;4;0;0;0;0;1;6;7;1;0;0;0;1;2;
Jason Smith;;14:48;5;9;0;0;0;0;1;3;4;2;0;1;0;2;10;
