╔═══════════════╤═══════════════════════╗
║Name		│Jason Thompson		║
╟───────────────┼───────────────────────╢
║Number		│34			║
╟───────────────┼───────────────────────╢
║Position	│F-C			║
╟───────────────┼───────────────────────╢
║Height		│6-11			║
╟───────────────┼───────────────────────╢
║Weight		│250			║
╟───────────────┼───────────────────────╢
║Birth		│JUL 21, 1986		║
╟───────────────┼───────────────────────╢
║Age		│27			║
╟───────────────┼───────────────────────╢
║Exp		│5			║
╟───────────────┼───────────────────────╢
║School		│Rider University	║
╚═══════════════╧═══════════════════════╝
Jason Thompson;F;19:39;1;2;0;0;0;1;0;5;5;0;0;1;2;4;2;
Jason Thompson;F;31:23;7;9;0;0;1;2;4;10;14;0;0;0;2;4;15;
Jason Thompson;F;34:32;3;4;0;0;1;2;1;5;6;0;2;0;1;4;7;
Jason Thompson;F;24:39;7;9;0;0;0;0;1;6;7;1;2;0;1;5;14;
Jason Thompson;F;30:33;4;11;0;0;0;0;6;10;16;0;1;2;0;3;8;
Jason Thompson;F;19:08;0;4;0;0;1;2;1;1;2;0;0;0;0;3;1;
Jason Thompson;F;37:25;3;7;0;0;0;0;0;10;10;0;1;1;1;2;6;
Jason Thompson;F;27:34;5;7;0;0;0;0;2;4;6;0;0;1;0;2;10;
Jason Thompson;F;29:41;5;10;0;0;1;2;6;4;10;0;0;2;0;2;11;
Jason Thompson;F;35:54;5;8;0;0;1;1;2;6;8;1;0;1;1;6;11;
Jason Thompson;F;22:25;6;8;0;0;0;0;3;5;8;1;1;0;1;4;12;
Jason Thompson;F;32:15;0;8;0;0;1;2;1;9;10;1;0;1;1;6;1;
Jason Thompson;F;27:41;5;7;0;0;3;4;5;5;10;1;1;0;3;5;13;
Jason Thompson;C;27:51;7;10;0;0;5;6;4;7;11;1;0;2;1;5;19;
Jason Thompson;F;31:20;3;8;0;0;0;0;1;6;7;1;0;0;2;3;6;
Jason Thompson;F;19:12;4;7;0;0;0;0;1;3;4;0;0;0;1;5;8;
Jason Thompson;F;33:54;3;6;0;0;4;4;0;7;7;0;0;2;1;4;10;
Jason Thompson;F;19:36;0;1;0;0;1;2;1;3;4;0;0;0;2;4;1;
Jason Thompson;F;27:09;3;8;0;0;3;4;6;4;10;1;0;1;0;2;9;
Jason Thompson;F;35:42;2;9;0;0;2;2;4;2;6;1;0;1;1;2;6;
Jason Thompson;F;29:58;3;4;0;0;0;2;2;7;9;1;0;0;1;5;6;
Jason Thompson;F;15:27;0;0;0;0;0;0;1;2;3;0;0;2;1;3;0;
Jason Thompson;F;30:45;3;5;0;0;0;0;2;8;10;0;0;0;2;1;6;
Jason Thompson;C;27:22;2;7;0;0;2;4;3;3;6;1;0;0;2;4;6;
Jason Thompson;F;26:05;5;7;0;0;0;0;1;5;6;1;2;1;1;1;10;
Jason Thompson;F;15:30;2;3;0;0;0;0;1;2;3;0;0;1;3;2;4;
Jason Thompson;F;5:03;1;2;0;0;1;2;0;0;0;0;0;0;0;2;3;
Jason Thompson;C;29:04;8;12;0;0;1;2;4;7;11;2;1;0;1;4;17;
Jason Thompson;F;28:48;1;2;0;0;0;0;1;1;2;1;2;0;3;4;2;
Jason Thompson;F;24:57;2;4;0;0;2;6;1;4;5;1;1;1;1;3;6;
Jason Thompson;F;24:18;4;9;0;0;0;0;6;7;13;0;0;1;0;2;8;
Jason Thompson;F;26:25;1;3;0;0;0;0;0;6;6;0;0;0;2;2;2;
Jason Thompson;F;23:52;2;4;0;0;0;0;2;2;4;1;0;0;0;0;4;
Jason Thompson;;13:48;1;3;0;0;1;5;3;4;7;1;0;0;0;1;3;
Jason Thompson;;25:59;6;10;0;0;2;4;2;5;7;0;0;1;0;3;14;
Jason Thompson;;23:22;2;8;0;0;1;4;4;4;8;0;0;2;1;3;5;
Jason Thompson;;30:34;2;6;0;0;2;3;2;3;5;2;1;1;3;3;6;
Jason Thompson;;22:38;4;6;0;0;2;2;0;5;5;0;0;1;1;3;10;
Jason Thompson;;15:58;0;2;0;0;0;0;0;5;5;1;0;0;1;2;0;
Jason Thompson;;17:17;1;2;0;0;2;4;0;2;2;0;0;1;2;3;4;
Jason Thompson;;5:03;2;2;0;0;0;0;0;1;1;0;0;0;0;0;4;
Jason Thompson;;29:01;5;9;0;0;0;0;5;9;14;1;0;0;2;4;10;
Jason Thompson;;28:01;5;7;0;0;1;2;2;3;5;0;3;1;1;4;11;
Jason Thompson;;9:14;0;2;0;0;0;0;0;2;2;0;0;0;2;2;0;
Jason Thompson;;23:28;1;2;0;0;0;2;1;11;12;3;3;3;0;3;2;
Jason Thompson;;19:32;4;9;0;0;2;2;3;3;6;0;0;1;1;2;10;
Jason Thompson;;27:18;2;3;0;0;1;4;1;7;8;0;0;0;1;2;5;
Jason Thompson;F;35:34;3;8;0;0;5;7;4;3;7;0;0;1;1;3;11;
Jason Thompson;F;26:44;4;6;0;0;0;2;3;2;5;0;0;2;1;2;8;
Jason Thompson;;13:17;1;1;0;0;1;2;0;3;3;1;0;0;0;2;3;
Jason Thompson;F;26:53;3;8;0;0;0;0;2;9;11;1;2;0;2;6;6;
Jason Thompson;C;21:09;4;9;0;0;0;0;1;10;11;0;1;1;2;1;8;
Jason Thompson;;16:32;1;5;0;0;0;0;1;2;3;0;0;2;2;5;2;
Jason Thompson;;29:55;4;8;0;0;3;5;1;6;7;2;0;2;1;6;11;
Jason Thompson;;21:49;5;8;0;0;2;2;3;7;10;2;0;0;5;3;12;
Jason Thompson;;23:10;1;4;0;0;0;0;1;5;6;1;0;0;1;3;2;
Jason Thompson;;12:49;2;2;0;0;0;0;0;2;2;0;0;0;1;5;4;
Jason Thompson;;11:54;3;6;0;0;1;1;1;2;3;2;1;0;2;2;7;
Jason Thompson;F;26:02;4;12;0;0;1;4;1;10;11;0;0;0;0;3;9;
Jason Thompson;F;27:31;2;8;0;0;0;0;3;6;9;1;0;0;1;3;4;
Jason Thompson;F;9:52;1;2;0;0;1;2;0;0;0;2;0;0;0;2;3;
Jason Thompson;F;25:36;4;8;0;0;0;0;3;3;6;2;0;0;2;3;8;
Jason Thompson;F;19:43;5;6;0;0;0;0;0;3;3;0;0;0;2;4;10;
Jason Thompson;F;10:18;3;6;0;0;0;0;1;3;4;0;1;0;1;4;6;
Jason Thompson;F;22:11;2;4;0;0;0;0;0;5;5;1;1;2;0;2;4;
Jason Thompson;F;23:11;3;7;0;0;0;0;2;2;4;0;0;1;1;4;6;
Jason Thompson;F;27:33;4;8;0;0;2;2;2;5;7;0;0;0;2;2;10;
Jason Thompson;F;33:43;4;10;0;0;2;3;5;5;10;2;0;2;2;4;10;
Jason Thompson;F;23:21;4;5;0;0;1;2;0;5;5;0;0;1;0;2;9;
Jason Thompson;F;28:37;3;9;0;0;5;6;2;3;5;1;1;1;0;2;11;
Jason Thompson;F;29:41;3;7;0;0;4;6;3;4;7;3;0;1;2;5;10;
Jason Thompson;F;34:19;3;8;0;0;5;5;2;4;6;1;0;0;0;3;11;
Jason Thompson;F;13:57;2;2;0;0;0;0;0;0;0;0;0;0;1;5;4;
Jason Thompson;F;22:57;4;7;0;0;1;2;1;4;5;0;0;2;2;2;9;
Jason Thompson;F;30:30;4;6;0;0;1;2;2;7;9;1;1;1;2;6;9;
Jason Thompson;F;19:49;2;6;0;0;0;1;2;5;7;0;0;0;0;3;4;
Jason Thompson;F;21:51;5;6;0;0;1;2;1;2;3;1;0;0;1;1;11;
Jason Thompson;F;36:54;5;7;0;0;1;2;2;5;7;0;2;0;2;3;11;
Jason Thompson;F;26:54;0;4;0;0;0;2;1;2;3;2;0;3;2;1;0;
Jason Thompson;F;21:18;5;6;0;0;0;0;0;3;3;0;0;0;0;1;10;
Jason Thompson;F;36:55;3;8;0;0;1;1;5;6;11;1;0;2;1;1;7;
Jason Thompson;F;28:00;3;3;0;0;2;2;2;1;3;1;1;0;0;4;8;
