╔═══════════════╤═══════════════╗
║Name		│Jason Collins	║
╟───────────────┼───────────────╢
║Number		│98		║
╟───────────────┼───────────────╢
║Position	│C		║
╟───────────────┼───────────────╢
║Height		│7-0		║
╟───────────────┼───────────────╢
║Weight		│255		║
╟───────────────┼───────────────╢
║Birth		│DEC 02, 1978	║
╟───────────────┼───────────────╢
║Age		│35		║
╟───────────────┼───────────────╢
║Exp		│12		║
╟───────────────┼───────────────╢
║School		│Stanford	║
╚═══════════════╧═══════════════╝
Jason Collins;;10:37;0;1;0;0;0;0;1;1;2;0;1;0;2;5;0;
Jason Collins;;7:02;0;1;0;0;0;0;0;0;0;0;0;0;0;0;0;
Jason Collins;;8:02;1;1;0;0;1;2;0;0;0;0;0;0;1;4;3;
Jason Collins;;7:49;0;1;0;0;0;0;1;1;2;1;2;0;1;1;0;
Jason Collins;;2:41;0;1;0;0;0;0;0;1;1;0;1;0;0;1;0;
Jason Collins;;17:13;0;0;0;0;0;0;1;0;1;1;1;0;1;2;0;
Jason Collins;;20:08;1;2;0;0;0;0;0;0;0;0;1;0;0;2;2;
Jason Collins;;4:01;0;0;0;0;0;0;0;0;0;0;0;0;1;3;0;
Jason Collins;;2:58;0;0;0;0;0;0;0;0;0;0;0;0;0;2;0;
Jason Collins;;3:30;0;0;0;0;0;0;0;1;1;0;0;0;0;0;0;
Jason Collins;;5:31;1;1;0;0;0;0;0;0;0;2;0;0;0;0;2;
Jason Collins;;5:02;0;1;0;0;0;0;0;0;0;0;0;1;0;1;0;
Jason Collins;;2:19;0;0;0;0;0;0;0;0;0;0;0;0;0;1;0;
Jason Collins;;3:04;1;2;0;1;0;0;0;0;0;0;0;0;0;0;2;
Jason Collins;;4:39;0;0;0;0;0;0;1;0;1;0;0;0;0;1;0;
Jason Collins;;0:29;0;0;0;0;0;0;0;0;0;0;0;0;0;0;0;
Jason Collins;;7:20;0;0;0;0;0;0;0;1;1;0;0;0;0;0;0;
Jason Collins;;16:38;3;3;0;0;0;0;1;4;5;0;0;0;1;3;6;
Jason Collins;;0:14;0;0;0;0;0;0;0;0;0;0;0;0;0;0;0;
Jason Collins;;1:03;0;0;0;0;0;0;0;0;0;0;0;0;0;0;0;
Jason Collins;;2:51;1;2;0;0;0;0;1;1;2;0;0;0;0;1;2;
Jason Collins;C;38:52;3;8;0;2;2;2;1;2;3;0;2;0;0;3;8;
