╔═══════════════╤═══════════════╗
║Name		│Jeff Ayres	║
╟───────────────┼───────────────╢
║Number		│11		║
╟───────────────┼───────────────╢
║Position	│C-F		║
╟───────────────┼───────────────╢
║Height		│6-9		║
╟───────────────┼───────────────╢
║Weight		│250		║
╟───────────────┼───────────────╢
║Birth		│APR 29, 1987	║
╟───────────────┼───────────────╢
║Age		│27		║
╟───────────────┼───────────────╢
║Exp		│3		║
╟───────────────┼───────────────╢
║School		│Arizona State	║
╚═══════════════╧═══════════════╝
Jeff Ayres;;9:45;1;2;0;0;0;0;1;3;4;0;0;0;0;2;2;
Jeff Ayres;;15:04;3;5;0;0;0;0;2;5;7;3;0;0;2;3;6;
Jeff Ayres;C;22:23;1;1;0;0;0;0;2;1;3;1;0;1;1;3;2;
Jeff Ayres;;11:17;2;2;0;0;0;0;3;6;9;0;0;0;0;3;4;
Jeff Ayres;;19:30;4;7;0;0;0;0;2;5;7;2;0;1;2;4;8;
Jeff Ayres;C;16:31;1;1;0;0;1;2;1;4;5;0;0;1;0;2;3;
Jeff Ayres;C;28:38;5;6;0;0;0;0;1;3;4;2;0;0;2;4;10;
Jeff Ayres;;15:42;1;2;0;0;0;0;1;1;2;0;0;0;1;1;2;
Jeff Ayres;;14:43;5;6;0;0;3;3;2;4;6;0;0;0;1;2;13;
Jeff Ayres;C;22:10;1;3;0;0;1;2;1;1;2;4;0;0;1;2;3;
Jeff Ayres;C;12:02;2;3;0;0;2;2;2;2;4;0;0;0;0;3;6;
Jeff Ayres;;15:09;3;3;0;0;1;2;1;3;4;2;0;0;1;1;7;
Jeff Ayres;;7:57;0;0;0;0;0;0;1;1;2;2;0;0;0;1;0;
Jeff Ayres;C;15:39;0;1;0;0;0;0;1;0;1;2;0;0;2;4;0;
Jeff Ayres;;13:39;1;2;0;0;0;0;1;4;5;1;0;0;2;3;2;
Jeff Ayres;;6:14;0;0;0;0;1;2;0;1;1;2;0;0;1;1;1;
Jeff Ayres;;14:28;0;1;0;0;1;2;2;3;5;1;0;1;2;2;1;
Jeff Ayres;;22:17;3;4;0;0;2;2;1;3;4;4;1;2;0;1;8;
Jeff Ayres;;17:17;4;4;0;0;0;0;0;1;1;0;1;0;2;5;8;
Jeff Ayres;;10:34;0;1;0;0;0;0;1;0;1;0;0;0;0;1;0;
Jeff Ayres;;14:36;1;1;0;0;0;0;1;2;3;0;0;0;2;1;2;
Jeff Ayres;;14:21;1;2;0;0;0;0;1;2;3;0;0;0;1;5;2;
Jeff Ayres;;10:26;0;1;0;0;0;0;1;2;3;0;0;0;1;2;0;
Jeff Ayres;;12:00;1;1;0;0;0;0;2;2;4;0;1;0;0;1;2;
Jeff Ayres;;2:06;0;1;0;0;0;0;0;0;0;0;0;0;0;0;0;
Jeff Ayres;;10:18;0;0;0;0;0;0;2;2;4;1;0;1;2;0;0;
Jeff Ayres;;7:19;1;1;0;0;0;0;2;1;3;0;0;0;0;2;2;
Jeff Ayres;;2:06;0;0;0;0;0;0;0;0;0;0;0;0;0;0;0;
Jeff Ayres;;14:05;4;6;0;0;2;4;2;5;7;1;0;0;2;3;null;
Jeff Ayres;;2:40;1;1;0;0;0;0;1;0;1;0;0;0;0;0;2;
Jeff Ayres;;1:48;0;1;0;0;0;0;0;3;3;0;0;0;0;0;0;
Jeff Ayres;;6:59;1;1;0;0;0;0;2;0;2;0;0;1;3;2;2;
Jeff Ayres;;19:41;2;3;0;0;1;2;3;3;6;0;0;0;2;4;5;
Jeff Ayres;;19:56;0;0;0;0;0;0;0;2;2;0;0;2;2;3;0;
Jeff Ayres;;17:05;4;6;0;0;1;2;2;1;3;2;0;1;1;3;9;
Jeff Ayres;;3:37;2;2;0;0;2;3;2;0;2;0;1;0;0;1;6;
Jeff Ayres;;13:41;4;5;0;0;1;1;1;4;5;2;0;0;1;2;9;
Jeff Ayres;;13:29;1;2;0;0;0;0;2;1;3;2;0;0;0;2;2;
Jeff Ayres;;13:26;1;2;0;0;2;2;1;4;5;0;0;2;1;4;4;
Jeff Ayres;;20:19;3;4;0;0;1;2;3;1;4;0;1;1;0;2;7;
Jeff Ayres;;0:32;0;0;0;0;0;0;0;0;0;0;0;0;0;0;0;
Jeff Ayres;;19:55;2;3;0;0;0;0;5;5;10;1;0;2;1;2;4;
Jeff Ayres;;19:25;5;7;0;0;2;3;0;3;3;1;0;0;0;2;12;
Jeff Ayres;;21:40;1;4;0;0;0;0;2;4;6;2;0;1;1;3;2;
Jeff Ayres;;11:21;1;1;0;0;0;0;0;2;2;2;0;1;2;4;2;
Jeff Ayres;;13:09;0;3;0;0;0;0;1;4;5;1;0;0;3;3;0;
Jeff Ayres;;8:28;2;2;0;0;0;1;2;1;3;0;0;0;0;2;4;
Jeff Ayres;;5:47;0;0;0;0;1;2;0;2;2;0;1;0;0;0;1;
Jeff Ayres;;2:41;0;0;0;0;0;0;0;0;0;1;0;0;2;1;0;
Jeff Ayres;;6:29;0;1;0;0;2;2;0;1;1;2;0;0;2;1;2;
Jeff Ayres;;13:35;0;3;0;0;0;0;2;2;4;1;1;1;0;2;0;
Jeff Ayres;;24:20;3;9;0;0;0;0;2;4;6;2;0;0;0;4;6;
Jeff Ayres;;16:00;3;3;0;0;0;0;0;4;4;1;0;1;0;1;6;
Jeff Ayres;;7:45;0;0;0;0;2;2;0;0;0;0;0;0;0;2;2;
Jeff Ayres;;8:06;0;1;0;0;0;0;0;3;3;0;0;0;0;1;0;
Jeff Ayres;;15:53;3;4;0;0;0;0;0;2;2;0;0;0;1;3;6;
Jeff Ayres;;28:09;3;6;0;0;0;0;1;1;2;2;3;0;4;3;6;
Jeff Ayres;;13:51;1;2;0;0;0;2;0;2;2;1;0;0;1;2;2;
Jeff Ayres;;11:43;0;0;0;0;0;0;2;1;3;1;0;0;1;2;0;
Jeff Ayres;;10:52;2;5;0;0;0;0;1;5;6;0;0;0;0;0;4;
Jeff Ayres;;7:14;0;0;0;0;1;2;0;1;1;0;0;1;0;1;1;
Jeff Ayres;;9:18;0;2;0;0;0;0;1;1;2;0;0;0;2;3;0;
Jeff Ayres;C;9:10;2;2;0;0;0;0;0;1;1;0;0;0;1;3;4;
Jeff Ayres;C;25:12;0;0;0;0;0;0;3;7;10;1;0;0;0;1;0;
Jeff Ayres;C;20:24;1;3;0;0;0;0;2;6;8;0;0;2;0;4;2;
Jeff Ayres;C;11:54;0;4;0;0;0;0;3;1;4;1;0;0;1;2;0;
Jeff Ayres;;9:10;1;2;0;0;0;0;0;2;2;0;1;0;1;1;2;
Jeff Ayres;;11:44;2;2;0;0;0;0;0;3;3;0;1;0;1;1;4;
Jeff Ayres;;10:49;2;2;0;0;0;0;2;3;5;0;0;0;1;1;4;
Jeff Ayres;;9:41;1;2;0;0;2;2;2;3;5;4;1;1;0;0;4;
Jeff Ayres;;7:32;0;1;0;0;2;2;1;1;2;0;0;0;0;1;2;
Jeff Ayres;;8:04;1;3;0;0;2;2;0;3;3;0;0;0;0;3;4;
Jeff Ayres;;21:23;1;3;0;0;2;2;3;5;8;2;0;1;0;2;4;
