╔═══════════════╤═══════════════╗
║Name		│Jeff Taylor	║
╟───────────────┼───────────────╢
║Number		│44		║
╟───────────────┼───────────────╢
║Position	│F		║
╟───────────────┼───────────────╢
║Height		│6-7		║
╟───────────────┼───────────────╢
║Weight		│225		║
╟───────────────┼───────────────╢
║Birth		│MAY 23, 1989	║
╟───────────────┼───────────────╢
║Age		│25		║
╟───────────────┼───────────────╢
║Exp		│1		║
╟───────────────┼───────────────╢
║School		│Vanderbilt	║
╚═══════════════╧═══════════════╝
Jeff Taylor;;27:46;1;6;0;2;3;4;0;2;2;0;1;1;0;0;5;
Jeff Taylor;;21:36;3;8;0;4;2;4;0;1;1;1;0;0;2;0;8;
Jeff Taylor;;24:59;1;9;0;3;3;7;0;0;0;1;0;0;0;1;5;
Jeff Taylor;;18:24;5;9;2;4;1;2;2;2;4;1;0;0;2;5;13;
Jeff Taylor;;28:04;5;10;1;4;2;4;1;2;3;1;0;0;2;3;13;
Jeff Taylor;;17:12;2;8;1;4;0;0;1;1;2;1;0;1;1;2;5;
Jeff Taylor;;25:24;4;10;0;2;2;3;0;6;6;1;0;0;1;4;10;
Jeff Taylor;;29:23;4;8;0;1;4;4;0;1;1;1;0;0;0;2;12;
Jeff Taylor;;28:34;5;11;1;2;0;0;2;3;5;1;0;0;0;1;11;
Jeff Taylor;;30:14;5;14;2;4;2;5;1;0;1;1;1;0;0;4;14;
Jeff Taylor;;33:05;9;18;2;4;0;0;2;3;5;0;1;0;2;4;20;
Jeff Taylor;;17:09;0;4;0;0;0;0;0;1;1;2;1;0;1;2;0;
Jeff Taylor;;17:48;2;4;0;0;0;0;0;0;0;0;0;0;2;5;4;
Jeff Taylor;;27:26;3;9;1;4;2;4;0;1;1;1;1;0;1;1;9;
Jeff Taylor;;27:19;3;6;1;2;0;0;0;3;3;0;0;0;1;4;7;
Jeff Taylor;;19:42;2;7;0;1;0;0;0;3;3;0;0;0;0;5;4;
Jeff Taylor;F;28:00;2;7;0;2;0;2;0;0;0;2;0;0;0;1;4;
Jeff Taylor;;23:24;3;5;1;2;0;0;0;3;3;0;0;0;4;3;7;
Jeff Taylor;;3:14;0;2;0;2;0;0;1;0;1;0;0;0;0;2;0;
Jeff Taylor;F;36:52;8;16;2;7;2;2;3;5;8;1;1;1;0;1;20;
Jeff Taylor;F;30:48;3;8;1;2;1;2;0;1;1;2;0;0;0;1;8;
Jeff Taylor;F;36:03;4;12;0;2;1;2;0;0;0;2;2;0;2;3;9;
Jeff Taylor;F;27:32;3;13;0;4;1;2;2;3;5;0;3;1;0;2;7;
Jeff Taylor;F;26:05;3;9;2;4;0;0;0;3;3;2;1;0;0;3;8;
Jeff Taylor;F;22:31;2;5;1;1;0;0;0;1;1;1;1;1;3;3;5;
Jeff Taylor;F;0:37;0;0;0;0;0;0;0;0;0;0;0;0;1;0;0;
