╔═══════════════╤═══════════════╗
║Name		│Jeff Withey	║
╟───────────────┼───────────────╢
║Number		│5		║
╟───────────────┼───────────────╢
║Position	│C		║
╟───────────────┼───────────────╢
║Height		│7-0		║
╟───────────────┼───────────────╢
║Weight		│235		║
╟───────────────┼───────────────╢
║Birth		│MAR 07, 1990	║
╟───────────────┼───────────────╢
║Age		│24		║
╟───────────────┼───────────────╢
║Exp		│R		║
╟───────────────┼───────────────╢
║School		│Kansas		║
╚═══════════════╧═══════════════╝
Jeff Withey;;2:18;1;1;0;0;2;2;0;0;0;0;0;0;0;0;4;
Jeff Withey;;3:50;0;0;0;0;0;0;0;1;1;0;0;0;0;0;0;
Jeff Withey;;3:10;0;0;0;0;0;0;0;2;2;0;0;0;0;0;0;
Jeff Withey;;9:13;1;2;0;0;0;0;0;3;3;0;0;1;0;1;2;
Jeff Withey;;4:17;1;2;0;0;0;0;0;1;1;0;1;1;0;0;2;
Jeff Withey;;4:57;1;1;0;0;0;0;0;1;1;0;0;0;0;2;2;
Jeff Withey;;1:00;0;0;0;0;0;0;0;0;0;0;0;0;0;0;0;
Jeff Withey;;14:07;1;3;0;0;1;2;1;1;2;0;0;1;0;1;3;
Jeff Withey;;14:32;0;0;0;0;2;2;0;2;2;0;0;2;1;2;2;
Jeff Withey;;27:07;5;6;0;0;4;5;2;3;5;2;2;2;0;5;14;
Jeff Withey;;18:58;1;3;0;0;0;0;1;4;5;0;1;0;1;0;2;
Jeff Withey;;22:58;1;6;0;0;0;0;3;3;6;0;0;0;1;4;2;
Jeff Withey;;22:30;1;1;0;0;1;2;0;2;2;1;0;3;1;2;3;
Jeff Withey;;11:46;2;3;0;0;0;0;1;3;4;0;0;1;1;2;4;
Jeff Withey;;8:45;0;0;0;0;0;0;0;3;3;1;0;1;0;0;0;
Jeff Withey;;8:18;1;4;0;0;0;0;3;3;6;0;1;0;0;0;2;
Jeff Withey;;13:16;1;2;0;0;1;1;1;1;2;0;0;0;0;1;3;
Jeff Withey;;7:45;0;1;0;0;0;0;0;0;0;1;0;0;0;0;0;
Jeff Withey;;13:15;1;2;0;0;1;2;0;2;2;0;0;1;1;3;3;
Jeff Withey;;6:33;1;3;0;0;1;2;4;0;4;0;0;0;0;1;3;
Jeff Withey;;7:27;0;0;0;0;0;0;1;2;3;0;1;0;2;1;0;
Jeff Withey;;6:27;1;1;0;0;0;0;0;1;1;0;1;0;0;2;2;
Jeff Withey;;8:59;0;3;0;0;0;0;0;4;4;0;0;1;0;4;0;
Jeff Withey;;18:26;1;2;0;0;0;0;0;2;2;0;0;3;0;1;2;
Jeff Withey;;12:45;2;2;0;0;0;0;0;1;1;1;0;0;0;3;4;
Jeff Withey;;14:29;1;3;0;0;0;0;2;6;8;1;0;0;0;1;2;
Jeff Withey;;14:40;1;4;0;0;2;2;1;1;2;2;2;1;0;0;4;
Jeff Withey;;5:49;2;2;0;0;0;0;1;3;4;1;0;0;1;0;4;
Jeff Withey;;11:23;0;0;0;0;0;0;1;1;2;0;0;0;0;2;0;
Jeff Withey;;29:03;1;2;0;0;0;2;2;3;5;3;0;3;1;2;2;
Jeff Withey;F;26:58;3;6;0;0;3;6;1;3;4;1;1;2;0;4;9;
Jeff Withey;;5:40;0;0;0;0;0;0;0;0;0;0;0;1;0;1;0;
Jeff Withey;;4:02;1;1;0;0;0;0;1;1;2;0;0;1;0;0;2;
Jeff Withey;;1:49;0;0;0;0;0;0;0;0;0;0;0;0;0;0;0;
Jeff Withey;;6:25;0;3;0;1;2;2;1;0;1;0;0;0;1;1;2;
Jeff Withey;;13:25;0;0;0;0;3;4;1;3;4;1;0;0;0;1;3;
Jeff Withey;;10:45;2;2;0;0;3;4;1;2;3;0;0;0;1;0;7;
Jeff Withey;;28:06;4;4;0;0;0;0;0;7;7;1;1;5;2;3;8;
Jeff Withey;;29:55;4;5;0;0;5;5;1;4;5;1;1;4;1;3;13;
Jeff Withey;;17:49;3;3;0;0;1;3;1;1;2;0;0;3;0;2;7;
Jeff Withey;;3:02;0;1;0;0;1;2;0;0;0;0;0;0;0;0;1;
Jeff Withey;;23:37;7;10;0;0;3;3;1;1;2;3;0;1;0;1;17;
Jeff Withey;F;25:05;4;12;0;0;0;2;4;1;5;1;0;0;0;2;8;
Jeff Withey;;18:52;2;3;0;0;2;2;1;2;3;0;0;1;0;1;6;
Jeff Withey;F;32:36;2;6;0;0;4;6;1;5;6;0;0;4;1;2;8;
Jeff Withey;F;19:56;3;5;0;0;0;0;1;5;6;1;1;5;1;4;6;
Jeff Withey;;4:47;0;0;0;0;2;2;0;0;0;0;0;0;1;0;2;
Jeff Withey;;1:42;0;0;0;0;0;0;0;0;0;0;0;0;0;0;0;
Jeff Withey;;0:09;0;0;0;0;0;0;0;0;0;0;0;0;0;0;0;
Jeff Withey;;18:17;2;2;0;0;5;6;4;1;5;0;1;1;1;3;9;
Jeff Withey;;9:05;1;2;0;0;1;2;1;2;3;0;0;0;0;0;3;
Jeff Withey;;5:31;0;0;0;0;0;0;0;1;1;1;0;1;1;1;0;
Jeff Withey;;3:39;1;1;0;0;0;0;0;2;2;1;1;0;0;0;2;
Jeff Withey;;4:40;1;2;0;0;0;0;0;0;0;0;0;0;0;1;2;
Jeff Withey;;9:02;0;1;0;0;2;2;3;0;3;1;0;0;0;2;2;
Jeff Withey;;2:49;0;0;0;0;0;0;0;0;0;0;0;0;0;0;0;
Jeff Withey;;1:46;0;0;0;0;0;0;0;1;1;0;0;0;0;0;0;
Jeff Withey;;6:58;1;1;0;0;0;0;2;0;2;1;0;0;0;1;2;
