╔═══════════════╤═══════════════╗
║Name		│Jeff Teague	║
╟───────────────┼───────────────╢
║Number		│0		║
╟───────────────┼───────────────╢
║Position	│G		║
╟───────────────┼───────────────╢
║Height		│6-2		║
╟───────────────┼───────────────╢
║Weight		│181		║
╟───────────────┼───────────────╢
║Birth		│JUN 10, 1988	║
╟───────────────┼───────────────╢
║Age		│26		║
╟───────────────┼───────────────╢
║Exp		│4		║
╟───────────────┼───────────────╢
║School		│Wake Forest	║
╚═══════════════╧═══════════════╝
Jeff Teague;G;30:57;5;13;0;2;4;5;0;3;3;7;2;0;5;4;14;
Jeff Teague;G;32:08;7;16;0;4;2;2;1;1;2;6;2;1;4;4;16;
Jeff Teague;G;35:04;5;15;1;4;5;7;0;2;2;5;0;1;7;3;16;
Jeff Teague;G;35:04;5;14;0;3;5;6;0;5;5;6;1;0;3;1;15;
Jeff Teague;G;32:48;2;12;1;6;2;2;1;2;3;4;2;0;1;2;7;
Jeff Teague;G;35:20;9;18;1;3;1;3;1;0;1;5;0;0;5;1;20;
Jeff Teague;G;27:27;4;13;0;3;8;8;1;1;2;2;1;0;2;3;16;
Jeff Teague;G;19:40;1;7;0;2;0;0;0;0;0;6;0;0;1;1;2;
Jeff Teague;G;35:25;7;14;2;3;7;8;0;5;5;2;3;0;4;1;23;
Jeff Teague;G;13:47;4;7;0;0;1;1;0;2;2;0;0;0;2;0;9;
Jeff Teague;G;23:48;3;10;0;0;6;6;1;0;1;8;2;0;1;3;12;
Jeff Teague;G;31:30;6;15;1;3;6;6;1;2;3;8;3;1;1;4;19;
Jeff Teague;G;24:37;4;8;1;2;0;0;0;1;1;7;0;1;2;1;9;
Jeff Teague;G;32:49;5;14;0;2;1;2;1;1;2;13;0;0;2;1;11;
Jeff Teague;G;31:07;3;10;0;1;2;2;0;0;0;4;1;0;4;0;8;
Jeff Teague;G;32:30;6;9;0;0;0;0;0;1;1;3;1;1;1;2;12;
Jeff Teague;G;29:37;4;13;0;2;5;5;1;1;2;6;1;0;2;3;13;
Jeff Teague;G;32:44;3;8;0;2;2;2;0;2;2;2;1;0;4;2;8;
Jeff Teague;G;30:22;6;16;2;3;2;2;0;2;2;5;0;0;3;1;16;
Jeff Teague;G;36:47;7;12;1;1;13;15;1;2;3;6;0;0;1;2;28;
Jeff Teague;G;34:31;10;20;3;4;3;4;0;2;2;7;0;0;4;3;26;
Jeff Teague;G;32:30;10;18;0;1;6;7;0;3;3;3;2;0;3;2;26;
Jeff Teague;G;31:19;14;21;0;2;1;3;0;6;6;9;2;1;3;5;29;
Jeff Teague;G;25:03;4;12;0;1;2;2;0;2;2;3;0;0;1;0;10;
Jeff Teague;G;28:43;3;9;1;3;2;2;0;2;2;6;1;0;3;0;9;
Jeff Teague;G;32:32;3;9;0;1;3;4;0;1;1;9;1;0;3;2;9;
Jeff Teague;G;33:34;3;10;1;3;7;9;0;3;3;6;0;0;1;1;14;
Jeff Teague;G;32:55;7;10;2;3;6;6;0;3;3;8;0;2;7;1;22;
Jeff Teague;G;36:28;6;13;1;3;2;3;1;5;6;10;1;1;5;2;15;
Jeff Teague;G;28:42;4;14;3;5;0;0;2;4;6;9;0;0;3;2;11;
Jeff Teague;G;40:12;11;18;1;2;11;11;0;3;3;5;4;0;3;2;34;
Jeff Teague;G;35:45;8;16;2;4;8;11;1;2;3;8;0;0;1;4;26;
Jeff Teague;G;35:36;5;13;1;3;5;5;0;3;3;5;1;1;3;2;16;
Jeff Teague;G;31:08;4;10;2;3;7;7;0;4;4;5;1;0;2;2;17;
Jeff Teague;G;19:07;0;5;0;2;0;0;0;1;1;6;1;0;2;1;0;
Jeff Teague;G;37:08;10;18;1;4;1;1;0;3;3;2;1;0;2;2;22;
Jeff Teague;G;32:32;8;17;2;5;1;1;0;1;1;3;0;0;2;3;19;
Jeff Teague;G;33:26;4;11;1;3;3;3;1;2;3;5;1;0;4;0;12;
Jeff Teague;G;35:04;7;14;3;7;4;5;1;1;2;8;2;0;4;2;21;
Jeff Teague;G;35:48;7;12;3;5;3;4;0;2;2;12;0;0;3;2;20;
Jeff Teague;G;33:55;9;17;2;5;5;5;0;3;3;2;0;0;3;3;25;
Jeff Teague;G;33:50;5;9;1;4;4;4;0;1;1;9;0;0;2;0;15;
Jeff Teague;G;31:53;6;12;3;6;4;4;0;0;0;8;2;1;2;1;19;
Jeff Teague;G;33:36;7;15;0;3;8;8;0;3;3;3;1;1;2;3;22;
Jeff Teague;G;35:53;9;17;1;3;6;8;0;4;4;3;4;0;0;1;25;
Jeff Teague;G;22:47;4;6;3;4;0;0;0;4;4;5;1;0;0;3;11;
Jeff Teague;G;19:35;4;8;2;5;1;2;0;0;0;2;1;0;2;1;11;
Jeff Teague;G;34:19;7;13;1;4;9;12;0;2;2;9;4;0;6;3;24;
Jeff Teague;G;36:17;4;13;1;4;8;9;0;0;0;12;1;0;1;1;17;
Jeff Teague;G;32:40;7;18;0;3;0;0;1;5;6;4;2;0;2;1;14;
Jeff Teague;G;33:40;6;12;2;5;4;8;0;3;3;10;1;0;4;2;18;
Jeff Teague;G;34:23;7;17;0;1;0;0;1;1;2;11;0;0;3;3;14;
Jeff Teague;G;40:16;6;15;1;2;6;6;1;0;1;13;1;0;2;1;19;
Jeff Teague;G;31:16;4;14;1;3;5;8;1;2;3;12;2;1;4;2;14;
Jeff Teague;G;39:50;7;17;0;2;11;14;1;4;5;8;0;0;4;4;25;
Jeff Teague;G;34:52;10;16;1;3;12;13;0;4;4;10;1;0;4;3;33;
Jeff Teague;G;25:18;5;9;0;1;6;10;0;2;2;1;3;0;3;1;16;
Jeff Teague;G;26:24;4;13;1;3;0;0;2;0;2;7;0;0;3;4;9;
Jeff Teague;G;34:20;8;14;0;2;2;2;0;1;1;7;1;0;5;3;18;
Jeff Teague;G;33:48;7;17;0;2;4;5;2;4;6;9;2;1;4;1;18;
Jeff Teague;G;34:23;3;15;0;4;7;8;1;3;4;10;3;0;2;2;13;
Jeff Teague;G;30:37;4;11;1;2;6;6;0;3;3;6;1;0;4;1;15;
Jeff Teague;G;24:37;0;5;0;1;4;4;0;2;2;6;1;1;3;2;4;
Jeff Teague;G;34:57;8;14;0;1;9;11;0;1;1;6;2;0;1;1;25;
Jeff Teague;G;30:56;5;18;0;2;5;5;1;2;3;5;0;0;5;2;15;
Jeff Teague;G;36:42;6;13;3;4;4;4;0;3;3;7;1;0;3;3;19;
Jeff Teague;G;28:32;2;5;1;1;1;1;0;0;0;6;0;0;4;5;6;
Jeff Teague;G;24:59;6;14;1;4;0;0;0;0;0;6;1;0;1;2;13;
Jeff Teague;G;35:46;5;15;0;2;7;7;3;2;5;6;3;0;4;2;17;
Jeff Teague;G;40:11;4;11;1;2;3;4;0;2;2;7;1;0;3;1;12;
Jeff Teague;G;27:29;2;6;0;1;0;0;0;0;0;6;0;0;4;1;4;
Jeff Teague;G;38:42;6;16;2;3;3;4;0;4;4;10;1;1;2;1;17;
Jeff Teague;G;31:24;6;11;1;2;5;6;1;7;8;15;0;0;6;3;18;
Jeff Teague;G;24:46;3;8;0;1;3;3;1;1;2;8;1;0;2;2;9;
Jeff Teague;G;38:07;10;20;0;2;6;10;2;4;6;8;2;0;5;4;26;
Jeff Teague;G;43:44;11;20;1;4;4;6;0;2;2;12;3;0;5;3;27;
Jeff Teague;G;39:11;7;14;4;7;2;2;0;0;0;9;2;0;3;1;20;
Jeff Teague;G;34:13;9;17;2;4;2;2;0;3;3;8;2;1;3;3;22;
Jeff Teague;G;33:17;6;17;0;3;4;4;1;5;6;6;0;0;1;1;16;
