╔═══════════════╤═══════════════╗
║Name		│Jeff Adrien	║
╟───────────────┼───────────────╢
║Number		│12		║
╟───────────────┼───────────────╢
║Position	│F		║
╟───────────────┼───────────────╢
║Height		│6-7		║
╟───────────────┼───────────────╢
║Weight		│245		║
╟───────────────┼───────────────╢
║Birth		│FEB 10, 1986	║
╟───────────────┼───────────────╢
║Age		│28		║
╟───────────────┼───────────────╢
║Exp		│3		║
╟───────────────┼───────────────╢
║School		│Connecticut	║
╚═══════════════╧═══════════════╝
Jeff Adrien;;3:49;0;0;0;0;0;0;0;0;0;0;1;0;0;1;0;
Jeff Adrien;;5:37;1;2;0;0;0;1;0;1;1;0;0;0;0;0;2;
Jeff Adrien;;0:49;0;0;0;0;0;0;0;0;0;0;0;0;0;0;0;
Jeff Adrien;;9:20;0;1;0;0;1;4;1;4;5;1;0;1;3;3;1;
Jeff Adrien;;8:37;0;0;0;0;0;0;1;1;2;1;0;1;1;2;0;
Jeff Adrien;;7:06;1;1;0;0;0;0;0;4;4;1;1;0;0;2;2;
Jeff Adrien;;4:19;2;2;0;0;0;0;0;0;0;0;0;0;0;0;4;
Jeff Adrien;;3:00;0;0;0;0;0;0;1;2;3;0;0;1;1;1;0;
Jeff Adrien;;18:03;3;7;0;0;0;0;5;6;11;3;0;0;1;5;6;
Jeff Adrien;;24:07;3;8;0;0;0;0;4;6;10;2;1;1;2;2;6;
Jeff Adrien;;19:39;2;3;0;0;0;0;0;6;6;0;0;0;1;0;4;
Jeff Adrien;;16:09;2;5;0;0;1;2;3;7;10;0;1;1;2;2;5;
Jeff Adrien;;19:42;3;8;0;0;2;4;3;8;11;0;1;1;0;5;8;
Jeff Adrien;;22:09;6;9;0;0;3;3;1;4;5;1;1;0;0;4;15;
Jeff Adrien;;29:48;5;8;0;0;10;11;4;6;10;2;1;3;0;3;20;
Jeff Adrien;;22:25;2;4;0;0;4;5;5;3;8;0;0;1;1;1;8;
Jeff Adrien;;4:46;0;0;0;0;0;0;0;1;1;0;0;0;1;0;0;
Jeff Adrien;;20:09;5;6;0;0;2;4;2;5;7;0;0;2;1;2;12;
Jeff Adrien;;17:34;5;10;0;0;2;4;2;4;6;0;2;1;0;2;12;
Jeff Adrien;;23:04;5;10;0;0;0;0;3;4;7;1;1;0;1;3;10;
Jeff Adrien;;14:27;4;6;0;0;4;5;2;2;4;1;1;0;0;3;12;
Jeff Adrien;;19:49;3;5;0;0;1;1;1;4;5;1;1;1;1;3;7;
Jeff Adrien;;23:07;5;6;0;0;1;2;1;5;6;1;0;0;0;0;11;
Jeff Adrien;;24:03;4;8;0;0;5;8;0;4;4;1;1;0;0;5;13;
Jeff Adrien;F;31:54;4;11;0;0;6;6;3;4;7;2;0;0;1;4;14;
Jeff Adrien;F;31:59;3;8;0;0;2;3;1;8;9;2;0;2;1;3;8;
Jeff Adrien;F;14:56;1;5;0;0;2;2;1;2;3;1;1;0;3;3;4;
Jeff Adrien;F;26:52;7;13;0;0;2;2;4;4;8;1;0;0;1;2;16;
Jeff Adrien;F;34:29;7;15;0;0;0;0;1;6;7;2;0;1;2;2;14;
Jeff Adrien;F;36:45;9;12;0;0;3;6;3;6;9;2;1;3;3;3;21;
Jeff Adrien;F;41:20;8;17;0;0;3;3;4;8;12;2;0;1;1;1;19;
Jeff Adrien;F;36:54;6;14;0;0;1;2;6;11;17;1;2;1;0;4;13;
Jeff Adrien;F;26:51;3;10;0;0;3;6;4;5;9;1;0;1;0;5;9;
Jeff Adrien;F;30:32;4;6;0;0;3;8;3;7;10;0;0;1;5;2;11;
Jeff Adrien;F;39:56;9;16;0;0;1;3;1;8;9;0;1;0;0;3;19;
Jeff Adrien;F;34:00;3;5;0;0;2;4;2;5;7;4;1;0;3;1;8;
Jeff Adrien;;1:02;0;1;0;0;0;0;0;0;0;0;0;0;0;0;0;
Jeff Adrien;;11:11;1;1;0;0;3;3;0;3;3;0;0;2;0;1;5;
Jeff Adrien;;22:30;4;7;0;0;0;1;7;6;13;0;1;1;1;2;8;
Jeff Adrien;;21:51;1;1;0;0;0;0;2;6;8;1;1;1;0;2;2;
Jeff Adrien;;8:11;1;1;0;0;0;0;2;0;2;0;0;2;0;1;2;
Jeff Adrien;;2:45;0;0;0;0;0;0;0;1;1;0;0;0;0;0;0;
Jeff Adrien;;27:13;3;4;0;0;0;2;3;3;6;3;0;4;0;3;6;
Jeff Adrien;;25:26;2;5;0;0;3;4;5;5;10;0;0;1;0;3;7;
Jeff Adrien;;15:36;1;3;0;0;3;3;1;2;3;0;1;0;1;1;5;
Jeff Adrien;;17:20;2;4;0;0;0;2;4;6;10;0;1;0;0;1;4;
Jeff Adrien;;15:08;0;0;0;0;1;2;1;2;3;0;0;0;1;1;1;
Jeff Adrien;;4:35;0;1;0;0;0;0;1;0;1;0;0;0;0;3;0;
Jeff Adrien;;2:46;0;0;0;0;0;0;1;1;2;0;0;0;0;0;0;
Jeff Adrien;;8:11;0;0;0;0;0;0;0;1;1;0;0;1;0;2;0;
Jeff Adrien;;13:13;1;4;0;0;0;0;3;4;7;0;0;0;0;3;2;
Jeff Adrien;;13:50;1;1;0;0;2;2;0;2;2;0;1;0;0;1;4;
Jeff Adrien;;3:02;1;1;0;0;0;1;0;1;1;0;0;0;0;2;2;
