╔═══════════════╤═══════════════╗
║Name		│Jeff Green	║
╟───────────────┼───────────────╢
║Number		│8		║
╟───────────────┼───────────────╢
║Position	│F		║
╟───────────────┼───────────────╢
║Height		│6-9		║
╟───────────────┼───────────────╢
║Weight		│235		║
╟───────────────┼───────────────╢
║Birth		│AUG 28, 1986	║
╟───────────────┼───────────────╢
║Age		│27		║
╟───────────────┼───────────────╢
║Exp		│5		║
╟───────────────┼───────────────╢
║School		│Georgetown	║
╚═══════════════╧═══════════════╝
Jeff Green;F;30:24;5;18;1;4;0;0;2;3;5;0;0;1;1;4;11;
Jeff Green;F;30:25;5;12;2;7;4;6;0;2;2;2;0;1;2;2;16;
Jeff Green;F;33:46;8;15;3;5;0;0;0;1;1;2;1;1;2;1;19;
Jeff Green;F;35:29;7;19;2;7;1;2;0;4;4;1;2;1;2;1;17;
Jeff Green;F;33:18;5;12;1;2;4;6;1;10;11;1;0;0;2;5;15;
Jeff Green;F;36:40;11;17;1;2;1;1;2;9;11;2;0;1;4;5;24;
Jeff Green;F;33:06;6;15;0;4;4;7;2;6;8;2;1;1;1;3;16;
Jeff Green;F;27:43;2;10;0;1;0;0;0;6;6;0;0;0;4;1;4;
Jeff Green;F;37:32;4;16;1;5;4;6;1;4;5;1;0;0;2;2;13;
Jeff Green;F;35:04;4;12;1;3;3;4;0;9;9;2;1;2;0;2;12;
Jeff Green;F;34:44;4;11;1;2;13;15;0;2;2;3;0;1;0;4;22;
Jeff Green;F;36:51;5;15;2;7;0;0;0;6;6;1;0;1;3;3;12;
Jeff Green;F;45:44;14;26;8;16;3;5;0;9;9;1;3;1;1;2;39;
Jeff Green;F;31:31;7;17;1;8;1;2;0;2;2;1;1;0;1;0;16;
Jeff Green;F;27:55;2;13;1;7;3;4;0;2;2;1;1;0;1;4;8;
Jeff Green;F;26:37;4;13;2;5;4;4;3;4;7;1;3;0;3;1;14;
Jeff Green;F;37:33;5;13;2;3;6;8;2;4;6;5;0;0;3;1;18;
Jeff Green;F;36:25;2;13;1;5;3;3;0;2;2;5;2;1;4;2;8;
Jeff Green;F;34:54;11;18;5;7;9;12;2;6;8;2;0;2;3;1;36;
Jeff Green;F;32:38;6;20;2;8;3;5;1;2;3;3;0;0;1;1;17;
Jeff Green;F;35:55;6;15;3;8;3;4;2;3;5;3;3;1;1;2;18;
Jeff Green;F;44:08;11;22;1;6;6;7;0;1;1;3;2;1;3;1;29;
Jeff Green;F;34:36;4;17;1;4;1;2;1;1;2;3;1;0;4;1;10;
Jeff Green;F;35:08;5;12;1;6;6;6;0;5;5;0;1;0;0;0;17;
Jeff Green;F;32:00;8;17;3;6;2;2;0;3;3;2;1;0;3;5;21;
Jeff Green;F;43:00;7;25;2;9;13;18;0;6;6;2;0;0;2;3;29;
Jeff Green;F;40:12;7;16;2;6;5;6;0;4;4;0;0;0;1;4;21;
Jeff Green;F;40:05;7;15;1;4;2;2;1;7;8;0;1;0;3;3;17;
Jeff Green;F;43:22;10;22;2;5;5;6;2;3;5;1;0;1;1;3;27;
Jeff Green;F;24:19;2;7;0;1;0;0;1;2;3;2;0;2;2;1;4;
Jeff Green;F;35:03;6;11;0;4;3;4;0;3;3;1;1;0;2;2;15;
Jeff Green;F;35:27;11;19;5;12;0;0;1;2;3;1;1;2;2;1;27;
Jeff Green;F;36:46;3;16;0;4;6;6;1;3;4;2;0;0;0;3;12;
Jeff Green;F;41:09;10;21;2;5;5;7;0;2;2;0;0;0;1;4;27;
Jeff Green;F;35:46;2;14;1;7;4;4;1;5;6;2;2;1;2;1;9;
Jeff Green;F;39:21;12;23;4;7;11;12;0;6;6;1;0;1;1;5;39;
Jeff Green;F;38:47;2;12;1;2;0;0;2;7;9;4;1;0;6;3;5;
Jeff Green;F;31:23;5;13;3;7;0;0;1;3;4;3;0;0;2;1;13;
Jeff Green;F;32:00;6;15;1;4;3;3;0;2;2;2;2;0;0;1;16;
Jeff Green;F;20:13;3;9;0;2;0;0;0;2;2;0;0;1;1;2;6;
Jeff Green;F;29:42;7;14;2;4;0;0;0;4;4;2;1;1;3;1;16;
Jeff Green;F;29:59;6;17;4;8;0;0;2;3;5;3;2;0;1;3;16;
Jeff Green;F;39:40;4;13;1;3;0;0;0;2;2;1;2;0;4;4;9;
Jeff Green;F;32:28;3;13;0;6;7;7;0;1;1;3;0;1;1;2;13;
Jeff Green;F;33:24;4;8;1;5;6;8;1;3;4;1;0;1;2;3;15;
Jeff Green;F;41:24;8;21;3;10;4;4;0;4;4;3;0;0;3;3;23;
Jeff Green;F;35:45;5;15;2;9;1;2;0;6;6;3;0;2;3;2;13;
Jeff Green;F;34:06;8;11;1;1;1;1;0;3;3;3;1;0;6;4;18;
Jeff Green;F;31:19;6;18;3;9;4;6;0;8;8;2;1;2;1;4;19;
Jeff Green;F;37:38;10;16;2;4;5;6;0;3;3;1;3;2;1;6;27;
Jeff Green;F;35:58;6;15;2;7;6;7;1;3;4;1;0;0;2;1;20;
Jeff Green;G;37:03;8;16;2;3;7;9;0;5;5;2;1;1;1;4;25;
Jeff Green;G;38:10;4;13;1;3;4;7;4;5;9;1;0;0;4;3;13;
Jeff Green;G;20:06;3;5;0;0;1;1;0;2;2;2;0;0;2;2;7;
Jeff Green;G;40:27;6;12;1;4;9;12;0;5;5;1;0;1;2;2;22;
Jeff Green;F;36:18;6;13;3;4;3;3;0;3;3;4;1;0;1;1;18;
Jeff Green;F;31:51;5;14;0;3;0;1;1;2;3;3;2;0;0;0;10;
Jeff Green;F;35:51;8;16;5;8;3;5;1;4;5;1;0;1;0;2;24;
Jeff Green;F;28:52;5;9;1;2;5;5;1;3;4;1;0;0;3;3;16;
Jeff Green;F;31:58;7;13;1;5;4;7;0;1;1;0;0;0;1;3;19;
Jeff Green;F;30:40;4;12;0;4;6;6;1;3;4;1;0;0;0;0;14;
Jeff Green;F;29:44;0;6;0;2;2;2;1;6;7;1;0;2;4;1;2;
Jeff Green;F;22:15;2;7;0;2;0;0;0;2;2;1;0;0;0;3;4;
Jeff Green;F;38:55;7;14;2;2;3;4;1;4;5;3;0;1;2;1;19;
Jeff Green;F;37:32;8;13;2;3;2;2;0;2;2;0;1;0;3;1;20;
Jeff Green;F;35:16;4;10;1;4;7;8;0;5;5;0;0;0;4;1;16;
Jeff Green;F;36:17;5;16;1;4;2;2;1;6;7;0;1;1;3;2;13;
Jeff Green;F;38:44;9;19;1;5;7;8;2;5;7;1;1;0;0;2;26;
Jeff Green;F;38:23;10;19;2;4;9;13;1;4;5;2;0;0;4;1;31;
Jeff Green;F;40:43;7;15;2;6;2;2;1;2;3;6;0;0;2;1;18;
Jeff Green;F;32:21;6;9;3;5;3;5;1;4;5;3;0;0;3;3;18;
Jeff Green;F;32:51;6;13;1;3;2;2;0;2;2;0;0;0;0;0;15;
Jeff Green;F;25:06;6;9;1;2;3;3;0;6;6;3;0;0;2;2;16;
Jeff Green;F;37:11;6;13;4;4;3;4;1;5;6;1;2;0;3;3;19;
Jeff Green;F;44:04;10;23;3;7;6;6;0;4;4;1;0;1;1;2;29;
Jeff Green;F;28:35;3;7;1;3;1;3;1;3;4;2;0;1;0;1;8;
Jeff Green;F;31:03;3;11;1;4;1;1;1;4;5;2;0;2;3;1;8;
Jeff Green;F;29:57;6;13;1;2;0;0;1;6;7;1;2;0;3;3;13;
Jeff Green;F;34:01;4;13;0;6;5;7;0;2;2;1;1;1;2;2;13;
Jeff Green;F;25:33;4;9;2;2;1;1;1;5;6;1;0;1;4;4;11;
Jeff Green;F;35:57;5;12;2;5;7;7;0;8;8;1;2;1;1;1;19;
Jeff Green;F;21:13;4;10;0;2;0;0;0;5;5;1;2;0;3;1;8;
