╔═══════════════╤═══════════════════════╗
║Name		│Jeremy Evans		║
╟───────────────┼───────────────────────╢
║Number		│40			║
╟───────────────┼───────────────────────╢
║Position	│F			║
╟───────────────┼───────────────────────╢
║Height		│6-9			║
╟───────────────┼───────────────────────╢
║Weight		│197			║
╟───────────────┼───────────────────────╢
║Birth		│OCT 24, 1987		║
╟───────────────┼───────────────────────╢
║Age		│26			║
╟───────────────┼───────────────────────╢
║Exp		│3			║
╟───────────────┼───────────────────────╢
║School		│Western Kentucky	║
╚═══════════════╧═══════════════════════╝
Jeremy Evans;;19:17;1;4;0;0;0;0;1;2;3;0;1;1;0;2;2;
Jeremy Evans;;17:14;5;6;0;0;1;1;3;3;6;1;0;0;0;3;11;
Jeremy Evans;;6:57;1;2;0;0;2;2;0;3;3;0;0;0;0;1;4;
Jeremy Evans;;15:17;3;3;0;0;0;1;2;1;3;1;0;0;0;2;6;
Jeremy Evans;;15:13;2;4;0;0;2;2;3;2;5;0;0;1;0;3;6;
Jeremy Evans;;16:18;3;5;0;0;0;0;0;2;2;0;0;0;1;1;6;
Jeremy Evans;;22:48;4;5;0;0;1;2;1;4;5;2;0;1;0;2;9;
Jeremy Evans;;25:21;3;7;0;0;3;4;5;5;10;2;2;1;2;2;9;
Jeremy Evans;;29:21;5;11;0;0;0;0;2;3;5;2;0;0;0;3;10;
Jeremy Evans;;13:48;1;2;0;0;2;2;0;0;0;0;1;0;0;0;4;
Jeremy Evans;;19:47;4;8;0;0;6;12;7;3;10;1;1;1;0;1;14;
Jeremy Evans;F;16:43;5;8;0;0;0;0;1;3;4;1;0;0;0;0;10;
Jeremy Evans;;19:34;2;3;0;0;1;1;1;3;4;0;1;0;0;2;5;
Jeremy Evans;;20:02;3;4;0;1;0;0;1;6;7;1;1;0;1;2;6;
Jeremy Evans;;25:31;7;10;0;0;0;0;3;2;5;0;3;2;0;3;14;
Jeremy Evans;;18:01;5;7;0;0;0;0;2;2;4;0;1;1;0;2;10;
Jeremy Evans;;20:25;1;3;0;0;1;1;4;9;13;0;1;0;0;1;3;
Jeremy Evans;;17:08;1;1;0;0;0;0;0;3;3;0;0;0;1;4;2;
Jeremy Evans;;24:53;2;3;0;0;5;6;1;5;6;2;1;0;0;4;9;
Jeremy Evans;;18:14;2;4;0;0;0;0;0;6;6;0;2;4;0;3;4;
Jeremy Evans;;25:54;5;7;0;0;1;2;2;6;8;0;1;1;4;5;11;
Jeremy Evans;;14:14;0;0;0;0;0;0;1;1;2;0;0;1;2;0;0;
Jeremy Evans;;19:52;2;6;0;0;0;0;5;3;8;0;0;2;1;2;4;
Jeremy Evans;;15:40;2;3;0;0;0;0;1;0;1;0;0;1;0;3;4;
Jeremy Evans;;24:52;4;8;0;0;0;0;1;3;4;0;0;1;0;0;8;
Jeremy Evans;;11:54;2;4;0;0;0;0;2;4;6;0;0;0;0;2;4;
Jeremy Evans;;8:55;0;2;0;0;0;0;1;1;2;0;0;0;0;0;0;
Jeremy Evans;;11:02;1;2;0;0;1;2;0;0;0;0;0;0;0;3;3;
Jeremy Evans;;18:04;4;7;0;0;1;1;2;4;6;1;0;0;1;3;9;
Jeremy Evans;;21:28;3;6;0;0;0;0;0;4;4;0;1;1;0;1;6;
Jeremy Evans;;9:45;2;2;0;0;0;0;1;1;2;1;1;0;0;2;4;
Jeremy Evans;;22:29;1;4;0;0;0;0;1;1;2;0;1;1;0;2;2;
Jeremy Evans;;5:49;0;1;0;0;0;0;0;0;0;0;0;1;1;2;0;
Jeremy Evans;;8:08;0;1;0;0;0;0;0;0;0;0;0;0;0;1;0;
Jeremy Evans;;8:10;1;3;0;0;0;0;0;0;0;0;0;0;1;0;2;
Jeremy Evans;;9:06;1;3;0;0;0;0;0;3;3;1;1;0;1;2;2;
Jeremy Evans;;5:32;1;1;0;0;0;0;1;0;1;2;0;0;0;1;2;
Jeremy Evans;;1:17;0;0;0;0;0;0;0;0;0;0;0;0;0;0;0;
Jeremy Evans;;16:44;1;1;0;0;1;2;1;1;2;1;0;0;2;4;3;
Jeremy Evans;;22:59;4;8;0;0;0;2;3;2;5;1;2;0;0;1;8;
Jeremy Evans;;32:17;3;9;0;0;0;0;6;5;11;0;1;1;2;2;6;
Jeremy Evans;;24:18;2;3;0;0;0;0;0;2;2;0;3;2;0;0;4;
Jeremy Evans;;20:35;3;7;0;0;4;5;1;4;5;1;1;2;1;3;10;
Jeremy Evans;;24:01;1;3;0;0;1;2;2;3;5;3;0;0;1;0;3;
Jeremy Evans;C;37:13;8;13;0;0;2;2;6;5;11;0;3;3;4;5;18;
Jeremy Evans;;12:57;4;4;0;0;0;0;1;0;1;1;1;1;2;4;8;
Jeremy Evans;;16:00;7;7;0;0;0;0;2;1;3;0;0;2;1;2;14;
Jeremy Evans;;17:35;1;2;0;0;0;0;1;5;6;1;1;1;2;1;2;
Jeremy Evans;;23:13;4;7;0;0;1;1;4;1;5;2;2;0;2;3;9;
Jeremy Evans;;26:16;5;8;0;0;0;2;3;4;7;1;2;1;1;4;10;
Jeremy Evans;;19:54;4;4;0;0;4;5;1;2;3;1;1;0;0;4;12;
Jeremy Evans;;17:13;1;4;0;0;1;2;1;5;6;2;0;1;2;4;3;
Jeremy Evans;;18:25;4;7;0;0;2;2;7;2;9;1;1;0;0;4;10;
Jeremy Evans;F;29:16;4;9;0;0;0;0;4;5;9;0;0;2;0;6;8;
Jeremy Evans;F;37:39;3;9;0;0;0;0;4;4;8;2;1;2;0;4;6;
Jeremy Evans;;20:26;4;8;0;0;1;1;1;5;6;3;0;1;0;1;9;
Jeremy Evans;;21:33;3;9;0;0;4;4;4;7;11;0;0;0;0;2;10;
Jeremy Evans;;20:50;2;7;0;0;0;0;4;7;11;2;1;2;1;0;4;
Jeremy Evans;;17:48;2;6;0;0;0;0;0;3;3;0;0;0;1;2;4;
Jeremy Evans;;14:17;2;5;0;0;0;0;0;4;4;0;0;0;0;0;4;
Jeremy Evans;;22:41;4;10;0;0;2;2;3;2;5;1;0;1;1;3;10;
Jeremy Evans;;13:07;1;5;0;0;0;2;1;1;2;1;0;1;0;1;2;
Jeremy Evans;;15:02;4;6;0;0;0;0;1;2;3;1;1;2;0;1;8;
Jeremy Evans;;12:14;2;4;0;1;1;2;2;3;5;0;0;0;0;2;5;
Jeremy Evans;;16:03;3;4;0;0;0;0;0;4;4;0;1;0;1;3;6;
Jeremy Evans;;13:38;0;3;0;0;0;0;2;3;5;1;0;0;0;2;0;
