╔═══════════════╤═══════════════╗
║Name		│Jeremy Lamb	║
╟───────────────┼───────────────╢
║Number		│11		║
╟───────────────┼───────────────╢
║Position	│G		║
╟───────────────┼───────────────╢
║Height		│6-5		║
╟───────────────┼───────────────╢
║Weight		│185		║
╟───────────────┼───────────────╢
║Birth		│MAY 30, 1992	║
╟───────────────┼───────────────╢
║Age		│22		║
╟───────────────┼───────────────╢
║Exp		│1		║
╟───────────────┼───────────────╢
║School		│Connecticut	║
╚═══════════════╧═══════════════╝
Jeremy Lamb;;19:45;3;7;1;2;2;2;0;3;3;2;1;1;2;2;9;
Jeremy Lamb;;26:46;2;7;0;2;5;5;2;6;8;3;2;0;2;3;9;
Jeremy Lamb;;23:00;5;10;3;5;0;0;0;3;3;6;0;0;0;2;13;
Jeremy Lamb;;27:14;4;14;1;8;0;0;0;4;4;0;2;0;0;4;9;
Jeremy Lamb;;25:48;1;12;0;4;1;2;0;1;1;1;0;3;1;2;3;
Jeremy Lamb;;28:28;6;10;3;5;2;2;2;1;3;2;1;1;3;2;17;
Jeremy Lamb;;28:39;3;9;0;4;3;4;1;6;7;1;0;0;1;3;9;
Jeremy Lamb;;22:07;2;9;1;6;0;0;0;1;1;0;0;0;1;1;5;
Jeremy Lamb;;26:13;5;9;2;4;0;0;0;3;3;3;0;1;0;1;12;
Jeremy Lamb;;21:31;4;10;2;5;0;0;1;1;2;0;0;0;0;2;10;
Jeremy Lamb;;20:30;4;10;0;2;1;4;2;2;4;1;1;0;0;0;9;
Jeremy Lamb;;23:35;4;11;1;4;0;0;1;1;2;5;0;0;0;1;9;
Jeremy Lamb;;29:46;9;17;1;4;0;0;1;5;6;4;2;0;2;2;19;
Jeremy Lamb;;19:41;2;9;1;5;0;0;0;2;2;1;1;0;0;3;5;
Jeremy Lamb;;17:32;5;8;2;4;2;2;0;2;2;1;1;0;1;2;14;
Jeremy Lamb;;34:56;7;10;4;6;0;0;2;1;3;4;0;0;2;1;18;
Jeremy Lamb;;22:00;5;6;0;0;2;2;0;1;1;2;0;1;3;0;12;
Jeremy Lamb;;21:47;3;7;0;3;0;0;0;1;1;1;0;0;0;0;6;
Jeremy Lamb;;12:18;2;6;0;1;0;1;0;1;1;1;1;0;0;3;4;
Jeremy Lamb;;17:24;3;10;1;4;0;0;1;2;3;1;3;0;1;5;7;
Jeremy Lamb;;25:51;3;6;2;2;0;0;0;4;4;4;0;1;2;2;8;
Jeremy Lamb;;17:47;1;7;1;5;2;2;0;2;2;3;0;1;0;1;5;
Jeremy Lamb;;30:43;8;11;2;2;1;1;1;4;5;2;1;0;2;1;19;
Jeremy Lamb;;22:07;3;10;2;4;3;4;0;1;1;3;4;1;0;6;11;
Jeremy Lamb;;20:36;1;9;0;6;0;0;0;1;1;2;2;0;2;2;2;
Jeremy Lamb;;16:10;1;2;0;1;2;2;0;2;2;0;1;0;1;1;4;
Jeremy Lamb;;10:43;1;4;1;3;1;2;0;2;2;0;1;0;1;1;4;
Jeremy Lamb;;11:20;1;5;1;3;0;0;1;0;1;0;0;0;2;1;3;
Jeremy Lamb;;24:04;2;8;1;4;2;2;1;4;5;0;0;1;0;1;7;
Jeremy Lamb;;14:20;3;8;1;3;0;0;1;1;2;0;3;1;0;0;7;
Jeremy Lamb;;13:10;3;6;1;3;0;0;0;0;0;0;1;0;0;3;7;
Jeremy Lamb;;12:46;1;5;1;2;0;0;1;3;4;0;0;0;1;2;3;
Jeremy Lamb;;3:19;0;2;0;0;0;0;0;1;1;0;0;0;0;1;0;
Jeremy Lamb;;6:52;1;2;0;1;0;0;0;2;2;3;0;0;1;0;2;
Jeremy Lamb;;10:48;2;5;0;2;0;0;0;1;1;0;2;0;0;0;4;
Jeremy Lamb;;1:51;0;0;0;0;0;0;0;0;0;0;0;0;1;0;0;
Jeremy Lamb;;25:50;4;10;1;3;1;1;1;2;3;2;0;2;2;2;10;
Jeremy Lamb;;0:21;0;1;0;1;0;0;0;0;0;0;0;0;0;0;0;
Jeremy Lamb;;19:40;1;8;0;1;0;0;0;3;3;2;0;0;0;3;2;
Jeremy Lamb;;32:33;5;11;3;6;0;3;0;5;5;5;2;0;2;3;13;
Jeremy Lamb;;22:18;3;8;1;2;1;2;0;3;3;4;0;0;1;0;8;
Jeremy Lamb;;0:55;1;1;0;0;0;0;0;1;1;0;0;0;0;0;2;
Jeremy Lamb;;21:58;5;8;2;4;0;0;0;1;1;1;0;0;1;3;12;
Jeremy Lamb;;8:03;1;2;0;1;0;0;0;0;0;0;1;0;0;5;2;
Jeremy Lamb;;16:50;4;9;2;4;0;0;0;0;0;1;1;1;1;1;10;
Jeremy Lamb;;8:40;3;6;1;1;2;2;0;0;0;1;0;0;0;2;9;
Jeremy Lamb;;11:45;1;2;1;2;0;0;0;1;1;0;0;0;2;1;3;
Jeremy Lamb;;17:27;2;6;0;1;0;0;1;2;3;0;1;0;0;2;4;
Jeremy Lamb;;21:15;7;15;2;5;0;0;0;4;4;2;0;1;1;1;16;
Jeremy Lamb;;15:53;3;5;0;2;2;2;0;2;2;1;0;1;0;3;8;
Jeremy Lamb;;20:15;4;7;3;5;2;2;0;3;3;3;0;1;2;2;13;
Jeremy Lamb;;16:08;3;6;2;3;2;2;0;0;0;0;0;0;0;3;10;
Jeremy Lamb;;20:18;2;6;1;4;3;3;0;2;2;0;2;0;0;1;8;
Jeremy Lamb;;13:49;0;5;0;1;0;0;1;1;2;1;1;0;1;2;0;
Jeremy Lamb;;18:02;3;9;3;7;0;0;0;0;0;1;0;0;0;1;9;
Jeremy Lamb;;25:46;3;11;1;3;0;0;0;3;3;2;2;0;1;1;7;
Jeremy Lamb;;19:40;3;5;2;3;0;0;0;1;1;0;2;0;0;3;8;
Jeremy Lamb;;19:43;5;10;1;5;0;0;1;3;4;2;0;1;1;0;11;
Jeremy Lamb;;24:54;7;13;0;2;1;1;0;2;2;2;1;0;2;3;15;
Jeremy Lamb;;20:15;5;7;2;3;0;0;0;2;2;1;0;0;0;1;12;
Jeremy Lamb;;27:16;3;7;2;4;0;0;0;3;3;0;0;1;0;3;8;
Jeremy Lamb;;16:51;4;8;1;3;0;0;0;2;2;2;0;0;1;2;9;
Jeremy Lamb;;23:48;5;8;2;3;2;2;0;2;2;1;0;0;0;2;14;
Jeremy Lamb;;25:53;5;10;0;1;0;0;0;2;2;1;1;1;0;3;10;
Jeremy Lamb;;14:32;1;5;0;2;0;0;1;1;2;1;0;1;0;5;2;
Jeremy Lamb;;16:14;2;6;1;2;0;0;1;2;3;0;0;0;0;1;5;
Jeremy Lamb;;21:17;5;9;1;4;0;0;0;2;2;0;2;0;2;2;11;
Jeremy Lamb;;27:47;7;9;3;4;1;1;0;2;2;1;0;0;2;2;18;
Jeremy Lamb;;26:38;5;10;1;3;0;0;1;3;4;1;0;1;1;2;11;
Jeremy Lamb;;23:01;7;10;2;3;0;0;1;2;3;3;1;0;0;2;16;
Jeremy Lamb;;21:34;4;9;1;5;0;0;0;6;6;3;2;1;0;3;9;
Jeremy Lamb;;23:02;3;11;1;2;0;0;1;1;2;2;1;0;0;3;7;
Jeremy Lamb;;15:51;2;8;2;5;0;0;0;2;2;2;0;0;0;2;6;
Jeremy Lamb;;22:11;3;8;1;4;0;0;0;1;1;0;1;1;0;2;7;
Jeremy Lamb;;22:40;5;8;2;4;1;1;0;2;2;3;2;0;1;3;13;
Jeremy Lamb;;23:54;4;10;1;4;1;2;0;2;2;1;0;0;1;0;10;
Jeremy Lamb;;26:11;8;10;3;4;3;3;0;5;5;5;2;1;3;2;22;
Jeremy Lamb;;20:36;5;11;0;2;0;0;0;6;6;1;0;0;1;0;10;
