╔═══════════════╤═══════════════╗
║Name		│Jeremy Lin	║
╟───────────────┼───────────────╢
║Number		│7		║
╟───────────────┼───────────────╢
║Position	│G		║
╟───────────────┼───────────────╢
║Height		│6-3		║
╟───────────────┼───────────────╢
║Weight		│200		║
╟───────────────┼───────────────╢
║Birth		│AUG 23, 1988	║
╟───────────────┼───────────────╢
║Age		│25		║
╟───────────────┼───────────────╢
║Exp		│3		║
╟───────────────┼───────────────╢
║School		│Harvard	║
╚═══════════════╧═══════════════╝
Jeremy Lin;G;28:11;5;11;1;2;3;3;1;1;2;4;0;0;3;2;14;
Jeremy Lin;G;39:21;4;12;1;5;4;7;0;4;4;4;1;1;4;3;13;
Jeremy Lin;G;38:55;3;8;1;4;4;4;0;4;4;1;0;0;4;3;11;
Jeremy Lin;G;43:04;5;11;0;3;8;10;2;0;2;8;2;0;3;5;18;
Jeremy Lin;G;35:24;5;7;1;2;5;6;0;1;1;9;3;0;1;3;16;
Jeremy Lin;G;38:41;6;12;0;3;1;1;0;1;1;4;1;2;2;4;13;
Jeremy Lin;G;24:08;2;8;0;2;2;2;0;0;0;2;0;1;1;0;6;
Jeremy Lin;G;22:37;2;7;1;1;2;2;0;1;1;4;0;0;2;2;7;
Jeremy Lin;;24:41;3;8;2;3;0;0;1;1;2;5;1;0;4;0;8;
Jeremy Lin;;29:36;4;10;1;4;4;6;1;0;1;4;1;1;1;3;13;
Jeremy Lin;;27:03;4;6;0;1;1;2;0;1;1;3;2;1;2;1;9;
Jeremy Lin;;28:16;2;8;0;4;2;2;0;1;1;3;0;1;2;1;6;
Jeremy Lin;G;44:03;5;13;1;5;7;7;1;2;3;8;0;1;3;2;18;
Jeremy Lin;G;37:13;8;14;2;3;0;0;1;6;7;7;1;0;2;3;18;
Jeremy Lin;;29:11;6;12;1;4;2;2;1;10;11;10;2;1;3;3;15;
Jeremy Lin;;28:40;3;6;1;1;4;4;0;1;1;2;1;0;3;4;11;
Jeremy Lin;;27:31;8;14;2;4;0;0;0;2;2;4;2;0;2;2;18;
Jeremy Lin;;32:55;1;6;0;2;0;0;0;3;3;7;1;0;1;2;2;
Jeremy Lin;G;37:20;5;8;3;6;3;4;0;1;1;5;0;0;5;3;16;
Jeremy Lin;;20:57;3;11;2;6;1;2;1;2;3;2;1;0;4;2;9;
Jeremy Lin;;33:55;3;8;1;2;2;2;1;4;5;4;0;0;2;4;9;
Jeremy Lin;;19:60;1;6;0;0;0;0;0;3;3;6;0;0;2;2;2;
Jeremy Lin;;21:58;3;7;0;1;5;6;0;3;3;3;0;0;3;0;11;
Jeremy Lin;;18:37;2;8;1;3;1;2;1;2;3;3;2;0;2;2;6;
Jeremy Lin;;17:29;1;6;0;2;2;2;3;1;4;2;0;1;4;2;4;
Jeremy Lin;;15:08;2;5;1;4;2;2;0;0;0;0;0;1;2;2;7;
Jeremy Lin;;14:50;1;4;0;0;0;2;1;1;2;3;0;0;2;1;2;
Jeremy Lin;;16:02;4;5;1;2;2;2;0;0;0;3;0;0;0;1;11;
Jeremy Lin;;34:03;7;17;2;7;10;12;1;2;3;1;2;0;0;2;26;
Jeremy Lin;;23:41;3;6;0;3;2;2;0;4;4;2;1;0;3;2;8;
Jeremy Lin;;23:53;7;13;1;2;6;6;1;1;2;3;0;0;0;1;21;
Jeremy Lin;;25:34;2;7;1;2;1;1;0;1;1;2;1;0;3;4;6;
Jeremy Lin;;28:59;7;10;1;2;2;3;1;3;4;9;0;2;5;2;17;
Jeremy Lin;;29:54;4;7;1;3;2;2;0;3;3;10;1;0;1;3;11;
Jeremy Lin;;26:04;3;11;1;5;6;6;1;6;7;2;2;1;1;1;13;
Jeremy Lin;;19:50;4;6;2;2;0;2;0;4;4;3;1;0;2;1;10;
Jeremy Lin;;27:06;4;9;1;2;4;4;0;1;1;7;0;0;2;4;13;
Jeremy Lin;G;31:36;1;9;0;3;8;8;0;2;2;2;0;0;3;3;10;
Jeremy Lin;G;32:55;6;14;2;4;2;2;1;3;4;1;1;0;2;0;16;
Jeremy Lin;G;38:52;6;18;3;7;1;2;1;0;1;7;2;1;2;4;16;
Jeremy Lin;G;38:08;3;11;2;6;0;0;2;1;3;3;0;0;1;4;8;
Jeremy Lin;G;34:24;7;12;1;4;4;4;2;0;2;5;3;0;3;2;19;
Jeremy Lin;G;26:15;4;8;1;2;0;0;2;2;4;6;3;1;3;4;9;
Jeremy Lin;G;23:31;6;11;4;6;2;2;1;0;1;6;0;0;2;4;18;
Jeremy Lin;G;24:26;3;10;3;6;5;6;0;4;4;1;0;0;5;5;14;
Jeremy Lin;;31:14;6;8;1;1;5;5;1;3;4;1;4;0;1;4;18;
Jeremy Lin;;19:05;2;7;1;2;0;0;0;0;0;4;0;0;0;0;5;
Jeremy Lin;;30:56;5;7;2;2;4;6;0;0;0;2;0;0;2;2;16;
Jeremy Lin;G;29:58;4;9;0;3;6;7;0;3;3;4;3;0;6;1;14;
Jeremy Lin;G;36:23;7;13;2;5;4;5;1;2;3;4;1;1;3;3;20;
Jeremy Lin;G;30:29;4;8;1;2;5;6;0;2;2;8;1;0;1;5;14;
Jeremy Lin;G;29:08;4;8;1;2;3;4;0;2;2;4;2;0;3;4;12;
Jeremy Lin;;31:06;5;8;1;2;5;8;0;1;1;3;3;2;3;1;16;
Jeremy Lin;;26:29;3;7;0;0;0;0;1;0;1;7;1;0;5;1;6;
Jeremy Lin;;41:07;8;15;3;6;8;9;0;4;4;1;2;1;5;2;27;
Jeremy Lin;G;48:37;10;19;9;15;5;6;0;5;5;11;0;0;8;5;34;
Jeremy Lin;;30:23;7;16;1;6;6;6;0;5;5;3;1;0;2;1;21;
Jeremy Lin;;32:23;6;11;0;2;4;6;0;4;4;7;1;1;1;3;16;
Jeremy Lin;;23:37;4;7;1;3;2;2;0;0;0;5;1;1;1;2;11;
Jeremy Lin;;16:57;0;5;0;3;1;2;0;1;1;4;0;1;0;1;1;
Jeremy Lin;G;34:26;5;11;2;5;7;8;1;4;5;5;2;1;5;4;19;
Jeremy Lin;G;31:30;4;8;0;2;6;7;0;4;4;2;2;0;2;0;14;
Jeremy Lin;G;4:09;0;1;0;1;0;0;0;1;1;1;0;0;0;0;0;
Jeremy Lin;;14:43;1;4;0;2;3;4;0;2;2;2;1;0;0;3;5;
Jeremy Lin;;20:37;2;4;1;3;3;4;0;0;0;2;0;0;4;3;8;
Jeremy Lin;G;36:51;6;10;1;2;7;10;0;2;2;2;1;0;5;2;20;
Jeremy Lin;G;33:52;5;10;1;2;2;4;0;2;2;8;1;2;1;1;13;
Jeremy Lin;G;37:17;5;13;2;4;6;6;1;5;6;2;0;0;4;3;18;
Jeremy Lin;G;34:07;3;12;2;5;2;2;0;3;3;5;1;0;2;2;10;
Jeremy Lin;G;24:20;2;9;0;2;2;4;1;2;3;1;0;0;3;0;6;
Jeremy Lin;G;34:36;7;10;0;2;0;0;0;2;2;6;2;1;2;4;14;
