╔═══════════════╤═══════════════════════╗
║Name		│Jeremy Tyler		║
╟───────────────┼───────────────────────╢
║Number		│4			║
╟───────────────┼───────────────────────╢
║Position	│F			║
╟───────────────┼───────────────────────╢
║Height		│6-10			║
╟───────────────┼───────────────────────╢
║Weight		│250			║
╟───────────────┼───────────────────────╢
║Birth		│JUN 21, 1991		║
╟───────────────┼───────────────────────╢
║Age		│23			║
╟───────────────┼───────────────────────╢
║Exp		│2			║
╟───────────────┼───────────────────────╢
║School		│San Diego, California	║
╚═══════════════╧═══════════════════════╝
Jeremy Tyler;;0:48;0;0;0;0;0;0;0;0;0;0;0;0;0;0;0;
Jeremy Tyler;;0:52;0;0;0;0;0;0;0;0;0;0;0;0;0;0;0;
Jeremy Tyler;;2:15;3;4;0;0;0;0;1;1;2;0;0;0;0;0;6;
Jeremy Tyler;;6:56;2;3;0;0;0;0;2;2;4;0;0;0;0;1;4;
Jeremy Tyler;;14:16;3;3;0;0;0;0;0;2;2;0;0;0;0;3;6;
Jeremy Tyler;;3:02;1;3;0;0;0;0;2;0;2;0;0;0;1;1;2;
Jeremy Tyler;;4:23;0;0;0;0;0;0;0;0;0;0;0;1;0;0;0;
Jeremy Tyler;;21:46;4;8;0;0;0;0;3;2;5;1;1;2;0;1;8;
Jeremy Tyler;;8:48;0;2;0;0;1;2;3;2;5;0;0;0;1;2;1;
Jeremy Tyler;;23:10;7;9;0;0;3;5;3;2;5;0;0;2;2;2;17;
Jeremy Tyler;;21:30;4;6;0;0;0;1;2;4;6;1;2;1;2;4;8;
Jeremy Tyler;;8:08;0;2;0;0;1;2;0;2;2;0;0;0;0;1;1;
Jeremy Tyler;;4:31;0;0;0;0;0;0;1;0;1;0;0;0;0;1;0;
Jeremy Tyler;;11:19;2;5;0;0;1;2;2;0;2;0;0;2;0;3;5;
Jeremy Tyler;;21:55;5;9;0;0;2;3;3;8;11;2;1;0;1;5;12;
Jeremy Tyler;;11:05;4;8;0;0;2;2;1;4;5;0;0;1;2;1;10;
Jeremy Tyler;;11:35;0;1;0;0;0;0;1;4;5;0;0;0;0;2;0;
Jeremy Tyler;;9:36;2;3;0;0;0;0;0;0;0;0;0;1;2;2;4;
Jeremy Tyler;;15:00;2;4;0;0;0;0;1;1;2;0;0;1;0;3;4;
Jeremy Tyler;;8:54;1;1;0;0;2;2;1;1;2;0;0;0;2;1;4;
Jeremy Tyler;;5:47;1;1;0;0;1;4;1;0;1;0;0;0;0;0;3;
Jeremy Tyler;;5:06;0;1;0;0;0;0;0;3;3;0;0;0;1;2;0;
Jeremy Tyler;;6:49;0;1;0;0;1;2;0;2;2;0;0;0;0;1;1;
Jeremy Tyler;;19:27;3;6;0;0;0;0;2;3;5;1;0;1;1;5;6;
Jeremy Tyler;;4:39;2;2;0;0;0;0;0;1;1;0;0;0;0;0;4;
Jeremy Tyler;;8:04;0;1;0;0;0;0;2;0;2;0;0;2;0;2;0;
Jeremy Tyler;;1:00;2;2;0;0;0;1;0;0;0;0;0;0;0;0;4;
Jeremy Tyler;;10:56;0;2;0;0;0;0;1;3;4;1;0;1;1;5;0;
Jeremy Tyler;;7:34;0;1;0;0;0;2;0;4;4;0;0;0;0;0;0;
Jeremy Tyler;;18:04;2;4;0;0;2;4;1;4;5;0;1;2;2;3;6;
Jeremy Tyler;;14:39;1;3;0;0;2;2;3;4;7;0;1;1;1;4;4;
Jeremy Tyler;;18:16;1;2;0;0;4;6;1;5;6;0;0;1;1;3;6;
Jeremy Tyler;;3:47;0;2;0;0;0;0;0;0;0;0;0;0;0;1;0;
Jeremy Tyler;;7:19;0;0;0;0;0;2;0;2;2;1;0;0;2;1;0;
Jeremy Tyler;;3:29;0;0;0;0;0;0;0;1;1;0;0;0;0;0;0;
Jeremy Tyler;;1:17;0;1;0;0;0;0;0;0;0;0;0;0;0;0;0;
Jeremy Tyler;;6:03;3;5;0;0;0;0;1;1;2;0;0;0;0;1;6;
Jeremy Tyler;;0:20;0;0;0;0;0;0;0;0;0;0;0;0;0;0;0;
Jeremy Tyler;;0:50;0;0;0;0;0;0;0;0;0;0;0;0;0;0;0;
Jeremy Tyler;;20:12;3;5;0;0;2;4;0;2;2;1;0;1;3;5;8;
Jeremy Tyler;;24:05;2;6;0;0;2;2;0;1;1;0;0;0;1;4;6;
