╔═══════════════╤═══════════════════════╗
║Name		│Jermaine O'Neal	║
╟───────────────┼───────────────────────╢
║Number		│7			║
╟───────────────┼───────────────────────╢
║Position	│C-F			║
╟───────────────┼───────────────────────╢
║Height		│6-11			║
╟───────────────┼───────────────────────╢
║Weight		│255			║
╟───────────────┼───────────────────────╢
║Birth		│OCT 13, 1978		║
╟───────────────┼───────────────────────╢
║Age		│35			║
╟───────────────┼───────────────────────╢
║Exp		│17			║
╟───────────────┼───────────────────────╢
║School		│Eau Claire HS (SC)	║
╚═══════════════╧═══════════════════════╝
Jermaine O'Neal;;16:31;2;5;0;0;5;7;3;5;8;0;0;1;1;2;9;
Jermaine O'Neal;C;25:54;1;4;0;0;2;2;3;2;5;2;1;3;2;3;4;
Jermaine O'Neal;C;30:31;4;11;0;0;3;3;3;1;4;1;1;1;2;3;11;
Jermaine O'Neal;C;16:21;0;2;0;0;3;4;1;3;4;1;0;0;0;2;3;
Jermaine O'Neal;C;37:29;1;6;0;0;0;0;5;5;10;0;0;2;1;4;2;
Jermaine O'Neal;C;34:03;10;13;0;0;3;3;5;8;13;0;0;0;3;0;23;
Jermaine O'Neal;F;26:46;6;8;0;0;4;6;2;8;10;2;0;3;0;4;16;
Jermaine O'Neal;F;16:26;4;5;0;0;1;2;2;3;5;0;0;1;0;4;9;
Jermaine O'Neal;;20:17;6;8;0;0;3;5;2;4;6;0;0;1;2;4;15;
Jermaine O'Neal;;30:22;2;6;0;0;3;6;4;0;4;1;0;2;1;3;7;
Jermaine O'Neal;;12:10;3;6;0;0;1;1;0;4;4;0;1;1;0;1;7;
Jermaine O'Neal;;19:11;5;8;0;0;7;9;3;5;8;0;0;1;1;1;17;
Jermaine O'Neal;;7:42;0;2;0;0;2;3;1;1;2;2;0;0;0;2;2;
Jermaine O'Neal;;15:15;1;5;0;0;4;4;2;5;7;0;0;0;1;1;6;
Jermaine O'Neal;;15:49;1;5;0;0;3;4;3;2;5;0;1;0;0;1;5;
Jermaine O'Neal;;13:26;2;3;0;0;0;0;0;2;2;0;0;2;4;3;4;
Jermaine O'Neal;;6:49;3;3;0;0;2;3;2;2;4;0;0;0;0;1;8;
Jermaine O'Neal;;17:53;3;6;0;0;3;4;3;4;7;1;0;2;0;3;9;
Jermaine O'Neal;;33:56;2;7;0;0;6;7;1;5;6;1;1;0;2;2;10;
Jermaine O'Neal;C;28:56;3;7;0;0;2;2;6;6;12;2;0;2;1;2;8;
Jermaine O'Neal;C;33:14;9;12;0;0;2;4;4;4;8;0;0;1;1;1;20;
Jermaine O'Neal;C;4:24;0;0;0;0;0;0;0;0;0;0;0;0;1;1;0;
Jermaine O'Neal;C;22:56;6;8;0;0;1;4;0;9;9;3;0;1;2;3;13;
Jermaine O'Neal;;17:32;3;7;0;0;1;1;3;7;10;2;0;1;0;4;7;
Jermaine O'Neal;;21:32;5;8;0;0;2;2;0;5;5;1;0;1;3;2;12;
Jermaine O'Neal;;20:26;2;5;0;0;2;2;0;3;3;1;0;0;1;1;6;
Jermaine O'Neal;C;20:57;3;9;0;0;4;4;4;0;4;0;1;0;0;3;10;
Jermaine O'Neal;;19:50;2;5;0;0;3;4;0;1;1;1;1;2;1;1;7;
Jermaine O'Neal;;15:51;1;6;0;0;2;2;2;1;3;0;0;1;1;3;4;
Jermaine O'Neal;;12:06;0;3;0;0;0;0;1;3;4;1;1;0;1;3;0;
Jermaine O'Neal;;24:58;1;4;0;0;3;4;1;5;6;1;1;3;1;2;5;
Jermaine O'Neal;;15:46;0;4;0;0;2;2;1;6;7;1;0;1;2;2;2;
Jermaine O'Neal;;15:28;1;4;0;0;0;0;0;1;1;0;0;0;0;0;2;
Jermaine O'Neal;;22:56;7;8;0;0;3;5;2;4;6;0;0;0;4;5;17;
Jermaine O'Neal;;17:09;0;2;0;0;4;4;0;2;2;0;3;1;0;1;4;
Jermaine O'Neal;;12:06;2;2;0;0;2;2;1;3;4;0;0;1;3;3;6;
Jermaine O'Neal;C;26:26;9;12;0;0;0;0;2;6;8;0;0;0;2;3;18;
Jermaine O'Neal;;17:12;2;4;0;0;2;3;1;6;7;0;0;3;1;2;6;
Jermaine O'Neal;;23:07;2;5;0;0;1;2;1;4;5;0;0;0;1;3;5;
Jermaine O'Neal;;20:58;3;4;0;0;2;3;2;1;3;0;1;0;2;2;8;
Jermaine O'Neal;;22:44;4;7;0;0;3;3;4;4;8;1;0;1;1;1;11;
Jermaine O'Neal;;16:54;2;5;0;0;1;4;2;3;5;0;0;0;1;2;5;
Jermaine O'Neal;;16:58;1;2;0;0;0;0;1;1;2;0;0;1;1;4;2;
Jermaine O'Neal;;16:02;1;2;0;0;2;2;2;3;5;0;1;0;1;4;4;
