╔═══════════════╤═══════════════╗
║Name		│Jerryd Bayless	║
╟───────────────┼───────────────╢
║Number		│11		║
╟───────────────┼───────────────╢
║Position	│G		║
╟───────────────┼───────────────╢
║Height		│6-3		║
╟───────────────┼───────────────╢
║Weight		│200		║
╟───────────────┼───────────────╢
║Birth		│AUG 20, 1988	║
╟───────────────┼───────────────╢
║Age		│25		║
╟───────────────┼───────────────╢
║Exp		│5		║
╟───────────────┼───────────────╢
║School		│Arizona	║
╚═══════════════╧═══════════════╝
Jerryd Bayless;;31:05;6;11;3;6;2;4;0;1;1;4;1;0;0;4;17;
Jerryd Bayless;;10:34;0;5;0;3;0;0;0;1;1;2;0;0;0;1;0;
Jerryd Bayless;;26:24;3;7;2;3;2;2;0;3;3;5;0;0;0;0;10;
Jerryd Bayless;;25:26;3;11;0;3;0;0;0;0;0;3;3;0;0;1;6;
Jerryd Bayless;;20:22;3;9;2;4;3;3;1;2;3;5;2;0;2;1;11;
Jerryd Bayless;;17:52;1;6;0;3;0;0;0;1;1;3;2;0;2;3;2;
Jerryd Bayless;;21:15;6;10;0;1;0;0;0;1;1;6;1;0;3;4;12;
Jerryd Bayless;;23:31;7;13;1;1;2;2;0;1;1;4;2;1;2;0;17;
Jerryd Bayless;;20:17;0;5;0;4;1;2;0;2;2;3;0;1;1;3;1;
Jerryd Bayless;;17:45;2;5;0;1;0;0;0;0;0;0;0;0;0;1;4;
Jerryd Bayless;;8:26;2;4;0;0;0;0;0;2;2;0;0;0;0;1;4;
Jerryd Bayless;;26:46;4;9;0;1;2;2;0;2;2;4;1;0;1;4;10;
Jerryd Bayless;;30:08;4;13;2;6;0;2;0;4;4;1;3;0;2;4;10;
Jerryd Bayless;;21:20;3;7;0;0;0;0;1;2;3;3;1;0;1;0;6;
Jerryd Bayless;;27:20;4;12;1;3;2;2;0;1;1;5;1;0;0;3;11;
Jerryd Bayless;;28:07;7;9;4;5;1;2;0;0;0;4;1;1;2;1;19;
Jerryd Bayless;;17:09;0;4;0;0;2;2;0;1;1;8;0;0;2;0;2;
Jerryd Bayless;;23:51;2;10;0;3;0;0;1;1;2;6;0;0;0;2;4;
Jerryd Bayless;;25:05;5;7;0;0;1;2;0;5;5;9;1;0;1;2;11;
Jerryd Bayless;;15:30;0;2;0;0;2;2;0;4;4;2;0;0;1;3;2;
Jerryd Bayless;;16:52;2;6;0;2;1;2;1;0;1;1;0;0;1;1;5;
Jerryd Bayless;;30:28;6;14;0;3;4;7;1;1;2;4;2;0;4;1;16;
Jerryd Bayless;;30:22;6;11;1;2;0;0;1;0;1;1;1;0;3;3;13;
Jerryd Bayless;G;35:34;12;21;5;8;0;0;1;1;2;2;1;0;2;5;29;
Jerryd Bayless;G;32:11;5;11;1;5;0;0;1;4;5;3;1;0;1;4;11;
Jerryd Bayless;G;22:11;3;8;0;1;4;5;1;2;3;0;0;0;1;2;10;
Jerryd Bayless;G;38:49;5;12;1;4;3;3;0;6;6;3;2;0;2;1;14;
Jerryd Bayless;G;36:47;5;12;1;4;4;6;0;4;4;4;1;0;0;3;15;
Jerryd Bayless;G;21:29;1;6;0;1;1;1;0;2;2;3;0;0;2;0;3;
Jerryd Bayless;G;31:39;5;14;4;6;1;1;0;3;3;3;1;0;1;4;15;
Jerryd Bayless;G;16:14;1;4;1;2;2;2;0;0;0;2;1;0;1;1;5;
Jerryd Bayless;G;25:56;2;4;2;3;0;0;0;4;4;3;1;0;2;2;6;
Jerryd Bayless;G;35:08;6;16;3;5;4;4;1;2;3;6;1;0;3;4;19;
Jerryd Bayless;;25:58;3;6;1;3;0;0;0;2;2;5;0;1;2;3;7;
Jerryd Bayless;;23:14;2;4;2;4;0;0;1;0;1;2;1;0;2;2;6;
Jerryd Bayless;;15:01;1;3;1;1;0;0;0;2;2;1;0;0;2;1;3;
Jerryd Bayless;;26:26;8;13;2;5;2;2;0;1;1;3;1;0;0;2;20;
Jerryd Bayless;;28:08;5;9;1;3;1;1;1;1;2;1;3;0;1;2;12;
Jerryd Bayless;G;33:00;6;14;4;9;2;2;0;2;2;5;1;0;1;1;18;
Jerryd Bayless;G;21:04;1;6;0;2;0;0;0;0;0;1;3;0;0;3;2;
Jerryd Bayless;G;38:37;8;20;5;12;2;2;0;2;2;2;1;0;6;5;23;
Jerryd Bayless;G;40:48;10;19;5;6;0;0;1;3;4;3;0;0;2;3;25;
Jerryd Bayless;;21:10;2;5;1;1;0;0;0;1;1;2;0;0;0;1;5;
Jerryd Bayless;;18:55;0;4;0;2;2;2;1;0;1;2;0;0;1;2;2;
Jerryd Bayless;;22:00;2;9;0;0;1;2;2;2;4;3;0;0;1;2;5;
Jerryd Bayless;;17:28;3;6;1;3;2;2;0;2;2;1;1;0;0;3;9;
Jerryd Bayless;;30:57;4;11;2;5;1;1;0;7;7;2;0;0;3;6;11;
Jerryd Bayless;;21:01;6;11;1;3;2;2;0;1;1;1;2;1;0;1;15;
Jerryd Bayless;;13:34;1;5;1;2;0;0;0;2;2;1;0;0;1;1;3;
Jerryd Bayless;;12:10;0;3;0;2;0;0;0;1;1;2;0;0;3;2;0;
Jerryd Bayless;;13:59;0;2;0;0;0;0;0;1;1;2;0;0;1;0;0;
Jerryd Bayless;;16:18;3;9;1;3;1;1;0;2;2;0;0;0;1;5;8;
Jerryd Bayless;;19:15;1;4;0;2;2;3;1;4;5;2;1;0;0;3;4;
Jerryd Bayless;;17:39;1;5;0;3;4;4;1;0;1;3;1;0;0;3;6;
Jerryd Bayless;;14:51;1;4;0;1;0;0;0;2;2;0;1;0;0;3;2;
Jerryd Bayless;;17:38;1;7;0;2;0;0;0;2;2;0;1;0;2;2;2;
Jerryd Bayless;;21:03;6;10;1;3;9;11;1;2;3;1;0;0;1;2;22;
Jerryd Bayless;;17:53;1;6;0;3;1;1;0;1;1;6;0;0;0;2;3;
Jerryd Bayless;;20:56;4;8;2;3;0;1;0;0;0;3;1;0;0;1;10;
Jerryd Bayless;G;26:45;2;6;0;3;0;0;0;0;0;1;1;0;0;3;4;
Jerryd Bayless;;24:17;0;11;0;2;2;2;1;0;1;2;2;2;0;1;2;
Jerryd Bayless;G;28:44;4;10;3;5;0;0;0;1;1;4;1;1;0;1;11;
Jerryd Bayless;G;19:35;5;10;0;2;1;2;0;0;0;0;0;0;0;3;11;
Jerryd Bayless;;21:57;3;6;1;2;0;0;1;0;1;2;2;0;2;3;7;
Jerryd Bayless;;26:48;4;9;0;2;6;8;0;4;4;3;0;0;0;2;14;
Jerryd Bayless;G;28:14;6;13;0;1;1;1;0;2;2;2;1;0;0;2;13;
Jerryd Bayless;G;33:51;3;13;0;5;1;1;0;5;5;6;3;0;1;2;7;
Jerryd Bayless;;13:41;3;5;0;0;5;5;0;1;1;0;1;0;3;1;11;
Jerryd Bayless;;23:39;6;11;4;5;1;2;0;1;1;3;0;1;0;4;17;
Jerryd Bayless;;16:35;3;7;1;4;0;0;1;0;1;3;0;0;0;4;7;
Jerryd Bayless;;20:46;6;10;2;5;1;2;0;2;2;1;0;0;0;3;15;
Jerryd Bayless;;19:57;2;5;0;0;0;0;0;1;1;1;0;0;3;2;4;
