╔═══════════════╤═══════════════╗
║Name		│Jimmy Butler	║
╟───────────────┼───────────────╢
║Number		│21		║
╟───────────────┼───────────────╢
║Position	│G-F		║
╟───────────────┼───────────────╢
║Height		│6-7		║
╟───────────────┼───────────────╢
║Weight		│220		║
╟───────────────┼───────────────╢
║Birth		│SEP 14, 1989	║
╟───────────────┼───────────────╢
║Age		│24		║
╟───────────────┼───────────────╢
║Exp		│2		║
╟───────────────┼───────────────╢
║School		│Marquette	║
╚═══════════════╧═══════════════╝
Jimmy Butler;G;33:29;2;7;0;2;6;8;2;4;6;2;2;1;1;5;10;
Jimmy Butler;G;38:18;4;11;1;5;2;4;1;1;2;3;5;1;0;0;11;
Jimmy Butler;G;40:36;4;18;0;4;5;6;1;4;5;3;4;0;2;0;13;
Jimmy Butler;G;40:17;3;8;1;2;3;4;0;3;3;0;0;1;3;3;10;
Jimmy Butler;G;37:28;5;10;2;4;0;2;2;2;4;1;1;0;0;0;12;
Jimmy Butler;G;50:20;6;17;2;9;5;6;1;4;5;6;2;1;4;3;19;
Jimmy Butler;G;38:49;2;9;1;5;4;4;0;3;3;4;4;0;2;0;9;
Jimmy Butler;G;31:59;4;11;0;4;2;2;1;3;4;4;1;0;1;2;10;
Jimmy Butler;G;49:41;6;19;0;4;1;2;5;6;11;5;4;1;3;2;13;
Jimmy Butler;G;42:02;4;12;1;7;1;2;1;4;5;1;2;1;1;2;10;
Jimmy Butler;G;41:17;3;15;1;5;2;2;2;4;6;3;2;0;0;1;9;
Jimmy Butler;G;42:19;2;7;0;2;0;0;1;2;3;3;4;0;1;0;4;
Jimmy Butler;G;40:38;5;12;2;4;4;4;3;5;8;3;2;0;2;2;16;
Jimmy Butler;G;41:53;7;11;1;2;4;5;3;1;4;1;3;2;0;2;19;
Jimmy Butler;G;43:12;2;9;1;5;5;8;2;2;4;2;0;0;2;2;10;
Jimmy Butler;G;36:30;4;11;1;3;8;10;2;3;5;1;3;0;0;4;17;
Jimmy Butler;G;43:45;5;14;1;4;7;8;1;3;4;4;3;0;2;3;18;
Jimmy Butler;G;46:30;4;9;1;3;5;5;3;6;9;2;1;0;2;0;14;
Jimmy Butler;G;40:28;4;13;1;5;0;0;0;9;9;2;2;0;4;0;9;
Jimmy Butler;G;37:10;5;9;0;0;2;4;5;8;13;1;1;0;2;0;12;
Jimmy Butler;G;46:02;6;8;0;0;2;2;0;5;5;4;3;2;1;2;14;
Jimmy Butler;G;45:57;6;11;0;1;4;6;1;5;6;6;1;3;0;1;16;
Jimmy Butler;G;11:07;3;4;1;2;1;1;1;1;2;2;0;0;0;0;8;
Jimmy Butler;G;36:35;5;10;1;1;5;6;1;1;2;2;2;3;1;3;16;
Jimmy Butler;G;44:18;6;13;1;4;6;11;1;6;7;3;1;1;0;0;19;
Jimmy Butler;G;41:42;5;13;0;4;9;14;2;4;6;4;3;0;1;3;19;
Jimmy Butler;G;43:16;4;11;0;3;5;9;1;1;2;2;4;0;5;2;13;
Jimmy Butler;G;46:00;7;15;0;3;4;6;3;9;12;4;3;0;3;2;18;
Jimmy Butler;G;42:36;1;3;0;0;6;6;1;2;3;2;2;0;1;0;8;
Jimmy Butler;G;47:50;4;15;2;6;6;6;2;9;11;0;4;2;2;1;16;
Jimmy Butler;G;36:16;7;14;3;5;6;6;4;2;6;2;0;0;1;1;23;
Jimmy Butler;G;27:33;4;8;1;1;2;2;0;2;2;5;2;0;1;3;11;
Jimmy Butler;G;38:10;1;11;0;4;3;4;0;5;5;2;1;0;1;4;5;
Jimmy Butler;G;45:51;4;12;1;6;4;6;0;2;2;2;2;0;1;1;13;
Jimmy Butler;G;45:59;5;8;1;2;5;5;1;5;6;4;2;2;5;4;16;
Jimmy Butler;G;45:21;5;11;4;6;3;4;1;1;2;1;5;0;1;3;17;
Jimmy Butler;G;45:30;4;8;1;3;8;10;3;5;8;6;1;0;2;3;17;
Jimmy Butler;G;32:30;3;10;1;4;5;6;0;5;5;3;0;0;1;3;12;
Jimmy Butler;G;44:41;3;9;1;4;3;3;1;5;6;2;0;0;3;2;10;
Jimmy Butler;G;44:29;5;12;3;7;2;4;0;5;5;0;3;0;3;1;15;
Jimmy Butler;G;42:27;8;13;0;3;2;2;1;4;5;4;1;0;0;1;18;
Jimmy Butler;G;40:53;6;16;3;8;2;2;1;1;2;2;3;0;0;2;17;
Jimmy Butler;G;40:56;5;11;1;6;6;9;2;4;6;5;1;1;1;2;17;
Jimmy Butler;G;41:40;1;9;0;4;1;2;2;4;6;9;0;0;2;1;3;
Jimmy Butler;G;46:00;5;11;3;6;1;2;1;4;5;7;0;0;0;1;14;
Jimmy Butler;G;44:41;5;13;1;7;2;2;1;3;4;3;0;2;2;3;13;
Jimmy Butler;G;45:06;6;11;2;4;3;6;0;3;3;3;1;0;2;3;17;
Jimmy Butler;G;31:42;3;5;0;0;6;7;0;2;2;1;2;0;1;0;12;
Jimmy Butler;G;47:55;3;8;0;1;6;8;1;3;4;4;5;0;0;0;12;
Jimmy Butler;G;29:55;6;12;2;4;6;7;0;3;3;3;5;1;2;4;20;
Jimmy Butler;G;41:27;3;11;0;4;5;6;3;7;10;1;3;1;1;0;11;
Jimmy Butler;G;39:01;4;6;0;1;1;2;1;5;6;4;1;2;2;0;9;
Jimmy Butler;G;25:46;2;6;1;3;2;2;3;1;4;1;1;1;3;1;7;
Jimmy Butler;G;27:15;2;5;1;4;0;0;0;4;4;3;2;0;1;1;5;
Jimmy Butler;G;24:07;4;13;1;4;2;2;1;1;2;0;1;0;1;0;11;
Jimmy Butler;G;33:45;3;7;2;3;6;6;2;5;7;2;1;1;1;2;14;
Jimmy Butler;G;24:38;2;3;1;1;5;6;0;2;2;1;1;1;1;1;10;
Jimmy Butler;G;22:12;4;6;2;2;4;5;1;4;5;0;2;0;0;0;14;
Jimmy Butler;G;36:35;4;12;1;4;7;8;1;1;2;1;3;0;3;2;16;
Jimmy Butler;G;29:32;4;6;2;3;1;3;1;3;4;0;1;1;1;0;11;
Jimmy Butler;G;27:30;1;11;0;4;2;2;2;1;3;2;1;1;0;1;4;
Jimmy Butler;G;35:11;8;15;1;1;3;5;1;0;1;0;2;0;1;1;20;
Jimmy Butler;G;16:40;0;2;0;2;3;7;0;0;0;0;1;1;1;1;3;
Jimmy Butler;G;33:17;4;10;2;4;5;6;1;4;5;4;1;0;0;2;15;
Jimmy Butler;G;45:43;2;10;1;7;6;6;1;5;6;5;1;0;7;1;11;
Jimmy Butler;G;40:47;6;10;2;3;12;14;0;4;4;2;0;0;2;3;26;
Jimmy Butler;G;37:34;5;13;1;2;4;6;0;7;7;1;2;1;2;3;15;
