╔═══════════════╤═══════════════╗
║Name		│Jimmer Fredette║
╟───────────────┼───────────────╢
║Number		│32		║
╟───────────────┼───────────────╢
║Position	│G		║
╟───────────────┼───────────────╢
║Height		│6-2		║
╟───────────────┼───────────────╢
║Weight		│195		║
╟───────────────┼───────────────╢
║Birth		│FEB 25, 1989	║
╟───────────────┼───────────────╢
║Age		│25		║
╟───────────────┼───────────────╢
║Exp		│2		║
╟───────────────┼───────────────╢
║School		│Brigham Young	║
╚═══════════════╧═══════════════╝
Jimmer Fredette;;16:39;5;9;3;6;2;2;1;3;4;0;0;1;3;0;15;
Jimmer Fredette;;13:15;1;7;0;2;0;0;0;2;2;2;0;0;0;1;2;
Jimmer Fredette;;11:14;2;5;1;1;0;0;0;1;1;3;0;0;1;1;5;
Jimmer Fredette;;12:47;4;6;2;2;1;1;0;0;0;3;0;0;1;0;11;
Jimmer Fredette;;19:02;5;9;3;5;0;1;1;2;3;3;0;0;2;3;13;
Jimmer Fredette;;20:49;4;10;1;3;0;0;0;4;4;4;1;0;1;0;9;
Jimmer Fredette;;6:14;1;2;0;0;0;0;0;0;0;2;0;0;1;0;2;
Jimmer Fredette;;9:03;1;4;1;1;0;0;0;0;0;1;0;0;2;0;3;
Jimmer Fredette;;8:54;0;3;0;2;0;0;0;0;0;0;0;0;0;0;0;
Jimmer Fredette;;7:29;2;3;1;1;0;0;0;0;0;0;0;1;0;1;5;
Jimmer Fredette;;17:48;4;6;4;6;2;2;0;2;2;1;0;0;2;0;14;
Jimmer Fredette;;9:53;2;5;1;2;0;0;0;0;0;2;0;0;3;1;5;
Jimmer Fredette;;11:11;3;5;1;2;0;0;0;0;0;2;0;0;2;2;7;
Jimmer Fredette;;19:04;4;8;0;3;0;0;1;1;2;2;1;0;2;5;8;
Jimmer Fredette;;9:09;2;4;0;2;0;0;1;0;1;4;0;0;1;0;4;
Jimmer Fredette;;6:24;3;4;1;2;0;0;0;0;0;2;0;0;1;2;7;
Jimmer Fredette;;10:56;5;5;1;1;0;0;0;1;1;4;2;0;2;1;11;
Jimmer Fredette;;15:25;2;5;1;2;0;0;0;0;0;0;1;0;1;1;5;
Jimmer Fredette;;7:51;1;2;0;0;0;0;0;0;0;1;0;0;1;1;2;
Jimmer Fredette;;4:48;0;1;0;1;2;2;0;0;0;0;0;0;1;1;2;
Jimmer Fredette;;8:25;0;3;0;1;0;0;0;0;0;2;0;0;0;0;0;
Jimmer Fredette;;27:20;9;14;6;8;0;0;0;0;0;2;2;0;1;0;24;
Jimmer Fredette;;4:15;1;3;0;0;1;2;0;0;0;0;0;0;2;0;3;
Jimmer Fredette;;3:08;1;2;0;1;0;0;0;2;2;0;0;0;0;0;2;
Jimmer Fredette;;2:57;1;2;0;0;0;0;0;0;0;0;0;0;0;0;2;
Jimmer Fredette;;7:47;2;4;1;1;0;0;1;1;2;1;0;0;0;0;5;
Jimmer Fredette;;3:31;1;3;1;2;0;0;0;0;0;0;0;0;0;2;3;
Jimmer Fredette;;3:56;1;3;1;2;0;0;0;0;0;0;0;0;1;0;3;
Jimmer Fredette;;0:22;0;0;0;0;0;0;0;0;0;0;0;0;0;0;0;
Jimmer Fredette;;3:16;0;1;0;0;0;0;0;0;0;0;0;0;0;0;0;
Jimmer Fredette;;30:35;7;14;1;5;2;2;0;3;3;2;0;0;3;5;17;
Jimmer Fredette;;3:07;1;2;0;0;0;0;1;0;1;1;0;0;0;0;2;
Jimmer Fredette;;19:25;2;6;0;0;0;0;0;3;3;3;2;0;1;0;4;
Jimmer Fredette;;13:30;1;5;1;2;0;0;0;1;1;3;0;0;1;0;3;
Jimmer Fredette;;17:20;3;6;2;2;0;0;0;2;2;2;1;0;0;1;8;
Jimmer Fredette;;4:58;0;1;0;1;2;2;0;0;0;0;0;0;0;1;2;
Jimmer Fredette;;14:22;2;5;1;3;0;0;0;3;3;1;1;0;1;0;5;
Jimmer Fredette;;9:36;1;3;0;1;0;0;0;2;2;0;0;0;2;2;2;
Jimmer Fredette;;11:38;4;6;1;1;4;4;1;1;2;1;0;0;1;0;13;
Jimmer Fredette;;5:31;1;2;0;0;0;0;0;0;0;0;1;0;1;1;2;
Jimmer Fredette;;4:59;1;2;0;0;0;0;0;2;2;0;0;0;0;0;2;
Jimmer Fredette;;12:42;1;7;1;2;1;1;0;1;1;2;1;0;0;1;4;
Jimmer Fredette;;9:27;4;8;1;2;0;0;0;2;2;1;0;0;1;1;9;
Jimmer Fredette;;3:53;0;0;0;0;0;0;0;0;0;0;0;0;2;0;0;
Jimmer Fredette;;5:16;2;4;1;1;0;0;0;1;1;0;0;0;0;0;5;
Jimmer Fredette;;12:45;4;6;1;2;0;0;0;2;2;2;1;0;0;0;9;
Jimmer Fredette;;11:59;0;1;0;1;0;0;0;1;1;3;0;1;1;0;0;
Jimmer Fredette;;11:34;2;3;0;0;0;0;1;1;2;2;0;0;2;0;4;
Jimmer Fredette;;13:11;4;8;0;2;2;2;0;0;0;0;0;0;1;1;10;
