╔═══════════════╤═══════════════════════╗
║Name		│JJ Hickson		║
╟───────────────┼───────────────────────╢
║Number		│7			║
╟───────────────┼───────────────────────╢
║Position	│C-F			║
╟───────────────┼───────────────────────╢
║Height		│6-9			║
╟───────────────┼───────────────────────╢
║Weight		│242			║
╟───────────────┼───────────────────────╢
║Birth		│SEP 04, 1988		║
╟───────────────┼───────────────────────╢
║Age		│25			║
╟───────────────┼───────────────────────╢
║Exp		│5			║
╟───────────────┼───────────────────────╢
║School		│North Carolina State	║
╚═══════════════╧═══════════════════════╝
JJ Hickson;C;32:06;7;14;0;0;5;9;4;7;11;0;1;2;1;4;19;
JJ Hickson;C;22:42;3;9;0;0;1;2;1;3;4;1;0;1;1;2;7;
JJ Hickson;C;22:04;2;5;0;1;2;4;1;4;5;1;0;0;2;2;6;
JJ Hickson;C;27:36;6;8;0;0;5;7;1;7;8;1;2;1;5;3;17;
JJ Hickson;C;25:07;1;9;0;0;2;2;4;8;12;3;1;1;1;2;4;
JJ Hickson;C;26:33;6;12;0;1;1;1;2;8;10;2;1;0;1;1;13;
JJ Hickson;C;30:34;8;9;0;0;5;6;3;7;10;1;0;2;0;1;21;
JJ Hickson;C;39:34;6;12;0;0;1;4;4;20;24;2;1;0;2;4;13;
JJ Hickson;C;32:20;4;8;0;0;0;0;2;8;10;0;1;1;3;5;8;
JJ Hickson;C;37:32;5;11;0;0;4;7;5;8;13;1;1;0;1;1;14;
JJ Hickson;C;36:50;6;10;0;0;0;0;1;6;7;5;0;0;3;5;12;
JJ Hickson;C;34:06;5;10;0;0;4;11;4;9;13;1;2;0;2;3;14;
JJ Hickson;C;33:24;2;4;0;0;4;8;2;8;10;2;2;1;3;2;8;
JJ Hickson;C;23:52;3;8;0;0;1;2;1;4;5;2;0;1;1;4;7;
JJ Hickson;C;29:53;7;10;0;0;4;8;3;10;13;4;1;0;2;3;18;
JJ Hickson;C;34:51;7;12;0;0;3;6;4;8;12;5;1;1;3;5;17;
JJ Hickson;C;34:39;7;11;0;0;5;6;5;5;10;0;2;2;1;3;19;
JJ Hickson;C;27:29;1;4;0;1;1;4;4;2;6;1;1;0;2;1;3;
JJ Hickson;C;33:34;7;14;0;0;1;6;7;9;16;2;0;1;5;2;15;
JJ Hickson;C;27:39;5;11;0;1;2;2;3;5;8;0;0;0;2;3;12;
JJ Hickson;C;25:23;6;11;0;0;2;2;6;7;13;3;0;0;3;4;14;
JJ Hickson;C;32:36;4;12;0;1;3;6;4;5;9;1;0;1;3;2;11;
JJ Hickson;C;29:02;6;9;0;0;2;7;3;7;10;1;2;0;2;2;14;
JJ Hickson;C;20:20;3;9;0;0;0;3;2;1;3;0;1;3;1;0;6;
JJ Hickson;C;16:14;0;2;0;0;1;6;0;6;6;3;0;0;3;4;1;
JJ Hickson;;29:52;6;16;0;0;4;6;15;10;25;1;1;1;4;4;16;
JJ Hickson;;21:36;4;9;0;0;6;10;2;5;7;0;0;0;2;4;14;
JJ Hickson;;29:41;4;11;0;0;3;7;2;3;5;2;1;0;3;2;11;
JJ Hickson;;27:21;2;7;0;1;1;3;1;6;7;2;1;0;2;2;5;
JJ Hickson;;26:29;8;10;0;0;0;1;1;4;5;3;0;5;0;1;16;
JJ Hickson;;14:38;4;8;0;0;0;0;2;3;5;2;0;1;1;1;8;
JJ Hickson;;19:13;6;9;0;0;0;2;3;6;9;1;1;2;7;3;12;
JJ Hickson;;19:13;2;7;0;0;7;10;1;2;3;1;0;0;1;3;11;
JJ Hickson;;23:59;8;14;0;0;4;5;1;8;9;2;0;0;3;1;20;
JJ Hickson;;26:01;5;9;0;0;1;2;2;7;9;3;0;1;0;2;11;
JJ Hickson;;26:18;4;8;0;0;3;4;2;8;10;1;1;0;1;1;11;
JJ Hickson;;29:36;9;14;0;0;3;7;5;6;11;0;0;0;1;4;21;
JJ Hickson;;25:36;5;8;0;0;1;4;2;9;11;2;0;1;1;5;11;
JJ Hickson;;23:41;8;12;0;0;2;9;3;5;8;0;2;0;2;2;18;
JJ Hickson;F;33:02;6;10;0;0;0;0;2;7;9;0;0;4;3;3;12;
JJ Hickson;F;21:46;2;13;0;0;1;2;4;5;9;2;0;0;0;2;5;
JJ Hickson;;16:40;2;5;0;0;0;0;2;5;7;0;0;1;4;1;4;
JJ Hickson;;22:14;1;4;0;0;1;2;1;7;8;0;0;1;2;2;3;
JJ Hickson;;14:08;1;2;0;0;2;4;0;4;4;0;1;0;2;2;4;
JJ Hickson;C;28:53;5;9;0;0;4;6;3;6;9;0;0;1;1;3;14;
JJ Hickson;C;17:26;3;11;0;0;0;2;5;3;8;0;1;1;0;3;6;
JJ Hickson;C;30:13;5;11;0;0;2;3;2;9;11;3;2;1;2;1;12;
JJ Hickson;C;27:27;7;12;0;0;0;1;5;3;8;1;1;1;0;4;14;
JJ Hickson;C;33:02;7;14;0;1;4;8;6;13;19;2;1;2;3;4;18;
JJ Hickson;C;28:52;6;11;0;0;2;2;2;7;9;1;1;0;2;3;14;
JJ Hickson;C;29:22;3;8;0;0;0;0;2;3;5;0;0;0;2;3;6;
JJ Hickson;C;33:49;8;11;0;0;6;8;3;5;8;1;3;1;2;3;22;
JJ Hickson;C;19:03;5;9;0;0;0;0;1;2;3;1;0;0;0;3;10;
JJ Hickson;C;31:33;4;9;0;0;5;10;1;10;11;2;0;0;2;2;13;
JJ Hickson;C;17:29;1;2;0;0;1;2;0;2;2;0;0;2;2;2;3;
JJ Hickson;C;16:08;4;8;0;0;0;2;2;5;7;0;0;0;0;2;8;
JJ Hickson;C;25:59;7;13;0;0;1;2;7;4;11;2;0;0;2;1;15;
JJ Hickson;C;25:16;6;8;0;0;5;6;3;4;7;1;0;1;0;3;17;
JJ Hickson;C;25:46;5;9;0;0;2;6;7;3;10;4;1;1;4;1;12;
JJ Hickson;C;19:59;4;9;0;0;1;1;3;5;8;1;1;0;3;2;9;
JJ Hickson;C;21:07;4;9;0;0;4;7;1;3;4;2;1;1;0;3;12;
JJ Hickson;C;29:02;8;12;0;0;3;6;4;7;11;2;2;1;1;2;19;
JJ Hickson;C;28:56;7;13;0;0;6;9;5;9;14;1;0;1;1;1;20;
JJ Hickson;C;28:20;6;10;0;0;1;1;3;11;14;0;0;1;3;4;13;
JJ Hickson;C;21:27;3;10;0;0;0;1;4;5;9;2;0;0;0;3;6;
JJ Hickson;F;26:22;3;7;0;0;1;2;1;7;8;0;1;0;2;1;7;
JJ Hickson;F;36:29;7;9;0;0;2;6;3;7;10;1;1;0;2;4;16;
JJ Hickson;F;33:59;5;9;0;0;0;0;2;4;6;2;1;1;0;3;10;
JJ Hickson;C;36:22;5;11;0;1;2;2;4;7;11;3;2;0;2;3;12;
