╔═══════════════╤═══════════════╗
║Name		│JJ Redick	║
╟───────────────┼───────────────╢
║Number		│4		║
╟───────────────┼───────────────╢
║Position	│G		║
╟───────────────┼───────────────╢
║Height		│6-4		║
╟───────────────┼───────────────╢
║Weight		│190		║
╟───────────────┼───────────────╢
║Birth		│JUN 24, 1984	║
╟───────────────┼───────────────╢
║Age		│30		║
╟───────────────┼───────────────╢
║Exp		│7		║
╟───────────────┼───────────────╢
║School		│Duke		║
╚═══════════════╧═══════════════╝
JJ Redick;G;22:55;8;15;1;4;2;2;0;3;3;2;0;0;0;0;19;
JJ Redick;G;31:19;10;14;7;9;6;7;1;2;3;5;2;0;1;3;33;
JJ Redick;G;33:17;3;11;1;6;5;5;0;3;3;1;2;0;0;2;12;
JJ Redick;G;28:25;4;17;0;7;0;0;0;1;1;4;0;0;2;1;8;
JJ Redick;G;36:29;5;9;3;5;7;9;0;0;0;6;0;0;2;2;20;
JJ Redick;G;35:51;7;14;1;6;0;0;0;2;2;1;1;0;4;2;15;
JJ Redick;G;33:33;5;11;4;7;4;4;0;1;1;5;1;0;1;2;18;
JJ Redick;G;23:12;7;13;2;3;2;2;0;2;2;0;0;0;0;1;18;
JJ Redick;G;24:07;4;8;3;4;3;3;0;2;2;2;0;0;1;0;14;
JJ Redick;G;36:10;7;11;3;5;3;4;0;2;2;1;1;0;4;2;20;
JJ Redick;G;30:30;4;11;4;6;0;0;0;1;1;1;1;0;3;0;12;
JJ Redick;G;18:30;1;6;0;1;2;2;1;2;3;0;1;0;1;3;4;
JJ Redick;G;29:59;4;11;1;4;0;0;0;2;2;4;1;0;0;2;9;
JJ Redick;;23:36;3;10;2;6;4;4;0;2;2;1;0;0;0;0;12;
JJ Redick;G;23:30;7;11;1;3;0;0;0;3;3;1;0;0;3;2;15;
JJ Redick;G;27:20;1;7;1;7;1;1;0;3;3;8;1;0;3;1;4;
JJ Redick;G;32:02;4;9;2;4;3;4;0;2;2;1;0;0;0;2;13;
JJ Redick;G;17:29;5;10;4;6;4;4;0;1;1;1;2;0;0;3;18;
JJ Redick;G;33:49;5;12;2;5;1;1;1;1;2;3;0;0;1;0;13;
JJ Redick;G;28:07;5;11;3;7;4;4;1;4;5;2;0;0;0;4;17;
JJ Redick;G;28:01;5;8;1;4;2;2;0;0;0;1;1;0;1;2;13;
JJ Redick;G;27:50;8;15;2;7;8;8;3;0;3;3;2;1;0;5;26;
JJ Redick;G;32:10;7;15;2;5;1;1;1;3;4;4;0;0;1;0;17;
JJ Redick;G;30:49;4;11;2;6;5;6;1;1;2;1;0;0;1;5;15;
JJ Redick;G;35:41;8;15;3;7;3;3;0;5;5;2;4;1;3;3;22;
JJ Redick;G;24:02;3;7;1;4;0;0;0;1;1;3;0;0;1;3;7;
JJ Redick;G;25:44;5;13;2;5;3;3;0;2;2;2;1;0;1;4;15;
JJ Redick;G;29:37;9;14;5;7;3;4;0;1;1;1;1;0;1;1;26;
JJ Redick;G;27:23;3;13;1;7;5;5;0;2;2;2;0;0;1;2;12;
JJ Redick;G;32:24;5;14;2;5;3;4;0;4;4;5;1;0;1;3;15;
JJ Redick;G;26:54;3;11;1;6;1;1;0;3;3;0;2;0;0;1;8;
JJ Redick;G;31:21;5;11;1;3;4;5;0;0;0;1;0;1;3;1;15;
JJ Redick;G;24:46;8;11;1;3;2;2;0;1;1;2;2;0;0;0;19;
JJ Redick;G;23:30;5;10;3;7;2;2;0;2;2;0;0;0;1;1;15;
JJ Redick;G;16:59;4;9;1;4;4;4;0;1;1;2;1;0;1;2;13;
