╔═══════════════╤═══════════════╗
║Name		│Joakim Noah	║
╟───────────────┼───────────────╢
║Number		│13		║
╟───────────────┼───────────────╢
║Position	│C		║
╟───────────────┼───────────────╢
║Height		│6-11		║
╟───────────────┼───────────────╢
║Weight		│232		║
╟───────────────┼───────────────╢
║Birth		│FEB 25, 1985	║
╟───────────────┼───────────────╢
║Age		│29		║
╟───────────────┼───────────────╢
║Exp		│6		║
╟───────────────┼───────────────╢
║School		│Florida	║
╚═══════════════╧═══════════════╝
Joakim Noah;C;33:59;6;13;0;1;5;6;6;5;11;9;1;1;2;2;17;
Joakim Noah;C;34:21;3;7;0;0;4;6;3;9;12;2;0;5;3;2;10;
Joakim Noah;C;35:56;5;15;0;0;4;6;5;11;16;6;1;1;3;3;14;
Joakim Noah;C;35:01;2;5;0;0;4;6;1;9;10;7;2;2;3;2;8;
Joakim Noah;C;33:33;7;12;0;0;5;5;4;10;14;4;0;3;2;3;19;
Joakim Noah;C;37:20;2;5;0;0;4;6;5;11;16;3;2;1;3;4;8;
Joakim Noah;C;38:41;7;11;0;0;8;10;6;9;15;4;1;0;3;1;22;
Joakim Noah;C;33:29;2;5;0;0;5;6;4;8;12;6;1;0;2;4;9;
Joakim Noah;C;30:53;9;14;0;0;3;3;4;12;16;3;2;4;2;2;21;
Joakim Noah;C;41:32;6;16;0;0;5;8;7;14;21;6;2;0;4;5;17;
Joakim Noah;C;38:58;3;7;0;0;3;4;3;15;18;6;1;2;4;2;9;
Joakim Noah;C;34:08;6;9;0;0;0;0;9;4;13;7;0;1;1;5;12;
Joakim Noah;C;39:35;4;14;0;0;3;6;1;9;10;8;1;1;3;3;11;
Joakim Noah;C;39:34;5;12;0;0;0;0;4;6;10;8;0;4;2;2;10;
Joakim Noah;C;37:12;5;9;0;0;4;8;7;9;16;5;1;1;4;5;14;
Joakim Noah;C;18:51;1;6;0;0;2;2;1;3;4;2;1;0;2;3;4;
Joakim Noah;C;36:53;7;10;0;0;0;0;2;12;14;2;1;1;3;1;14;
Joakim Noah;C;39:07;3;9;0;0;1;2;4;6;10;11;0;1;4;2;7;
Joakim Noah;C;41:22;6;10;0;0;8;8;4;9;13;3;2;3;3;5;20;
Joakim Noah;C;41:08;8;15;0;0;3;6;6;10;16;11;0;3;1;2;19;
Joakim Noah;C;33:23;6;10;0;0;2;3;3;10;13;7;0;2;2;4;14;
Joakim Noah;C;36:48;3;7;0;0;2;4;1;3;4;13;0;1;3;2;8;
Joakim Noah;C;28:15;4;6;0;0;6;6;3;8;11;5;1;3;2;1;14;
Joakim Noah;C;39:57;7;11;0;0;6;7;5;10;15;3;0;4;2;4;20;
Joakim Noah;C;36:40;9;13;0;0;2;4;4;8;12;3;3;0;1;0;20;
Joakim Noah;C;32:35;3;10;0;0;2;2;6;11;17;7;1;1;4;2;8;
Joakim Noah;C;36:59;4;8;0;0;2;3;0;9;9;4;2;1;5;5;10;
Joakim Noah;C;37:27;4;10;0;0;5;8;5;7;12;14;2;2;1;0;13;
Joakim Noah;C;34:39;5;8;0;0;0;0;1;5;6;1;2;0;6;3;10;
Joakim Noah;C;34:57;5;7;0;0;0;1;1;10;11;11;0;2;2;3;10;
Joakim Noah;C;40:19;6;9;0;0;3;4;0;8;8;6;1;2;6;3;15;
Joakim Noah;C;42:02;9;16;0;0;2;4;6;6;12;7;0;4;1;3;20;
Joakim Noah;C;30:57;4;9;0;0;5;6;2;6;8;7;0;2;2;2;13;
Joakim Noah;C;35:10;3;6;0;0;7;7;4;6;10;9;2;0;1;5;13;
Joakim Noah;C;40:50;9;15;0;0;5;6;1;10;11;8;3;5;2;3;23;
Joakim Noah;C;35:59;2;8;0;0;5;7;4;8;12;9;2;1;0;2;9;
Joakim Noah;C;38:03;6;12;0;0;2;4;4;6;10;6;1;4;5;2;14;
Joakim Noah;C;38:08;5;15;0;0;2;2;4;9;13;6;4;0;3;4;12;
Joakim Noah;C;37:40;6;10;0;0;8;9;2;6;8;4;1;3;5;5;20;
Joakim Noah;C;34:40;5;10;0;0;0;0;0;8;8;8;4;3;2;5;10;
Joakim Noah;C;38:08;5;12;0;0;1;2;5;5;10;6;2;0;3;3;11;
Joakim Noah;C;37:25;3;6;0;0;7;10;2;6;8;13;1;1;4;3;13;
Joakim Noah;C;38:59;9;19;0;1;1;1;4;6;10;5;2;2;3;2;19;
Joakim Noah;C;37:57;5;10;0;0;0;0;2;8;10;6;2;0;1;4;10;
Joakim Noah;C;37:46;2;14;0;0;7;9;6;7;13;4;2;0;5;3;11;
Joakim Noah;C;36:14;9;13;0;0;3;3;4;8;12;3;0;1;1;3;21;
Joakim Noah;C;40:38;7;13;0;0;1;2;5;8;13;10;1;2;3;4;15;
Joakim Noah;C;39:42;2;10;0;0;2;2;2;10;12;10;2;3;3;4;6;
Joakim Noah;C;40:26;2;5;0;0;9;11;4;13;17;9;1;1;4;4;13;
Joakim Noah;C;37:02;7;16;0;0;4;5;4;6;10;8;2;1;0;0;18;
Joakim Noah;C;42:23;7;16;0;0;0;0;1;12;13;6;1;2;2;4;14;
Joakim Noah;C;20:09;1;4;0;0;0;2;2;9;11;2;2;2;2;2;2;
Joakim Noah;C;35:58;2;7;0;0;2;2;4;11;15;5;1;1;1;4;6;
Joakim Noah;C;32:13;4;11;0;0;2;2;2;7;9;3;2;1;1;1;10;
Joakim Noah;C;27:25;0;2;0;0;4;4;4;4;8;4;1;1;2;5;4;
Joakim Noah;C;24:57;6;9;0;0;2;4;4;4;8;1;1;1;3;3;14;
Joakim Noah;C;27:10;4;5;0;0;2;2;1;5;6;1;3;1;2;5;10;
Joakim Noah;C;33:13;7;10;0;0;4;4;3;6;9;3;1;0;3;2;18;
Joakim Noah;C;31:58;1;6;0;0;2;4;1;6;7;6;2;0;1;6;4;
Joakim Noah;C;35:11;4;11;0;0;3;4;3;4;7;3;0;1;2;4;11;
Joakim Noah;C;32:49;4;10;0;0;3;4;7;5;12;8;0;1;1;3;11;
Joakim Noah;C;27:02;3;6;0;0;1;2;0;2;2;3;1;1;2;3;7;
Joakim Noah;C;22:28;4;6;0;0;0;2;1;3;4;2;0;0;1;1;8;
Joakim Noah;C;32:33;4;8;0;0;2;4;6;7;13;0;0;1;2;6;10;
Joakim Noah;C;33:30;6;11;0;0;1;3;3;2;5;3;1;0;1;3;13;
Joakim Noah;C;37:24;2;10;0;0;0;2;3;5;8;7;1;1;0;3;4;
Joakim Noah;C;40:21;5;8;0;0;3;5;4;6;10;4;0;1;3;2;13;
Joakim Noah;C;33:02;6;9;0;0;5;6;3;12;15;3;1;0;0;2;17;
Joakim Noah;C;28:38;1;7;0;0;0;0;4;5;9;2;0;4;2;2;2;
Joakim Noah;C;36:54;3;5;0;0;6;8;5;6;11;4;0;3;5;3;12;
Joakim Noah;C;35:09;10;15;0;0;1;2;9;9;18;5;3;3;2;5;21;
Joakim Noah;C;35:25;4;10;0;0;2;2;4;8;12;4;1;2;1;4;10;
Joakim Noah;C;33:28;4;9;0;0;5;6;1;7;8;4;2;0;0;3;13;
Joakim Noah;C;31:48;3;8;0;0;0;2;3;7;10;3;0;1;2;4;6;
Joakim Noah;C;29:16;8;17;0;0;7;8;4;8;12;3;2;1;4;1;23;
Joakim Noah;C;31:02;4;11;0;0;3;3;5;13;18;3;2;0;2;1;11;
Joakim Noah;C;34:02;3;8;0;0;4;4;2;6;8;3;2;0;3;4;10;
Joakim Noah;C;36:32;8;11;0;0;4;5;3;7;10;3;1;1;2;2;20;
Joakim Noah;C;32:01;2;9;0;0;4;5;3;7;10;0;3;3;4;4;8;
Joakim Noah;C;34:19;2;10;0;0;3;4;6;10;16;6;1;1;1;4;7;
