╔═══════════════╤═══════════════╗
║Name		│Jodie Meeks	║
╟───────────────┼───────────────╢
║Number		│20		║
╟───────────────┼───────────────╢
║Position	│G		║
╟───────────────┼───────────────╢
║Height		│6-4		║
╟───────────────┼───────────────╢
║Weight		│208		║
╟───────────────┼───────────────╢
║Birth		│AUG 21, 1987	║
╟───────────────┼───────────────╢
║Age		│26		║
╟───────────────┼───────────────╢
║Exp		│4		║
╟───────────────┼───────────────╢
║School		│Kentucky	║
╚═══════════════╧═══════════════╝
Jodie Meeks;G;34:06;6;14;3;10;3;3;1;2;3;6;1;0;2;3;18;
Jodie Meeks;G;32:56;8;15;0;3;7;7;0;4;4;1;2;0;3;2;23;
Jodie Meeks;G;41:19;6;16;4;11;8;9;1;3;4;6;4;0;2;2;24;
Jodie Meeks;G;34:45;5;13;2;5;9;10;0;3;3;2;2;0;4;3;21;
Jodie Meeks;G;32:13;2;10;0;2;7;8;0;3;3;0;1;0;5;4;11;
Jodie Meeks;G;41:20;9;14;6;10;2;4;0;3;3;4;0;0;0;1;26;
Jodie Meeks;G;43:08;5;9;1;4;3;3;0;2;2;3;1;0;3;2;14;
Jodie Meeks;G;42:15;6;13;2;4;3;5;1;6;7;3;1;0;3;2;17;
Jodie Meeks;G;40:38;4;10;1;5;2;3;0;0;0;3;4;0;2;2;11;
Jodie Meeks;G;43:34;4;10;2;4;6;6;0;3;3;7;2;0;2;2;16;
Jodie Meeks;G;35:39;7;13;4;6;4;4;0;0;0;1;2;0;1;1;22;
Jodie Meeks;G;36:35;7;12;3;5;0;1;0;3;3;1;2;0;2;1;17;
Jodie Meeks;G;43:20;8;13;6;8;2;2;0;3;3;1;2;0;2;2;24;
Jodie Meeks;G;32:40;7;16;2;8;5;5;0;2;2;1;2;0;2;1;21;
Jodie Meeks;G;37:10;5;15;3;10;6;6;0;2;2;1;2;0;0;4;19;
Jodie Meeks;F;1:26;0;2;0;2;0;0;0;0;0;0;0;0;0;0;0;
Jodie Meeks;G;34:07;7;14;2;6;3;3;0;1;1;2;1;0;3;3;19;
Jodie Meeks;G;22:06;6;15;2;8;2;2;0;1;1;1;0;0;0;1;16;
Jodie Meeks;G;29:04;7;13;2;5;3;4;0;2;2;2;2;1;1;1;19;
Jodie Meeks;G;37:42;5;14;1;6;2;2;2;3;5;1;3;0;2;0;13;
Jodie Meeks;G;36:59;7;10;2;4;3;4;0;4;4;0;1;0;2;1;19;
Jodie Meeks;G;33:04;8;8;3;3;3;4;0;0;0;4;0;0;1;0;22;
Jodie Meeks;G;38:57;8;16;2;6;3;3;1;2;3;1;1;1;1;1;21;
Jodie Meeks;G;31:26;7;12;2;5;1;1;0;0;0;0;3;0;1;3;17;
Jodie Meeks;G;31:19;3;11;0;2;1;1;0;0;0;1;0;0;1;1;7;
Jodie Meeks;G;33:58;6;15;1;4;3;4;1;2;3;3;0;0;2;1;16;
Jodie Meeks;G;37:02;11;18;6;11;14;14;0;2;2;0;4;0;3;2;42;
Jodie Meeks;G;31:02;6;15;3;4;4;4;2;1;3;2;1;0;2;2;19;
Jodie Meeks;G;34:50;5;17;1;4;4;6;1;1;2;4;2;0;0;1;15;
Jodie Meeks;G;36:54;4;10;1;5;2;2;0;4;4;4;0;0;1;1;11;
Jodie Meeks;G;33:44;7;17;2;4;5;6;0;0;0;2;4;0;0;1;21;
Jodie Meeks;G;40:28;4;11;2;5;3;4;0;0;0;2;6;0;0;2;13;
Jodie Meeks;G;25:06;5;11;4;7;0;0;0;2;2;3;4;0;3;1;14;
Jodie Meeks;G;31:13;4;10;2;5;0;0;0;3;3;4;2;1;1;1;10;
Jodie Meeks;G;31:51;6;13;1;4;6;6;1;1;2;0;1;0;0;1;19;
Jodie Meeks;G;39:41;6;9;1;3;9;10;0;3;3;2;1;0;0;2;22;
Jodie Meeks;G;26:37;2;7;0;2;0;0;0;2;2;2;0;0;1;0;4;
Jodie Meeks;G;36:10;8;15;2;6;3;3;1;2;3;1;0;0;1;1;21;
Jodie Meeks;G;40:34;10;17;4;10;1;1;0;4;4;2;2;0;2;2;25;
Jodie Meeks;G;39:09;6;15;2;6;3;3;0;1;1;1;0;0;4;2;17;
Jodie Meeks;G;38:09;12;21;2;6;4;5;1;3;4;6;1;0;1;0;30;
Jodie Meeks;G;33:54;2;12;1;2;5;8;0;1;1;2;2;0;2;2;10;
Jodie Meeks;G;38:47;7;12;1;3;5;5;0;0;0;1;0;0;0;1;20;
Jodie Meeks;G;35:11;8;13;2;3;5;6;0;2;2;0;3;0;1;1;23;
Jodie Meeks;G;30:25;5;6;2;2;2;2;0;3;3;3;2;0;1;1;14;
Jodie Meeks;;25:35;4;8;3;6;2;2;0;3;3;2;1;0;2;2;13;
Jodie Meeks;G;22:16;4;8;1;3;5;6;1;2;3;0;0;0;2;0;14;
Jodie Meeks;;27:35;5;9;1;3;3;3;0;6;6;0;1;0;1;0;14;
Jodie Meeks;;16:58;2;5;1;2;0;0;0;2;2;2;1;0;0;0;5;
Jodie Meeks;;21:58;4;10;2;5;1;2;0;2;2;0;1;0;1;0;11;
Jodie Meeks;;26:07;6;9;5;7;1;1;0;3;3;2;0;0;1;4;18;
Jodie Meeks;G;41:35;4;10;2;5;1;2;1;2;3;0;1;0;0;3;11;
Jodie Meeks;;29:12;6;10;2;6;2;2;0;2;2;2;1;1;1;2;16;
Jodie Meeks;G;25:52;5;7;3;5;2;2;0;3;3;0;1;0;1;3;15;
Jodie Meeks;G;27:02;1;5;1;3;0;2;0;0;0;0;0;0;0;2;3;
Jodie Meeks;G;37:56;10;16;5;9;0;1;0;3;3;0;1;0;2;2;25;
Jodie Meeks;G;28:12;6;11;4;7;3;3;1;1;2;0;1;0;2;2;19;
Jodie Meeks;G;27:54;3;10;2;5;0;0;0;1;1;0;1;0;1;1;8;
Jodie Meeks;G;27:02;6;10;1;4;1;1;0;2;2;0;2;0;0;0;14;
Jodie Meeks;G;28:02;3;5;2;3;2;2;1;4;5;1;0;0;2;0;10;
Jodie Meeks;G;31:19;3;10;1;4;4;4;1;1;2;3;0;0;1;2;11;
Jodie Meeks;G;26:39;3;8;0;2;4;4;1;0;1;0;3;0;0;1;10;
Jodie Meeks;G;34:38;6;14;3;8;5;6;0;3;3;3;0;0;1;2;20;
Jodie Meeks;G;33:27;7;11;5;6;0;0;2;1;3;1;0;0;0;1;19;
Jodie Meeks;;35:20;6;12;2;5;0;0;0;2;2;3;2;0;3;3;14;
Jodie Meeks;F;32:40;5;10;1;5;2;3;1;4;5;1;1;0;0;0;13;
Jodie Meeks;G;36:01;3;16;2;7;1;2;1;1;2;1;0;0;5;2;9;
Jodie Meeks;G;22:56;1;4;0;1;0;0;1;1;2;0;1;0;0;1;2;
Jodie Meeks;G;24:39;1;8;0;3;0;0;1;2;3;2;1;0;2;0;2;
Jodie Meeks;G;33:45;5;10;3;8;0;0;0;2;2;0;2;0;1;1;13;
Jodie Meeks;G;42:20;6;10;1;5;4;4;0;3;3;4;1;0;2;2;17;
Jodie Meeks;G;33:26;4;11;1;3;4;5;1;3;4;4;3;0;4;0;13;
Jodie Meeks;G;39:43;6;15;2;5;4;7;1;4;5;4;3;0;1;3;18;
Jodie Meeks;G;37:33;6;12;4;10;1;2;1;3;4;3;2;0;3;3;17;
Jodie Meeks;G;40:30;4;15;3;9;2;2;1;3;4;1;3;0;0;2;13;
Jodie Meeks;G;32:55;5;12;4;8;1;1;1;3;4;2;1;0;1;3;15;
Jodie Meeks;G;42:22;2;9;0;4;0;0;0;3;3;1;2;0;1;4;4;
