╔═══════════════╤═══════════════╗
║Name		│Joe Johnson	║
╟───────────────┼───────────────╢
║Number		│7		║
╟───────────────┼───────────────╢
║Position	│G		║
╟───────────────┼───────────────╢
║Height		│6-7		║
╟───────────────┼───────────────╢
║Weight		│240		║
╟───────────────┼───────────────╢
║Birth		│JUN 29, 1981	║
╟───────────────┼───────────────╢
║Age		│33		║
╟───────────────┼───────────────╢
║Exp		│12		║
╟───────────────┼───────────────╢
║School		│Arkansas	║
╚═══════════════╧═══════════════╝
Joe Johnson;F;30:21;4;11;1;6;0;0;1;3;4;0;1;0;1;4;9;
Joe Johnson;F;34:46;1;7;0;5;0;0;1;2;3;2;0;0;1;1;2;
Joe Johnson;G;36:13;10;22;1;5;2;2;2;1;3;4;1;0;3;3;23;
Joe Johnson;F;37:05;8;17;2;5;9;11;0;3;3;2;1;0;1;0;27;
Joe Johnson;F;41:57;13;23;4;6;0;0;0;3;3;4;1;0;2;0;30;
Joe Johnson;F;31:30;4;13;0;4;3;4;2;4;6;6;1;0;0;2;11;
Joe Johnson;F;30:24;11;15;6;8;1;1;2;2;4;5;0;0;2;1;29;
Joe Johnson;F;29:51;8;15;4;8;5;6;1;5;6;5;1;0;0;3;25;
Joe Johnson;F;29:51;6;11;1;5;0;0;1;4;5;3;0;0;0;2;13;
Joe Johnson;F;29:05;1;5;1;4;2;2;0;0;0;2;0;0;4;5;5;
Joe Johnson;F;24:43;2;7;1;3;1;2;1;5;6;1;0;0;2;4;6;
Joe Johnson;F;31:51;3;10;1;4;5;5;0;3;3;2;2;0;4;2;12;
Joe Johnson;F;27:00;4;8;1;1;0;0;0;1;1;2;1;1;2;1;9;
Joe Johnson;F;38:45;6;14;2;5;2;2;0;1;1;2;1;0;3;3;16;
Joe Johnson;F;27:38;4;10;0;2;0;0;0;2;2;1;0;0;2;1;8;
Joe Johnson;F;22:17;5;10;4;7;2;3;2;1;3;1;0;0;2;1;16;
Joe Johnson;F;23:03;3;7;2;4;0;0;0;3;3;2;0;0;1;2;8;
Joe Johnson;F;27:56;2;8;2;5;2;2;0;3;3;2;0;0;1;4;8;
Joe Johnson;F;38:27;4;14;0;2;3;5;0;1;1;1;1;0;3;4;11;
Joe Johnson;F;38:09;10;16;4;7;3;4;0;2;2;6;3;0;0;1;27;
Joe Johnson;F;33:32;5;16;1;5;4;4;1;3;4;0;1;0;4;0;15;
Joe Johnson;G;35:14;4;9;2;3;0;0;0;4;4;8;1;0;2;0;10;
Joe Johnson;F;26:26;4;11;1;4;2;2;0;1;1;1;0;0;2;0;11;
Joe Johnson;F;26:31;3;11;2;6;2;3;1;1;2;0;0;0;2;1;10;
Joe Johnson;F;26:31;2;9;1;4;2;2;0;0;0;3;2;0;1;0;7;
Joe Johnson;F;32:54;7;11;3;4;2;2;0;2;2;3;1;0;1;0;19;
Joe Johnson;F;33:36;8;13;5;7;0;0;0;2;2;4;1;0;1;4;21;
Joe Johnson;F;37:49;9;21;1;7;2;3;3;4;7;2;1;0;1;0;21;
Joe Johnson;F;27:25;7;12;2;6;2;2;0;2;2;5;2;0;1;1;18;
Joe Johnson;F;33:02;6;13;2;4;0;0;1;3;4;4;0;0;1;1;14;
Joe Johnson;F;34:20;2;10;1;6;3;3;1;5;6;2;1;0;5;3;8;
Joe Johnson;F;31:52;7;12;2;3;0;0;1;6;7;0;1;0;1;2;16;
Joe Johnson;F;29:29;7;11;3;5;2;2;1;4;5;5;2;1;0;1;19;
Joe Johnson;F;33:27;8;18;3;7;1;2;1;7;8;3;1;0;1;0;20;
Joe Johnson;F;30:18;10;16;6;8;1;1;0;2;2;4;0;0;0;2;27;
Joe Johnson;F;37:07;8;16;2;4;4;5;1;4;5;2;0;1;2;0;22;
Joe Johnson;F;36:02;4;14;1;8;6;6;2;4;6;4;0;0;3;1;15;
Joe Johnson;F;38:27;7;16;4;7;0;0;0;5;5;3;0;0;4;3;18;
Joe Johnson;F;28:34;6;8;2;3;0;1;0;1;1;3;0;0;0;1;14;
Joe Johnson;F;29:44;8;13;1;5;2;3;1;3;4;3;0;0;1;1;19;
Joe Johnson;F;33:54;13;21;4;8;2;2;0;4;4;3;1;0;1;2;32;
Joe Johnson;F;22:22;5;13;2;6;4;5;0;1;1;1;2;0;2;1;16;
Joe Johnson;F;24:38;4;7;2;4;0;0;0;4;4;2;0;0;0;0;10;
Joe Johnson;F;27:16;4;9;2;5;2;2;0;3;3;3;0;0;1;0;12;
Joe Johnson;F;33:03;9;17;1;4;0;0;0;2;2;0;0;0;1;1;19;
Joe Johnson;F;36:33;11;19;2;6;7;8;2;2;4;5;0;0;2;1;31;
Joe Johnson;G;32:04;4;15;1;5;0;0;0;7;7;3;0;0;4;1;9;
Joe Johnson;G;33:48;6;13;3;7;2;2;1;2;3;2;0;0;4;0;17;
Joe Johnson;G;30:36;3;9;2;5;4;7;1;5;6;4;1;0;0;1;12;
Joe Johnson;G;34:23;3;10;0;3;7;8;0;0;0;5;1;0;1;1;13;
Joe Johnson;G;27:16;6;8;2;2;5;6;0;1;1;0;0;0;1;3;19;
Joe Johnson;G;23:19;1;5;0;2;0;0;1;0;1;2;1;1;1;3;2;
Joe Johnson;G;25:29;5;9;2;3;0;0;0;3;3;2;2;0;1;4;12;
Joe Johnson;G;34:19;7;15;2;5;0;0;2;5;7;4;1;0;1;1;16;
Joe Johnson;G;32:15;6;10;3;5;2;2;0;3;3;0;0;0;0;1;17;
Joe Johnson;G;36:20;3;10;0;2;4;6;1;1;2;1;0;0;0;1;10;
Joe Johnson;G;44:47;6;19;0;4;1;2;2;3;5;1;0;0;2;3;13;
Joe Johnson;G;34:17;5;17;2;6;1;2;1;2;3;6;0;0;2;2;13;
Joe Johnson;G;37:56;4;12;1;3;4;4;2;2;4;3;0;0;1;0;13;
Joe Johnson;G;35:37;6;13;4;9;3;4;0;2;2;2;0;0;1;1;19;
Joe Johnson;G;26:18;6;10;2;3;1;1;0;2;2;4;1;0;1;2;15;
Joe Johnson;G;43:47;12;18;8;10;2;3;0;2;2;4;0;1;0;1;34;
Joe Johnson;G;38:44;7;18;3;5;4;4;1;5;6;4;0;0;2;1;21;
Joe Johnson;G;36:32;6;19;2;7;4;4;1;3;4;3;0;1;1;4;18;
Joe Johnson;G;16:20;2;10;0;2;1;1;1;2;3;0;0;0;1;2;5;
Joe Johnson;F;41:11;9;15;4;7;4;4;0;5;5;6;0;1;1;2;26;
Joe Johnson;G;31:10;8;15;1;6;5;5;1;0;1;1;0;0;1;0;22;
Joe Johnson;G;35:47;4;15;0;3;5;8;1;2;3;2;1;1;2;1;13;
Joe Johnson;G;42:37;6;14;2;8;1;2;0;4;4;5;1;0;1;2;15;
Joe Johnson;G;38:21;3;9;1;4;0;0;0;3;3;0;0;0;3;1;7;
Joe Johnson;G;29:47;8;13;4;7;1;2;0;2;2;2;0;0;2;3;21;
Joe Johnson;G;37:19;5;16;2;7;0;0;0;4;4;5;0;1;1;2;12;
Joe Johnson;G;30:10;13;20;10;14;1;1;0;7;7;5;1;1;0;2;37;
Joe Johnson;G;41:30;8;14;2;6;2;2;2;5;7;2;3;0;1;4;20;
Joe Johnson;G;34:43;7;13;1;5;2;2;0;2;2;3;0;0;3;0;17;
Joe Johnson;G;33:45;5;11;0;2;2;4;0;0;0;1;1;0;2;2;12;
Joe Johnson;F;36:23;2;12;1;4;1;2;0;6;6;5;0;0;1;2;6;
Joe Johnson;G;36:02;4;12;1;6;0;0;0;3;3;1;1;0;4;2;9;
Joe Johnson;G;26:54;4;8;1;2;0;0;1;0;1;1;1;0;0;4;9;
