╔═══════════════╤═══════════════╗
║Name		│Joel Freeland	║
╟───────────────┼───────────────╢
║Number		│19		║
╟───────────────┼───────────────╢
║Position	│C-F		║
╟───────────────┼───────────────╢
║Height		│6-10		║
╟───────────────┼───────────────╢
║Weight		│225		║
╟───────────────┼───────────────╢
║Birth		│FEB 07, 1987	║
╟───────────────┼───────────────╢
║Age		│27		║
╟───────────────┼───────────────╢
║Exp		│1		║
╟───────────────┼───────────────╢
║School		│England	║
╚═══════════════╧═══════════════╝
Joel Freeland;;13:23;3;7;0;0;0;0;1;2;3;0;1;0;0;2;6;
Joel Freeland;;13:45;2;4;0;0;0;0;2;3;5;0;0;0;0;3;4;
Joel Freeland;;9:29;1;1;0;0;0;0;2;1;3;0;0;1;0;1;2;
Joel Freeland;;18:00;1;3;0;0;1;2;3;0;3;1;1;1;1;0;3;
Joel Freeland;;13:56;2;6;0;0;0;2;3;2;5;2;0;0;1;3;4;
Joel Freeland;;14:37;2;3;0;0;0;1;0;1;1;0;0;0;2;1;4;
Joel Freeland;;13:10;0;2;0;0;0;0;0;5;5;0;0;0;0;3;0;
Joel Freeland;;12:57;3;3;0;0;0;0;2;3;5;1;0;0;0;2;6;
Joel Freeland;;4:06;0;0;0;0;0;0;0;0;0;0;1;0;0;3;0;
Joel Freeland;;13:47;1;2;0;0;0;0;1;1;2;0;0;0;0;4;2;
Joel Freeland;;8:38;0;2;0;0;0;0;1;0;1;0;0;0;0;2;0;
Joel Freeland;;13:40;2;2;0;0;0;0;1;5;6;1;0;0;1;3;4;
Joel Freeland;;11:27;4;4;0;0;0;0;2;5;7;1;0;1;0;0;8;
Joel Freeland;;5:52;1;2;0;0;1;1;3;0;3;0;0;0;0;1;3;
Joel Freeland;;19:20;1;2;0;0;2;2;2;3;5;0;0;0;1;4;4;
Joel Freeland;;11:59;1;3;0;0;0;0;1;4;5;0;0;1;0;1;2;
Joel Freeland;;13:35;1;3;0;0;0;0;1;2;3;0;0;1;0;2;2;
Joel Freeland;;17:36;0;2;0;0;0;0;0;5;5;1;0;1;0;2;0;
Joel Freeland;;17:53;5;7;0;0;1;3;5;1;6;1;0;0;0;1;11;
Joel Freeland;;2:18;0;0;0;0;0;0;0;0;0;0;0;0;0;0;0;
Joel Freeland;;17:46;3;7;0;0;0;0;2;5;7;2;0;0;0;1;6;
Joel Freeland;;12:12;1;3;0;0;1;2;3;1;4;1;0;0;1;2;3;
Joel Freeland;;22:27;1;7;0;0;3;4;4;3;7;3;0;1;1;3;5;
Joel Freeland;;8:15;1;2;0;0;2;2;0;1;1;0;0;0;2;2;4;
Joel Freeland;;16:35;2;4;0;0;0;0;2;2;4;2;1;2;0;3;4;
Joel Freeland;;14:51;2;5;0;0;0;0;1;0;1;2;0;1;1;3;4;
Joel Freeland;;19:08;3;5;0;0;0;0;4;2;6;1;0;0;1;2;6;
Joel Freeland;;13:10;1;1;0;0;0;0;1;2;3;2;0;0;1;2;2;
Joel Freeland;;12:04;1;2;0;1;0;0;2;2;4;0;1;1;0;2;2;
Joel Freeland;;12:26;1;2;0;0;0;0;2;0;2;1;1;0;0;5;2;
Joel Freeland;;18:13;2;5;0;0;0;0;1;3;4;0;0;0;2;3;4;
Joel Freeland;;16:28;0;2;0;0;2;2;4;1;5;1;1;1;1;1;2;
Joel Freeland;;14:22;0;0;0;0;0;0;0;2;2;0;0;0;1;3;0;
Joel Freeland;;13:26;3;4;0;0;0;0;2;2;4;1;0;1;1;0;6;
Joel Freeland;;12:36;1;3;0;1;0;0;0;1;1;0;1;1;1;0;2;
Joel Freeland;;12:39;2;5;0;0;2;2;3;1;4;2;0;1;0;1;6;
Joel Freeland;;16:18;3;6;0;0;0;0;2;3;5;1;0;0;0;1;6;
Joel Freeland;;16:05;1;1;0;0;0;0;2;2;4;1;0;0;1;1;2;
Joel Freeland;;14:50;0;2;0;0;2;2;0;1;1;1;0;2;0;0;2;
Joel Freeland;;13:21;2;4;0;0;0;0;1;2;3;1;0;1;4;2;4;
Joel Freeland;;13:04;0;0;0;0;0;0;1;3;4;1;0;0;2;1;0;
Joel Freeland;;13:53;0;2;0;0;2;2;1;3;4;0;1;1;0;4;2;
Joel Freeland;;13:11;1;2;0;0;0;0;0;3;3;0;0;0;0;1;2;
Joel Freeland;;15:15;4;6;0;0;0;0;2;1;3;1;0;1;0;0;8;
Joel Freeland;;14:29;2;3;0;0;0;0;1;4;5;1;0;0;2;2;4;
Joel Freeland;;27:14;0;0;0;0;0;0;5;2;7;1;0;1;0;2;0;
Joel Freeland;;15:17;2;2;0;0;0;0;0;3;3;0;0;0;2;2;4;
Joel Freeland;;17:15;2;4;0;0;0;0;4;2;6;0;0;0;0;2;4;
Joel Freeland;;12:22;1;3;0;0;0;0;3;5;8;0;0;0;0;0;2;
Joel Freeland;;14:44;2;4;0;0;1;2;3;9;12;1;0;0;0;2;5;
Joel Freeland;;12:22;2;5;0;0;0;0;2;3;5;1;1;0;1;2;4;
Joel Freeland;;11:31;1;3;0;0;0;0;0;3;3;0;0;1;1;2;2;
