╔═══════════════╤═══════════════╗
║Name		│Joel Anthony	║
╟───────────────┼───────────────╢
║Number		│50		║
╟───────────────┼───────────────╢
║Position	│C		║
╟───────────────┼───────────────╢
║Height		│6-9		║
╟───────────────┼───────────────╢
║Weight		│245		║
╟───────────────┼───────────────╢
║Birth		│AUG 09, 1982	║
╟───────────────┼───────────────╢
║Age		│31		║
╟───────────────┼───────────────╢
║Exp		│6		║
╟───────────────┼───────────────╢
║School		│UNLV		║
╚═══════════════╧═══════════════╝
Joel Anthony;;1:40;0;1;0;0;0;0;0;0;0;0;0;0;0;0;0;
Joel Anthony;;2:16;0;0;0;0;0;0;0;1;1;0;0;0;0;0;0;
Joel Anthony;;7:09;1;1;0;0;0;0;0;3;3;0;0;1;0;0;2;
Joel Anthony;;4:55;0;1;0;0;0;0;0;0;0;0;0;0;0;1;0;
Joel Anthony;;3:10;0;2;0;0;0;0;1;0;1;0;0;0;1;0;0;
Joel Anthony;;3:06;0;0;0;0;0;0;0;1;1;0;0;0;0;0;0;
Joel Anthony;;7:49;1;1;0;0;0;0;1;0;1;0;0;2;0;0;2;
Joel Anthony;;2:54;0;1;0;0;0;0;0;0;0;0;0;0;0;0;0;
Joel Anthony;;10:14;1;3;0;0;0;0;4;2;6;0;0;1;0;0;2;
Joel Anthony;;2:27;0;0;0;0;0;0;0;0;0;0;0;0;0;0;0;
Joel Anthony;;8:09;2;3;0;0;0;0;1;1;2;0;1;0;0;1;4;
Joel Anthony;;3:19;0;0;0;0;0;0;0;0;0;0;0;0;0;0;0;
Joel Anthony;;3:51;0;1;0;0;0;0;1;0;1;0;0;0;0;2;0;
Joel Anthony;;0:12;0;0;0;0;0;0;0;0;0;0;0;0;0;0;0;
Joel Anthony;;0:00;0;0;0;0;0;0;0;0;0;0;0;0;0;0;0;
Joel Anthony;;0:16;0;0;0;0;0;0;0;0;0;0;0;0;0;0;0;
Joel Anthony;;7:56;0;1;0;0;0;0;0;5;5;0;0;1;0;0;0;
Joel Anthony;;12:56;1;3;0;0;1;2;1;1;2;0;1;0;1;1;3;
Joel Anthony;;2:37;0;0;0;0;0;0;0;0;0;0;0;0;0;0;0;
Joel Anthony;;3:54;0;0;0;0;0;0;0;0;0;0;0;0;0;0;0;
Joel Anthony;;21:35;2;5;0;0;0;0;0;3;3;1;0;2;0;3;4;
Joel Anthony;;13:52;0;1;0;0;0;2;2;0;2;0;0;0;0;2;0;
Joel Anthony;;28:31;2;3;0;0;1;2;2;2;4;1;1;1;0;3;5;
Joel Anthony;;3:19;0;0;0;0;0;0;0;0;0;0;0;0;0;0;0;
Joel Anthony;;8:54;0;0;0;0;0;0;0;2;2;0;0;1;0;2;0;
Joel Anthony;;5:26;1;1;0;0;0;0;0;1;1;0;0;1;0;0;2;
Joel Anthony;;8:34;0;1;0;0;0;0;1;0;1;0;0;2;0;1;0;
Joel Anthony;;2:28;0;1;0;0;0;0;1;0;1;0;0;0;1;1;0;
Joel Anthony;;1:10;0;1;0;0;0;0;0;0;0;0;0;0;0;0;0;
Joel Anthony;;2:22;1;1;0;0;0;0;0;1;1;0;0;0;0;0;2;
Joel Anthony;;1:06;0;0;0;0;0;0;0;0;0;0;0;0;0;0;0;
Joel Anthony;;0:01;0;0;0;0;0;0;0;0;0;0;0;0;0;0;0;
Joel Anthony;;0:01;0;0;0;0;2;2;0;0;0;0;0;0;0;0;2;
