╔═══════════════╤═══════════════╗
║Name		│John Henson	║
╟───────────────┼───────────────╢
║Number		│31		║
╟───────────────┼───────────────╢
║Position	│C-F		║
╟───────────────┼───────────────╢
║Height		│6-11		║
╟───────────────┼───────────────╢
║Weight		│220		║
╟───────────────┼───────────────╢
║Birth		│DEC 28, 1990	║
╟───────────────┼───────────────╢
║Age		│23		║
╟───────────────┼───────────────╢
║Exp		│1		║
╟───────────────┼───────────────╢
║School		│North Carolina	║
╚═══════════════╧═══════════════╝
John Henson;;17:28;4;6;0;0;0;0;3;2;5;0;0;4;2;0;8;
John Henson;;26:06;3;9;0;0;2;4;5;8;13;2;1;1;2;2;8;
John Henson;;29:20;8;12;0;0;4;6;4;11;15;1;0;1;1;2;20;
John Henson;;23:48;5;11;0;0;0;1;3;8;11;1;1;2;0;5;10;
John Henson;F;20:39;6;9;0;0;0;4;1;2;3;0;0;3;1;4;12;
John Henson;F;24:53;4;7;0;0;0;0;2;4;6;3;1;2;4;3;8;
John Henson;;27:46;5;8;0;0;0;2;3;7;10;1;0;2;1;2;10;
John Henson;C;26:34;5;10;0;0;1;2;4;4;8;2;0;1;1;4;11;
John Henson;C;22:03;4;8;0;0;1;2;2;4;6;0;0;1;0;5;9;
John Henson;;16:43;1;5;0;0;0;0;2;3;5;0;0;1;1;4;2;
John Henson;F;40:46;7;14;0;0;0;0;2;8;10;3;0;4;3;2;14;
John Henson;F;37:29;8;12;0;0;0;0;0;3;3;2;0;2;5;5;16;
John Henson;;32:02;4;9;0;0;1;4;6;4;10;1;0;2;0;3;9;
John Henson;;24:49;6;8;0;0;0;0;3;4;7;2;0;1;5;4;12;
John Henson;;23:40;3;7;0;0;0;5;3;5;8;0;0;2;3;5;6;
John Henson;;25:59;6;9;0;0;0;3;1;4;5;4;0;0;1;2;12;
John Henson;;22:21;0;4;0;0;0;2;1;3;4;2;0;1;3;3;0;
John Henson;;26:20;2;5;0;0;2;2;1;3;4;3;0;1;2;1;6;
John Henson;;16:19;3;7;0;0;0;0;5;2;7;1;0;0;1;4;6;
John Henson;;24:15;2;6;0;0;2;4;5;2;7;1;0;0;0;3;6;
John Henson;F;22:40;6;9;0;0;0;0;1;5;6;2;0;2;3;4;12;
John Henson;;16:38;6;8;0;0;0;0;3;3;6;0;0;2;4;3;12;
John Henson;;30:15;5;9;0;0;0;0;3;5;8;1;0;0;1;1;10;
John Henson;F;32:29;5;8;0;0;0;2;0;8;8;2;0;2;1;4;10;
John Henson;;24:51;5;6;0;0;2;2;1;4;5;2;2;2;1;2;12;
John Henson;;20:25;4;8;0;0;1;4;3;2;5;0;1;0;3;3;9;
John Henson;F;35:33;6;15;0;0;0;0;6;1;7;3;0;0;0;1;12;
John Henson;;16:07;3;5;0;0;0;2;0;1;1;2;0;1;2;3;6;
John Henson;;22:11;5;10;0;0;3;6;3;3;6;1;1;1;2;3;13;
John Henson;;24:02;3;8;0;0;1;2;2;2;4;2;1;3;0;3;7;
John Henson;;18:52;4;5;0;0;2;5;2;5;7;2;1;0;0;3;10;
John Henson;;26:26;3;6;0;0;4;7;3;4;7;1;2;1;2;3;10;
John Henson;;29:41;6;11;0;0;0;2;8;2;10;2;2;0;0;3;12;
John Henson;;17:23;3;8;0;0;1;2;1;4;5;0;1;0;2;4;7;
John Henson;;15:01;5;9;0;0;0;0;0;1;1;0;0;0;0;3;10;
John Henson;;19:07;2;6;0;0;2;2;2;1;3;0;0;1;3;2;6;
John Henson;;39:03;10;16;0;0;3;4;3;6;9;6;1;3;1;3;23;
John Henson;;20:26;3;5;0;0;1;1;2;2;4;2;0;1;1;0;7;
John Henson;;29:38;7;9;0;0;1;4;3;3;6;1;2;0;1;1;15;
John Henson;;23:57;6;10;0;0;1;2;1;6;7;2;1;0;3;3;13;
John Henson;;26:55;5;8;0;0;2;2;2;5;7;2;0;1;3;3;12;
John Henson;;34:11;8;13;0;0;3;5;1;4;5;3;3;2;4;1;19;
John Henson;;17:27;2;2;0;0;1;2;0;1;1;1;2;2;1;0;5;
John Henson;;25:05;6;11;0;0;2;4;5;4;9;0;0;1;0;2;14;
John Henson;;24:30;6;9;0;0;1;2;1;2;3;0;2;1;2;5;13;
John Henson;F;39:06;7;9;0;0;0;2;0;9;9;3;0;3;0;4;14;
John Henson;F;26:48;3;8;0;0;2;4;3;2;5;1;0;0;2;3;8;
John Henson;;25:05;7;10;0;0;4;4;0;3;3;0;1;0;0;0;18;
John Henson;;27:18;5;11;0;0;0;1;1;8;9;1;0;5;3;2;10;
John Henson;;28:48;3;8;0;0;2;2;2;6;8;1;0;3;1;2;8;
John Henson;;16:08;5;8;0;0;0;0;2;4;6;1;0;2;1;5;10;
John Henson;;25:47;5;11;0;0;0;0;2;5;7;2;2;2;2;2;10;
John Henson;;18:34;2;4;0;0;1;2;1;2;3;1;0;3;0;3;5;
John Henson;;25:37;3;9;0;0;4;4;2;7;9;4;1;1;1;2;10;
John Henson;;21:58;7;12;0;0;1;2;4;3;7;1;2;2;1;1;15;
John Henson;;15:22;2;6;0;0;1;2;1;4;5;2;0;1;0;3;5;
John Henson;;24:00;3;9;0;0;1;2;2;3;5;3;0;6;0;3;7;
John Henson;C;33:50;6;13;0;0;1;2;2;11;13;3;0;3;2;2;13;
John Henson;C;28:39;4;8;0;0;3;5;1;4;5;2;0;1;3;3;11;
John Henson;C;29:33;5;14;0;0;2;2;4;5;9;2;2;3;3;4;12;
John Henson;C;45:22;8;10;0;0;3;5;5;12;17;4;0;1;1;0;19;
John Henson;C;33:38;8;15;0;1;2;6;2;5;7;3;0;1;1;3;18;
John Henson;C;40:55;11;17;0;0;3;4;6;8;14;2;3;6;3;3;25;
John Henson;C;20:37;2;6;0;0;0;0;4;4;8;1;1;0;3;1;4;
John Henson;C;35:45;6;9;0;0;3;4;1;7;8;3;2;4;2;3;15;
John Henson;C;28:59;8;17;0;0;2;4;2;11;13;1;2;2;5;1;18;
John Henson;C;45:39;7;12;0;0;5;8;4;10;14;2;0;1;3;2;19;
John Henson;F;36:45;7;12;0;0;4;4;4;6;10;3;0;2;0;1;18;
John Henson;;35:11;6;14;0;0;2;3;3;6;9;1;0;6;1;3;14;
John Henson;C;19:48;4;5;0;0;0;0;1;6;7;0;0;1;0;3;8;
