╔═══════════════╤═══════════════╗
║Name		│John Lucas III	║
╟───────────────┼───────────────╢
║Number		│5		║
╟───────────────┼───────────────╢
║Position	│G		║
╟───────────────┼───────────────╢
║Height		│5-11		║
╟───────────────┼───────────────╢
║Weight		│166		║
╟───────────────┼───────────────╢
║Birth		│NOV 21, 1982	║
╟───────────────┼───────────────╢
║Age		│31		║
╟───────────────┼───────────────╢
║Exp		│5		║
╟───────────────┼───────────────╢
║School		│Oklahoma State	║
╚═══════════════╧═══════════════╝
John Lucas III;;9:50;4;4;0;0;0;1;0;1;1;1;0;0;1;1;8;
John Lucas III;;5:18;0;4;0;2;0;0;1;1;2;0;0;0;0;0;0;
John Lucas III;;4:21;0;0;0;0;0;0;0;0;0;0;1;0;2;2;0;
John Lucas III;;5:13;0;1;0;0;0;0;0;0;0;0;0;0;0;1;0;
John Lucas III;;4:47;0;1;0;1;0;0;0;1;1;0;0;0;0;0;0;
John Lucas III;;18:52;4;5;0;1;0;0;1;2;3;0;0;0;1;3;8;
John Lucas III;;20:51;0;2;0;1;2;4;0;1;1;0;1;0;1;3;2;
John Lucas III;;14:24;2;4;1;2;0;0;0;1;1;2;1;0;1;2;5;
John Lucas III;;5:40;1;4;1;2;0;0;0;0;0;0;0;0;0;1;3;
John Lucas III;;2:46;1;1;1;1;0;0;0;0;0;0;0;0;0;0;3;
John Lucas III;;5:13;0;2;0;1;0;0;0;0;0;1;0;0;0;0;0;
John Lucas III;;2:40;0;1;0;0;1;2;1;0;1;0;0;0;0;0;1;
John Lucas III;;12:16;1;7;0;3;0;0;1;0;1;2;1;0;0;0;2;
John Lucas III;;8:17;0;1;0;1;0;0;0;0;0;0;0;0;1;2;0;
John Lucas III;;7:32;0;2;0;2;0;0;0;0;0;0;0;0;0;0;0;
John Lucas III;;4:41;1;1;1;1;0;0;0;0;0;0;0;0;0;0;3;
John Lucas III;G;36:34;2;7;2;5;2;2;0;1;1;5;0;0;1;2;8;
John Lucas III;G;31:04;2;10;1;6;0;1;0;0;0;1;0;0;1;3;5;
John Lucas III;;30:50;5;11;0;5;1;1;3;2;5;4;0;0;0;2;11;
John Lucas III;;34:15;4;12;1;5;0;0;1;6;7;3;1;0;3;1;9;
John Lucas III;;13:13;2;4;0;1;0;0;0;1;1;0;0;0;2;1;4;
John Lucas III;;29:29;3;9;3;4;0;0;1;1;2;1;3;0;1;0;9;
John Lucas III;;16:24;1;3;1;2;0;0;0;0;0;1;0;0;0;1;3;
John Lucas III;G;33:59;2;8;0;2;0;0;1;2;3;2;0;0;0;2;4;
John Lucas III;G;15:27;0;7;0;6;1;1;0;1;1;0;0;0;2;1;1;
John Lucas III;;9:00;2;3;0;0;0;0;0;0;0;0;0;0;0;2;4;
John Lucas III;;25:06;3;3;1;1;0;0;0;1;1;4;0;0;0;2;7;
John Lucas III;;11:19;1;2;0;0;0;0;0;0;0;0;0;0;1;1;2;
John Lucas III;G;16:16;5;8;4;5;0;0;1;1;2;2;0;0;2;0;14;
John Lucas III;G;12:22;1;3;0;1;0;0;0;0;0;2;0;0;0;1;2;
John Lucas III;;7:07;0;1;0;1;0;1;0;0;0;1;0;0;0;0;0;
John Lucas III;;18:47;1;8;0;1;1;1;0;0;0;1;0;0;0;0;3;
John Lucas III;;16:39;2;6;2;4;0;0;0;0;0;1;1;0;0;1;6;
John Lucas III;;12:00;3;10;2;3;2;2;0;0;0;0;1;0;0;0;10;
John Lucas III;;4:17;0;3;0;0;0;0;0;0;0;2;0;0;0;2;0;
John Lucas III;;10:40;1;2;1;1;0;0;0;1;1;1;0;0;0;1;3;
John Lucas III;;2:22;0;0;0;0;0;0;0;0;0;0;0;0;0;0;0;
John Lucas III;;18:45;4;13;0;3;0;0;0;0;0;1;3;0;1;0;8;
John Lucas III;;16:25;1;3;1;2;0;0;1;2;3;3;0;0;0;1;3;
John Lucas III;;12:20;2;4;2;3;0;0;0;0;0;1;0;0;0;0;6;
John Lucas III;;13:27;0;6;0;3;0;0;0;0;0;0;1;0;0;0;0;
John Lucas III;;10:39;1;4;0;2;0;0;0;1;1;0;0;0;1;2;2;
