╔═══════════════╤═══════════════╗
║Name		│John Salmons	║
╟───────────────┼───────────────╢
║Number		│25		║
╟───────────────┼───────────────╢
║Position	│F-G		║
╟───────────────┼───────────────╢
║Height		│6-6		║
╟───────────────┼───────────────╢
║Weight		│207		║
╟───────────────┼───────────────╢
║Birth		│DEC 12, 1979	║
╟───────────────┼───────────────╢
║Age		│34		║
╟───────────────┼───────────────╢
║Exp		│11		║
╟───────────────┼───────────────╢
║School		│Miami		║
╚═══════════════╧═══════════════╝
John Salmons;;18:43;2;6;1;4;0;0;0;0;0;2;0;0;2;2;5;
John Salmons;;28:11;1;5;0;3;2;2;0;1;1;3;2;0;1;2;4;
John Salmons;;21:04;1;2;1;2;1;2;2;1;3;1;0;0;1;2;4;
John Salmons;;29:24;2;4;0;0;0;0;0;1;1;4;0;1;0;4;4;
John Salmons;;22:32;2;8;1;5;2;2;0;2;2;1;0;1;2;0;7;
John Salmons;;23:33;5;5;3;3;0;0;0;2;2;1;3;0;0;3;13;
John Salmons;;26:55;3;5;2;4;2;2;0;4;4;5;0;0;0;1;10;
John Salmons;;26:37;5;9;3;5;0;2;1;0;1;2;2;1;2;3;13;
John Salmons;;10:29;1;2;0;0;0;0;0;1;1;3;0;0;0;0;2;
John Salmons;;17:16;0;1;0;1;0;0;0;1;1;2;0;1;1;1;0;
John Salmons;;21:51;1;4;1;2;0;0;0;2;2;0;0;0;0;0;3;
John Salmons;;28:01;5;7;2;3;0;0;0;1;1;0;0;1;1;3;12;
John Salmons;;19:25;1;5;0;2;0;0;0;0;0;1;1;0;0;1;2;
John Salmons;;27:45;2;6;0;0;2;2;0;1;1;3;1;1;2;1;6;
John Salmons;;22:33;1;6;1;2;0;0;0;1;1;0;1;0;2;3;3;
John Salmons;;24:16;4;9;3;4;0;0;0;1;1;9;2;0;0;0;11;
John Salmons;;22:45;0;3;0;1;0;0;0;1;1;1;0;0;1;0;0;
John Salmons;;31:36;5;9;3;5;0;0;0;2;2;4;1;0;1;2;13;
John Salmons;;15:51;0;4;0;2;0;0;1;0;1;0;0;0;0;3;0;
John Salmons;;17:14;1;4;0;1;0;0;0;1;1;0;2;0;0;2;2;
John Salmons;;16:51;0;3;0;1;4;4;1;0;1;2;1;0;0;2;4;
John Salmons;;21:29;0;1;0;1;0;0;0;4;4;2;1;0;1;2;0;
John Salmons;;26:00;3;6;2;3;0;0;0;4;4;2;0;0;1;1;8;
John Salmons;;24:16;2;6;0;1;0;0;0;2;2;2;1;0;0;0;4;
John Salmons;;18:47;3;8;0;2;0;0;1;0;1;0;0;0;0;2;6;
John Salmons;;15:35;0;1;0;0;1;2;0;4;4;0;1;0;2;1;1;
John Salmons;;19:32;0;2;0;2;0;0;0;1;1;1;0;0;0;0;0;
John Salmons;;23:52;3;8;1;4;0;0;0;4;4;3;0;0;0;2;7;
John Salmons;;20:23;1;5;0;2;0;0;0;1;1;3;0;0;0;2;2;
John Salmons;;23:59;4;9;0;1;0;0;1;1;2;2;1;0;0;2;8;
John Salmons;;27:14;1;6;0;1;0;0;0;5;5;1;0;0;0;1;2;
John Salmons;;21:10;1;3;0;1;2;2;0;2;2;3;0;0;1;1;4;
John Salmons;;19:00;4;7;1;2;0;0;1;4;5;0;1;0;1;0;9;
John Salmons;;13:59;0;3;0;0;0;0;0;0;0;0;0;0;1;1;0;
John Salmons;;18:19;1;5;0;1;0;0;1;3;4;0;1;0;0;0;2;
John Salmons;;13:27;1;2;1;1;0;0;0;2;2;1;0;1;0;3;3;
John Salmons;;18:49;1;5;1;2;1;2;1;0;1;0;0;0;2;1;4;
John Salmons;;16:25;0;4;0;4;0;0;0;3;3;0;0;0;1;3;0;
John Salmons;;6:27;0;1;0;0;0;0;0;1;1;0;0;0;0;0;0;
John Salmons;;14:21;1;4;1;1;2;2;0;2;2;3;0;0;0;0;5;
John Salmons;;13:19;0;1;0;0;0;0;0;0;0;0;1;0;0;0;0;
John Salmons;;23:18;2;4;1;2;0;0;0;0;0;2;2;0;0;2;5;
John Salmons;;8:24;1;1;0;0;0;0;0;1;1;1;1;0;2;1;2;
John Salmons;;18:49;1;3;0;1;0;0;0;0;0;3;1;0;0;2;2;
John Salmons;;22:05;3;8;2;3;4;4;0;3;3;2;0;0;1;0;12;
John Salmons;;15:41;0;1;0;0;0;0;0;2;2;1;0;1;1;2;0;
John Salmons;;20:22;3;7;3;6;0;0;0;1;1;0;0;0;2;2;9;
John Salmons;;17:43;3;4;1;1;0;0;1;0;1;3;0;0;0;2;7;
John Salmons;;22:57;4;7;2;5;0;0;1;1;2;2;0;0;0;3;10;
John Salmons;;16:05;0;3;0;0;0;0;0;1;1;1;0;0;0;2;0;
John Salmons;;15:39;2;3;1;1;2;4;0;1;1;1;0;0;1;2;7;
John Salmons;F;26:37;3;9;1;3;2;2;0;4;4;2;2;0;0;1;9;
John Salmons;F;28:41;1;7;0;1;0;0;0;1;1;3;2;1;1;2;2;
John Salmons;F;19:01;1;6;1;3;0;0;0;1;1;2;0;0;0;0;3;
John Salmons;F;34:02;5;11;1;4;2;2;1;3;4;5;0;2;3;2;13;
John Salmons;F;24:09;1;6;0;1;0;0;1;1;2;3;0;0;0;0;2;
John Salmons;F;24:01;0;2;0;2;0;0;0;3;3;1;0;1;0;4;0;
John Salmons;F;31:03;3;5;0;0;1;1;0;1;1;2;2;0;0;2;7;
John Salmons;F;16:04;1;4;1;2;0;0;1;3;4;1;0;0;0;3;3;
John Salmons;;33:31;4;12;0;4;2;2;0;3;3;5;1;0;0;0;10;
John Salmons;;6:21;0;0;0;0;0;0;0;1;1;0;0;0;2;1;0;
John Salmons;;22:17;2;7;2;2;0;0;2;4;6;1;0;0;0;0;6;
John Salmons;;35:11;2;6;1;2;0;0;0;1;1;4;1;1;1;1;5;
John Salmons;;16:08;2;4;1;2;0;0;0;4;4;2;0;0;1;1;5;
John Salmons;;21:10;6;11;2;3;0;0;1;2;3;2;1;1;0;2;14;
John Salmons;;26:41;1;2;1;2;0;0;0;1;1;3;1;0;2;4;3;
John Salmons;;26:26;3;8;2;4;0;0;0;0;0;3;0;1;1;2;8;
John Salmons;;25:49;5;9;3;5;0;0;1;3;4;0;1;1;1;3;13;
John Salmons;;27:57;1;8;0;2;0;0;1;2;3;5;1;0;2;4;2;
John Salmons;;19:43;1;3;1;1;0;0;0;2;2;2;0;0;1;2;3;
John Salmons;;27:49;3;8;1;2;0;0;0;0;0;2;1;1;0;1;7;
John Salmons;;24:37;3;7;2;3;3;4;0;6;6;1;1;0;0;0;11;
John Salmons;;31:52;2;7;1;1;0;0;0;3;3;1;1;0;1;3;5;
John Salmons;;30:38;5;12;1;5;3;3;0;3;3;2;2;0;3;5;14;
John Salmons;;19:08;0;1;0;1;0;0;0;5;5;2;0;0;0;3;0;
John Salmons;;30:25;4;10;3;7;0;0;0;5;5;3;2;0;0;0;11;
John Salmons;;22:40;0;4;0;2;2;2;0;2;2;4;1;0;0;0;2;
John Salmons;;31:23;4;8;0;0;0;2;0;1;1;3;0;1;1;3;8;
