╔═══════════════╤═══════════════╗
║Name		│John Jenkins	║
╟───────────────┼───────────────╢
║Number		│12		║
╟───────────────┼───────────────╢
║Position	│G		║
╟───────────────┼───────────────╢
║Height		│6-4		║
╟───────────────┼───────────────╢
║Weight		│215		║
╟───────────────┼───────────────╢
║Birth		│MAR 06, 1991	║
╟───────────────┼───────────────╢
║Age		│23		║
╟───────────────┼───────────────╢
║Exp		│1		║
╟───────────────┼───────────────╢
║School		│Vanderbilt	║
╚═══════════════╧═══════════════╝
John Jenkins;;5:54;1;2;0;0;0;0;0;1;1;0;0;0;0;0;2;
John Jenkins;;7:25;0;1;0;1;0;0;0;0;0;0;0;0;0;0;0;
John Jenkins;;16:10;1;2;0;1;0;0;0;3;3;0;0;1;2;3;2;
John Jenkins;;18:56;2;5;0;2;2;2;1;1;2;2;1;0;1;2;6;
John Jenkins;;18:13;2;6;1;4;1;1;0;5;5;0;0;0;2;0;6;
John Jenkins;;3:32;0;0;0;0;0;0;0;0;0;0;0;0;0;0;0;
John Jenkins;;33:14;5;12;3;6;0;0;0;3;3;3;0;0;4;2;13;
John Jenkins;;6:54;0;2;0;1;0;0;0;2;2;2;0;0;0;0;0;
John Jenkins;;21:00;1;1;0;0;0;0;0;1;1;2;0;0;0;0;2;
John Jenkins;;3:26;1;3;0;2;0;0;0;0;0;0;0;0;0;0;2;
John Jenkins;;1:44;0;0;0;0;0;0;0;0;0;0;0;0;0;2;0;
John Jenkins;;3:55;0;0;0;0;0;0;0;2;2;0;0;0;1;1;0;
John Jenkins;;17:10;3;8;0;1;1;1;2;1;3;2;0;0;1;1;7;
