╔═══════════════╤═══════════════╗
║Name		│John Wall	║
╟───────────────┼───────────────╢
║Number		│2		║
╟───────────────┼───────────────╢
║Position	│G		║
╟───────────────┼───────────────╢
║Height		│6-4		║
╟───────────────┼───────────────╢
║Weight		│195		║
╟───────────────┼───────────────╢
║Birth		│SEP 06, 1990	║
╟───────────────┼───────────────╢
║Age		│23		║
╟───────────────┼───────────────╢
║Exp		│3		║
╟───────────────┼───────────────╢
║School		│Kentucky	║
╚═══════════════╧═══════════════╝
John Wall;G;41:49;8;18;1;6;5;5;3;4;7;5;1;0;7;3;22;
John Wall;G;30:31;4;15;0;3;3;3;0;2;2;6;2;0;2;1;11;
John Wall;G;37:47;4;11;2;3;4;4;2;1;3;10;3;1;2;3;14;
John Wall;G;31:47;5;16;2;7;5;5;1;1;2;8;0;0;0;2;17;
John Wall;G;33:11;6;14;3;4;5;8;0;4;4;6;2;0;4;3;20;
John Wall;G;38:45;4;15;1;2;4;6;0;7;7;3;1;1;2;2;13;
John Wall;G;42:41;8;22;1;3;6;8;0;2;2;10;2;0;3;4;23;
John Wall;G;36:21;6;14;0;3;7;8;0;5;5;7;4;1;5;1;19;
John Wall;G;36:55;7;14;3;6;8;8;0;5;5;9;0;2;4;4;25;
John Wall;G;33:47;9;15;0;1;5;6;2;2;4;11;1;0;4;3;23;
John Wall;G;36:43;15;23;2;2;2;4;0;4;4;6;1;0;4;2;34;
John Wall;G;31:20;6;14;0;1;2;2;0;5;5;5;1;2;3;2;14;
John Wall;G;44:04;9;29;0;4;10;13;1;10;11;10;3;0;6;5;28;
John Wall;G;35:06;6;12;2;3;4;5;1;2;3;12;2;1;2;3;18;
John Wall;G;34:24;4;14;1;3;4;4;0;6;6;4;1;0;4;2;13;
John Wall;G;35:58;6;19;3;6;0;0;0;8;8;5;3;1;5;3;15;
John Wall;G;34:51;7;12;0;3;5;6;0;4;4;11;2;0;3;2;19;
John Wall;G;34:55;7;18;0;2;3;4;0;4;4;15;6;0;2;2;17;
John Wall;G;36:27;7;15;2;4;6;6;0;5;5;5;3;2;2;4;22;
John Wall;G;39:18;12;23;2;4;3;4;0;3;3;9;4;1;4;0;29;
John Wall;G;39:18;10;19;2;4;10;12;0;5;5;10;2;1;3;5;32;
John Wall;G;36:17;5;13;1;4;1;2;0;2;2;4;1;1;5;2;12;
John Wall;G;32:37;2;10;0;4;1;2;0;3;3;5;0;0;4;4;5;
John Wall;G;41:08;6;19;2;7;5;6;0;1;1;14;3;0;0;3;19;
John Wall;G;39:19;9;19;1;3;3;4;0;2;2;7;3;0;5;4;22;
John Wall;G;33:51;8;19;3;6;2;2;1;4;5;12;1;1;0;0;21;
John Wall;G;31:41;4;9;0;2;2;3;0;5;5;12;1;1;5;3;10;
John Wall;G;34:53;8;18;3;6;2;4;3;0;3;9;1;0;1;2;21;
John Wall;G;33:55;11;19;2;4;3;4;0;5;5;7;1;0;1;4;27;
John Wall;G;39:12;11;18;1;4;6;8;0;1;1;4;1;1;5;2;29;
John Wall;G;29:16;6;10;1;1;4;4;1;2;3;16;2;0;3;4;17;
John Wall;G;38:02;8;16;2;5;5;7;0;6;6;9;1;1;4;4;23;
John Wall;G;33:43;7;15;0;2;0;0;0;2;2;10;1;2;3;1;14;
John Wall;G;35:53;4;14;1;4;0;0;1;2;3;13;2;1;7;3;9;
John Wall;G;33:55;2;8;2;4;1;2;1;5;6;8;1;0;7;3;7;
John Wall;G;34:25;10;19;3;5;0;2;1;1;2;4;1;0;4;5;23;
John Wall;G;40:54;7;18;4;6;3;5;0;5;5;11;0;0;3;3;21;
John Wall;G;35:29;10;15;4;6;9;10;0;4;4;6;2;1;3;1;33;
John Wall;G;33:58;5;12;2;3;2;6;0;3;3;8;3;1;5;6;14;
John Wall;G;37:56;8;18;5;10;3;4;0;2;2;14;1;1;3;3;24;
John Wall;G;34:37;11;21;1;4;5;5;0;4;4;14;2;0;6;3;28;
John Wall;G;35:11;6;13;1;3;2;3;0;3;3;5;3;1;8;4;15;
John Wall;G;41:11;10;22;2;6;7;10;0;1;1;6;2;1;4;2;29;
John Wall;G;37:60;9;21;1;6;1;1;0;2;2;8;2;1;4;3;20;
John Wall;G;36:28;10;20;3;4;2;6;2;5;7;6;3;0;2;3;25;
John Wall;G;29:16;4;16;0;1;2;3;0;1;1;6;0;0;5;2;10;
John Wall;G;27:48;5;10;0;1;3;3;0;3;3;10;2;0;4;3;13;
John Wall;G;34:13;8;14;1;2;2;2;0;4;4;9;1;0;7;3;19;
John Wall;G;36:09;8;17;2;4;2;3;0;3;3;6;0;0;1;3;20;
John Wall;G;42:10;6;18;0;2;2;3;1;11;12;11;0;0;5;4;14;
John Wall;G;37:07;3;10;0;5;4;4;1;4;5;12;0;1;1;3;10;
John Wall;G;33:28;5;12;0;0;5;5;1;2;3;8;1;1;2;2;15;
John Wall;G;24:11;2;7;0;3;0;0;0;2;2;13;1;0;2;2;4;
John Wall;G;28:26;7;15;1;3;0;0;0;0;0;9;2;0;2;0;15;
John Wall;G;38:59;8;21;0;4;4;6;2;0;2;11;3;0;4;3;20;
John Wall;G;33:56;10;19;2;3;4;6;0;5;5;6;3;0;2;3;26;
John Wall;G;39:02;4;12;1;4;2;2;2;2;4;9;1;0;5;5;11;
John Wall;G;35:49;8;16;5;8;3;4;0;3;3;9;1;1;2;4;24;
John Wall;G;42:43;4;14;1;4;8;8;0;6;6;14;4;0;4;1;17;
John Wall;G;39:40;3;13;1;5;3;3;0;5;5;8;0;1;4;0;10;
John Wall;G;34:06;5;10;1;3;3;4;0;5;5;10;1;0;3;1;14;
John Wall;G;30:21;5;19;1;3;3;3;1;7;8;3;2;1;3;0;14;
John Wall;G;37:47;3;13;0;4;3;3;0;2;2;12;1;0;1;0;9;
John Wall;G;39:24;5;17;0;1;4;4;0;5;5;16;2;1;1;2;14;
John Wall;G;40:48;6;16;0;1;3;3;0;4;4;10;4;0;3;1;15;
John Wall;G;39:35;15;21;2;2;5;7;1;5;6;2;3;0;4;2;37;
John Wall;G;39:30;10;18;1;2;10;11;1;3;4;7;2;1;7;1;31;
John Wall;G;36:36;10;18;0;2;11;12;1;5;6;9;3;0;3;2;31;
John Wall;G;38:36;7;18;3;6;2;2;0;2;2;6;5;0;5;1;19;
John Wall;G;34:42;4;14;0;2;0;0;0;3;3;9;0;0;3;2;8;
John Wall;G;38:45;9;18;2;6;6;11;0;6;6;12;5;0;3;2;26;
John Wall;G;29:24;5;14;2;4;4;4;1;3;4;13;1;0;3;1;16;
John Wall;G;47:30;9;23;0;5;12;13;0;3;3;8;2;3;5;5;30;
John Wall;G;38:16;8;20;2;5;2;4;1;4;5;8;3;1;4;3;20;
John Wall;G;37:16;6;22;1;4;0;0;0;4;4;11;0;0;4;4;13;
John Wall;G;40:37;10;16;0;4;4;5;1;2;3;12;1;0;6;5;24;
John Wall;G;32:35;7;16;1;3;5;6;1;5;6;8;2;0;7;3;20;
John Wall;G;37:30;8;17;3;4;2;2;1;3;4;6;1;1;6;4;21;
John Wall;G;36:29;8;18;1;5;3;4;0;3;3;9;6;1;1;4;20;
John Wall;G;36:10;11;20;1;4;3;3;0;4;4;7;0;0;1;2;26;
John Wall;G;30:26;8;14;0;1;4;5;0;1;1;11;0;0;2;3;20;
John Wall;G;37:47;7;15;1;4;14;15;2;2;4;7;2;0;5;3;29;
