╔═══════════════╤═══════════════╗
║Name		│Jon Leuer	║
╟───────────────┼───────────────╢
║Number		│30		║
╟───────────────┼───────────────╢
║Position	│F		║
╟───────────────┼───────────────╢
║Height		│6-10		║
╟───────────────┼───────────────╢
║Weight		│228		║
╟───────────────┼───────────────╢
║Birth		│MAY 14, 1989	║
╟───────────────┼───────────────╢
║Age		│25		║
╟───────────────┼───────────────╢
║Exp		│2		║
╟───────────────┼───────────────╢
║School		│Wisconsin	║
╚═══════════════╧═══════════════╝
Jon Leuer;;9:36;2;8;0;3;0;0;3;1;4;0;0;0;0;1;4;
Jon Leuer;;15:07;4;6;1;2;2;2;0;3;3;0;0;1;2;3;11;
Jon Leuer;;21:15;8;13;2;2;5;6;4;4;8;1;1;0;1;2;23;
Jon Leuer;;26:46;5;7;0;1;0;0;2;7;9;1;1;0;1;3;10;
Jon Leuer;;12:33;1;5;0;1;0;0;0;3;3;1;0;0;0;0;2;
Jon Leuer;;10:56;1;6;0;2;0;0;1;1;2;0;1;0;0;1;2;
Jon Leuer;;3:03;0;1;0;0;0;0;0;1;1;0;0;0;0;0;0;
Jon Leuer;;6:07;0;1;0;0;0;0;0;2;2;0;0;1;0;0;0;
Jon Leuer;;1:15;0;0;0;0;0;0;0;1;1;0;0;0;0;0;0;
Jon Leuer;;18:01;2;3;0;0;4;4;0;5;5;1;1;1;1;2;8;
Jon Leuer;;9:55;0;1;0;0;0;0;0;3;3;1;0;0;0;0;0;
Jon Leuer;;0:41;0;0;0;0;0;0;0;0;0;0;0;0;0;1;0;
Jon Leuer;;3:42;0;0;0;0;0;0;0;1;1;0;0;1;0;0;0;
Jon Leuer;;26:18;6;10;3;4;4;4;1;4;5;0;1;0;2;1;19;
Jon Leuer;;7:02;2;3;1;1;2;4;0;0;0;0;0;0;0;2;7;
Jon Leuer;;17:20;5;8;0;1;0;0;1;4;5;1;1;1;1;4;10;
Jon Leuer;;0:55;0;0;0;0;0;0;0;0;0;0;0;0;0;0;0;
Jon Leuer;;6:46;1;2;1;2;0;0;0;2;2;0;0;0;1;0;3;
Jon Leuer;;9:48;1;5;0;0;1;3;0;1;1;0;1;0;0;0;3;
Jon Leuer;;6:04;2;3;0;1;2;3;0;1;1;0;0;0;0;3;6;
Jon Leuer;;8:29;0;0;0;0;0;0;0;3;3;0;0;1;1;1;0;
Jon Leuer;;1:52;1;1;0;0;0;0;0;0;0;0;0;0;0;0;2;
Jon Leuer;;4:39;1;2;0;0;0;0;0;2;2;0;0;0;0;0;2;
Jon Leuer;;7:32;1;2;0;0;0;0;0;1;1;0;0;0;0;1;2;
Jon Leuer;;6:02;0;2;0;0;0;0;0;3;3;0;0;0;0;0;0;
Jon Leuer;;3:24;2;2;0;0;0;0;0;0;0;0;0;0;0;0;4;
Jon Leuer;;7:08;0;2;0;1;0;0;0;2;2;0;0;0;0;0;0;
Jon Leuer;;6:11;1;3;0;1;0;0;1;1;2;0;1;0;0;2;2;
Jon Leuer;;9:49;1;3;0;0;0;0;0;3;3;0;0;0;1;1;2;
Jon Leuer;;2:21;0;1;0;0;0;0;0;0;0;0;0;0;0;1;0;
Jon Leuer;;6:52;1;2;0;1;2;2;0;0;0;1;0;0;0;1;4;
Jon Leuer;;12:43;2;5;0;0;0;0;0;1;1;0;0;0;0;1;4;
Jon Leuer;;2:43;0;1;0;0;0;0;1;0;1;0;0;0;0;0;0;
Jon Leuer;;10:26;2;7;0;0;0;0;1;1;2;0;1;1;1;3;4;
Jon Leuer;;23:36;2;4;2;2;0;0;0;5;5;0;0;0;0;1;6;
Jon Leuer;;29:52;10;13;1;2;2;2;2;7;9;1;0;3;1;1;23;
Jon Leuer;;24:47;3;10;0;0;0;0;2;5;7;3;0;0;2;4;6;
Jon Leuer;;29:38;6;11;0;2;3;4;2;4;6;0;2;0;1;0;15;
Jon Leuer;;27:18;7;14;1;2;1;2;3;9;12;0;1;0;1;2;16;
Jon Leuer;;31:53;5;14;2;3;5;5;1;5;6;2;2;2;2;5;17;
Jon Leuer;;30:26;8;10;1;2;2;2;3;5;8;1;0;0;1;1;19;
Jon Leuer;;29:37;7;13;1;3;0;0;5;4;9;0;0;0;0;4;15;
Jon Leuer;;27:28;5;9;3;4;0;0;2;5;7;1;1;1;2;1;13;
Jon Leuer;;23:09;6;10;2;2;0;0;0;1;1;1;1;0;1;5;14;
Jon Leuer;;16:47;1;4;0;1;0;0;1;4;5;2;0;0;2;1;2;
Jon Leuer;;19:50;4;7;1;2;2;4;1;4;5;1;1;0;0;1;11;
Jon Leuer;;11:38;3;6;0;0;0;0;0;0;0;0;0;0;0;1;6;
Jon Leuer;;9:03;2;3;1;1;0;0;0;1;1;0;1;0;0;2;5;
Jon Leuer;;3:19;0;3;0;0;0;0;0;1;1;1;0;0;2;0;0;
