╔═══════════════╤═══════════════╗
║Name		│Jonas Jerebko	║
╟───────────────┼───────────────╢
║Number		│33		║
╟───────────────┼───────────────╢
║Position	│F		║
╟───────────────┼───────────────╢
║Height		│6-10		║
╟───────────────┼───────────────╢
║Weight		│231		║
╟───────────────┼───────────────╢
║Birth		│MAR 02, 1987	║
╟───────────────┼───────────────╢
║Age		│27		║
╟───────────────┼───────────────╢
║Exp		│3		║
╟───────────────┼───────────────╢
║School		│Kinna, Sweden	║
╚═══════════════╧═══════════════╝
Jonas Jerebko;;12:00;1;2;0;0;1;1;0;4;4;0;0;0;0;0;3;
Jonas Jerebko;;3:57;0;0;0;0;0;0;0;0;0;0;0;0;0;0;0;
Jonas Jerebko;;0:26;0;0;0;0;0;0;0;0;0;0;0;0;0;0;0;
Jonas Jerebko;;9:27;3;5;0;1;1;2;1;0;1;0;2;0;1;0;7;
Jonas Jerebko;;0:13;0;0;0;0;0;0;0;0;0;0;0;0;0;1;0;
Jonas Jerebko;;5:51;0;3;0;1;1;2;1;0;1;0;0;0;0;1;1;
Jonas Jerebko;;7:04;0;1;0;0;0;0;1;1;2;1;0;0;1;2;0;
Jonas Jerebko;;10:51;1;4;0;0;0;0;1;4;5;0;0;0;1;0;2;
Jonas Jerebko;;8:39;1;1;0;0;2;2;0;2;2;0;0;0;1;2;4;
Jonas Jerebko;;10:29;1;1;0;0;0;0;0;0;0;1;0;1;1;1;2;
Jonas Jerebko;;1:37;0;0;0;0;0;0;0;1;1;1;0;0;0;0;0;
Jonas Jerebko;;9:49;0;1;0;0;0;0;1;1;2;0;0;0;0;2;0;
Jonas Jerebko;;12:31;1;1;0;0;0;0;0;2;2;1;0;0;0;0;2;
Jonas Jerebko;;6:21;1;2;0;0;0;0;1;1;2;0;0;0;0;1;2;
Jonas Jerebko;;20:14;1;4;0;1;2;2;0;4;4;1;0;1;0;1;4;
Jonas Jerebko;;11:51;1;2;1;1;0;0;0;0;0;0;0;0;1;3;3;
Jonas Jerebko;;9:55;1;2;0;1;3;3;1;1;2;0;0;0;0;0;5;
Jonas Jerebko;;10:21;1;2;0;0;0;0;1;2;3;0;1;0;1;1;2;
Jonas Jerebko;;3:14;0;0;0;0;0;0;0;0;0;0;0;0;0;1;0;
Jonas Jerebko;;8:20;1;5;0;2;0;0;2;1;3;1;1;0;1;0;2;
Jonas Jerebko;;10:04;2;3;0;0;0;0;2;1;3;0;0;0;0;0;4;
Jonas Jerebko;;17:32;4;7;0;0;2;4;1;6;7;1;1;0;2;1;10;
Jonas Jerebko;;5:18;0;1;0;1;0;0;0;0;0;0;0;1;1;3;0;
Jonas Jerebko;;15:29;2;4;1;1;0;0;1;4;5;1;0;0;0;3;5;
Jonas Jerebko;;7:11;2;2;0;0;0;0;1;3;4;0;0;0;1;3;4;
Jonas Jerebko;;17:36;2;5;0;2;0;0;2;3;5;2;0;0;0;1;4;
Jonas Jerebko;;15:40;3;7;1;2;0;0;1;2;3;0;0;0;0;4;7;
Jonas Jerebko;;9:10;1;3;0;2;2;3;0;0;0;0;2;0;0;2;4;
Jonas Jerebko;;26:60;8;12;5;7;1;4;5;4;9;2;2;0;2;2;22;
Jonas Jerebko;;23:35;2;6;1;2;2;2;4;4;8;1;1;0;1;2;7;
Jonas Jerebko;;19:02;2;6;0;2;0;0;2;6;8;0;0;0;0;2;4;
Jonas Jerebko;;23:50;3;7;0;2;0;0;0;6;6;2;0;0;0;3;6;
Jonas Jerebko;;24:02;3;4;2;3;2;2;0;3;3;2;0;0;1;1;10;
Jonas Jerebko;;11:21;0;4;0;1;0;0;3;4;7;1;0;0;0;3;0;
Jonas Jerebko;;8:49;0;1;0;1;0;0;1;1;2;0;0;0;0;0;0;
Jonas Jerebko;;24:05;6;9;1;3;3;4;3;2;5;4;1;0;0;2;16;
Jonas Jerebko;;16:23;2;6;2;4;0;0;0;5;5;1;1;0;1;3;6;
Jonas Jerebko;;25:31;2;4;1;2;3;4;0;8;8;0;2;1;1;2;8;
Jonas Jerebko;;25:35;5;11;4;7;3;3;2;2;4;0;0;0;2;2;17;
Jonas Jerebko;;17:47;1;4;1;3;0;0;0;1;1;3;0;0;1;3;3;
Jonas Jerebko;;22:56;2;5;1;1;1;1;2;2;4;2;1;0;1;4;6;
Jonas Jerebko;;25:01;2;3;1;1;0;0;1;3;4;0;0;0;2;2;5;
Jonas Jerebko;;8:29;2;5;0;2;2;3;0;1;1;2;0;1;1;1;6;
Jonas Jerebko;;6:38;0;0;0;0;0;0;2;2;4;0;0;0;1;0;0;
Jonas Jerebko;;10:35;1;2;0;0;0;0;1;3;4;1;0;0;3;1;2;
Jonas Jerebko;;3:53;0;2;0;1;0;0;0;0;0;0;0;0;0;0;0;
Jonas Jerebko;;8:55;1;3;0;2;0;0;0;1;1;0;0;0;0;2;2;
Jonas Jerebko;;7:03;2;2;1;1;1;2;0;0;0;1;0;0;0;1;6;
Jonas Jerebko;;3:13;0;1;0;0;2;2;0;0;0;0;0;0;0;0;2;
Jonas Jerebko;;2:22;0;0;0;0;0;0;0;0;0;0;0;0;0;0;0;
Jonas Jerebko;;4:43;3;3;1;1;0;0;0;1;1;0;0;0;0;0;7;
Jonas Jerebko;;10:33;1;3;0;0;0;0;0;0;0;1;1;0;0;1;2;
Jonas Jerebko;;12:21;1;3;0;2;3;4;2;3;5;0;1;0;4;3;5;
Jonas Jerebko;;9:56;3;5;1;1;0;0;1;2;3;0;0;0;0;0;7;
Jonas Jerebko;;7:21;0;1;0;0;2;2;1;1;2;2;0;1;0;1;2;
Jonas Jerebko;;6:49;1;3;1;3;0;0;0;0;0;0;0;0;1;2;3;
Jonas Jerebko;;20:41;5;9;2;2;0;0;0;3;3;1;2;0;2;4;12;
Jonas Jerebko;;21:10;2;3;0;0;1;2;1;3;4;1;0;0;4;3;5;
Jonas Jerebko;;3:06;0;0;0;0;0;0;0;1;1;0;0;0;0;1;0;
Jonas Jerebko;;1:23;1;1;1;1;0;0;0;0;0;0;0;0;0;0;3;
Jonas Jerebko;;4:31;1;3;0;2;1;1;0;0;0;0;0;0;0;0;3;
Jonas Jerebko;;2:34;0;0;0;0;0;0;0;1;1;0;1;0;0;0;0;
Jonas Jerebko;;13:14;3;5;1;1;1;2;2;3;5;1;1;0;2;0;8;
Jonas Jerebko;;15:29;3;4;1;1;1;2;0;5;5;1;0;0;1;1;8;
