╔═══════════════╤═══════════════════════╗
║Name		│Jonas Valanciunas	║
╟───────────────┼───────────────────────╢
║Number		│17			║
╟───────────────┼───────────────────────╢
║Position	│C			║
╟───────────────┼───────────────────────╢
║Height		│6-11			║
╟───────────────┼───────────────────────╢
║Weight		│231			║
╟───────────────┼───────────────────────╢
║Birth		│MAY 06, 1992		║
╟───────────────┼───────────────────────╢
║Age		│22			║
╟───────────────┼───────────────────────╢
║Exp		│1			║
╟───────────────┼───────────────────────╢
║School		│Utena, Lithuania	║
╚═══════════════╧═══════════════════════╝
Jonas Valanciunas;C;31:23;5;10;0;0;3;4;4;5;9;2;1;1;1;4;13;
Jonas Valanciunas;C;29:08;3;5;0;0;1;2;4;3;7;0;0;0;2;5;7;
Jonas Valanciunas;C;34:56;7;8;0;0;3;4;1;4;5;0;0;1;2;2;17;
Jonas Valanciunas;C;32:07;1;6;0;1;2;2;2;6;8;0;1;1;4;5;4;
Jonas Valanciunas;C;26:27;7;9;0;0;2;2;2;9;11;2;0;2;2;5;16;
Jonas Valanciunas;C;21:34;2;9;0;0;4;6;3;6;9;0;0;1;0;1;8;
Jonas Valanciunas;C;31:44;5;10;0;0;7;10;4;6;10;0;0;1;4;3;17;
Jonas Valanciunas;C;23:18;1;7;0;0;3;4;4;4;8;1;0;0;1;3;5;
Jonas Valanciunas;C;23:00;2;6;0;0;0;0;4;7;11;3;1;0;2;3;4;
Jonas Valanciunas;C;14:05;2;3;0;0;0;0;2;5;7;2;0;0;2;3;4;
Jonas Valanciunas;C;18:26;1;5;0;0;0;0;2;4;6;0;0;1;0;2;2;
Jonas Valanciunas;C;25:40;3;6;0;0;6;8;2;8;10;0;0;0;4;3;12;
Jonas Valanciunas;C;19:54;3;5;0;0;0;0;2;4;6;0;0;1;3;2;6;
Jonas Valanciunas;C;34:18;5;9;0;0;7;8;4;8;12;1;0;0;2;3;17;
Jonas Valanciunas;C;31:44;9;14;0;0;2;2;4;9;13;1;0;0;0;3;20;
Jonas Valanciunas;C;31:45;6;11;0;0;2;2;5;10;15;0;0;1;1;3;14;
Jonas Valanciunas;C;28:41;4;10;0;0;5;6;1;7;8;0;0;0;1;2;13;
Jonas Valanciunas;C;30:53;8;11;0;0;2;5;2;3;5;0;0;0;1;5;18;
Jonas Valanciunas;C;31:44;8;14;0;0;2;2;4;5;9;1;0;1;1;3;18;
Jonas Valanciunas;C;20:44;5;8;0;0;2;4;3;8;11;0;0;3;2;5;12;
Jonas Valanciunas;C;23:24;4;7;0;0;3;9;3;10;13;2;0;0;3;4;11;
Jonas Valanciunas;C;29:58;3;7;0;0;3;4;1;7;8;0;0;1;1;5;9;
Jonas Valanciunas;C;23:53;1;9;0;0;0;0;5;9;14;0;0;1;1;3;2;
Jonas Valanciunas;C;17:42;5;7;0;0;0;0;1;3;4;0;0;0;1;1;10;
Jonas Valanciunas;C;21:55;1;3;0;0;0;0;0;2;2;0;0;1;0;1;2;
Jonas Valanciunas;C;28:45;8;12;0;0;2;3;4;4;8;1;0;2;1;4;18;
Jonas Valanciunas;C;27:57;1;2;0;0;5;7;3;6;9;1;0;0;6;5;7;
Jonas Valanciunas;C;17:25;1;2;0;0;0;0;2;4;6;0;0;1;1;1;2;
Jonas Valanciunas;C;24:11;3;7;0;0;1;1;1;8;9;1;0;0;1;2;7;
Jonas Valanciunas;C;23:07;5;6;0;0;0;0;1;4;5;1;1;1;3;3;10;
Jonas Valanciunas;C;25:48;7;9;0;0;0;2;1;4;5;0;0;0;0;5;14;
Jonas Valanciunas;C;24:18;2;4;0;0;0;0;4;5;9;1;0;2;2;3;4;
Jonas Valanciunas;C;22:05;2;3;0;0;2;3;3;3;6;0;0;2;1;3;6;
Jonas Valanciunas;C;25:20;3;8;0;0;2;2;4;9;13;1;0;2;2;5;8;
Jonas Valanciunas;C;35:51;11;15;0;0;1;2;2;7;9;0;1;0;2;1;23;
Jonas Valanciunas;C;32:08;7;11;0;0;1;1;0;5;5;1;2;1;1;4;15;
Jonas Valanciunas;C;20:25;5;7;0;0;6;7;2;3;5;1;0;0;0;3;16;
Jonas Valanciunas;C;40:26;3;11;0;0;0;0;3;8;11;1;0;0;2;4;6;
Jonas Valanciunas;C;33:08;2;4;0;0;9;10;4;9;13;0;0;1;2;4;13;
Jonas Valanciunas;C;17:52;2;6;0;0;0;0;2;1;3;0;0;0;0;2;4;
Jonas Valanciunas;C;35:02;7;12;0;0;1;1;3;11;14;2;0;0;3;2;15;
Jonas Valanciunas;C;34:34;3;6;0;0;7;8;3;5;8;2;1;2;0;2;13;
Jonas Valanciunas;C;36:38;6;8;0;0;8;8;3;6;9;0;1;1;1;2;20;
Jonas Valanciunas;C;32:29;7;9;0;0;0;0;2;8;10;0;1;0;2;4;14;
Jonas Valanciunas;C;29:59;4;7;0;0;7;9;1;5;6;1;1;1;1;3;15;
Jonas Valanciunas;C;33:42;10;14;0;0;2;3;3;6;9;0;0;1;3;3;22;
Jonas Valanciunas;C;34:04;7;11;0;0;3;5;5;8;13;3;0;1;2;3;17;
Jonas Valanciunas;C;36:56;10;14;0;0;6;8;3;9;12;1;0;2;1;2;26;
Jonas Valanciunas;C;37:28;5;14;0;0;4;7;8;13;21;0;1;1;1;2;14;
Jonas Valanciunas;C;29:50;5;12;0;0;8;9;2;6;8;1;1;0;0;2;18;
Jonas Valanciunas;C;27:42;4;7;0;0;6;6;3;10;13;1;0;0;2;3;14;
Jonas Valanciunas;C;15:42;4;6;0;0;0;0;1;5;6;1;0;1;1;2;8;
Jonas Valanciunas;C;31:23;4;9;0;0;0;0;5;6;11;0;1;2;3;4;8;
Jonas Valanciunas;C;17:43;2;5;0;0;0;0;1;3;4;0;1;2;1;3;4;
Jonas Valanciunas;C;16:16;3;8;0;0;1;2;3;3;6;0;0;0;2;3;7;
Jonas Valanciunas;C;27:10;7;13;0;0;4;6;4;5;9;0;0;1;0;3;18;
Jonas Valanciunas;C;27:34;5;8;0;0;2;2;3;7;10;1;0;0;1;2;12;
Jonas Valanciunas;C;34:19;2;6;0;0;0;0;3;2;5;0;2;2;2;5;4;
Jonas Valanciunas;C;23:28;6;8;0;0;2;2;1;2;3;0;0;1;2;3;14;
Jonas Valanciunas;C;29:34;4;9;0;0;2;3;7;6;13;3;0;1;4;6;10;
Jonas Valanciunas;C;29:41;1;6;0;0;2;2;0;7;7;0;0;1;0;4;4;
Jonas Valanciunas;C;28:16;2;5;0;0;0;0;2;6;8;2;0;0;2;4;4;
Jonas Valanciunas;C;35:00;8;11;0;0;3;3;3;6;9;0;0;1;3;3;19;
Jonas Valanciunas;C;21:41;1;4;0;0;2;2;1;3;4;2;1;1;1;2;4;
Jonas Valanciunas;C;36:49;5;14;0;0;1;2;3;10;13;0;0;1;1;1;11;
Jonas Valanciunas;C;22:12;3;6;0;0;1;1;2;5;7;0;0;0;2;1;7;
Jonas Valanciunas;C;17:55;1;2;0;0;2;2;1;2;3;1;1;1;2;1;4;
Jonas Valanciunas;C;36:42;8;16;0;0;2;4;8;3;11;0;0;3;1;4;18;
Jonas Valanciunas;C;26:47;4;7;0;0;0;0;0;6;6;0;0;1;3;3;8;
Jonas Valanciunas;C;28:53;4;10;0;0;3;4;4;6;10;3;0;0;0;2;11;
Jonas Valanciunas;C;28:14;2;6;0;0;1;2;1;5;6;1;0;0;0;3;5;
Jonas Valanciunas;C;28:13;6;8;0;0;2;2;2;2;4;2;0;0;4;3;14;
Jonas Valanciunas;C;31:49;3;10;0;0;6;6;4;9;13;1;1;1;4;3;12;
Jonas Valanciunas;C;30:44;6;11;0;0;3;4;2;9;11;1;1;4;1;4;15;
Jonas Valanciunas;C;22:41;5;9;0;0;0;0;2;4;6;0;0;0;2;4;10;
Jonas Valanciunas;C;34:49;8;13;0;0;2;2;4;9;13;0;1;1;1;1;18;
Jonas Valanciunas;C;35:27;6;10;0;0;1;2;2;4;6;0;0;2;1;2;13;
Jonas Valanciunas;C;27:01;5;9;0;0;0;1;3;6;9;2;0;3;1;2;10;
Jonas Valanciunas;C;36:16;7;11;0;0;2;4;7;11;18;0;0;1;4;4;16;
Jonas Valanciunas;C;26:36;1;4;0;0;7;8;4;6;10;1;0;0;3;5;9;
Jonas Valanciunas;C;37:58;5;10;0;0;5;6;2;8;10;1;2;2;2;5;15;
