╔═══════════════╤═══════════════╗
║Name		│Jordan Hamilton║
╟───────────────┼───────────────╢
║Number		│5		║
╟───────────────┼───────────────╢
║Position	│F-G		║
╟───────────────┼───────────────╢
║Height		│6-7		║
╟───────────────┼───────────────╢
║Weight		│220		║
╟───────────────┼───────────────╢
║Birth		│OCT 06, 1990	║
╟───────────────┼───────────────╢
║Age		│23		║
╟───────────────┼───────────────╢
║Exp		│2		║
╟───────────────┼───────────────╢
║School		│Texas		║
╚═══════════════╧═══════════════╝
Jordan Hamilton;;3:42;1;2;0;1;0;0;0;0;0;0;0;1;1;0;2;
Jordan Hamilton;;2:37;0;1;0;1;0;0;0;0;0;0;0;0;0;1;0;
Jordan Hamilton;;2:38;0;1;0;1;0;0;0;1;1;1;0;0;0;0;0;
Jordan Hamilton;;2:44;1;2;1;2;0;0;0;0;0;0;0;0;0;0;3;
Jordan Hamilton;;12:00;1;4;1;3;0;0;0;0;0;1;0;2;0;0;3;
Jordan Hamilton;;14:01;0;3;0;1;0;0;0;1;1;0;0;0;1;3;0;
Jordan Hamilton;;10:39;1;2;0;0;0;0;0;2;2;0;0;0;0;0;2;
Jordan Hamilton;;10:40;0;3;0;0;0;0;0;1;1;0;0;0;1;0;0;
Jordan Hamilton;;10:04;0;2;0;0;1;2;2;2;4;0;1;0;0;0;1;
Jordan Hamilton;;25:17;4;12;1;4;2;3;1;2;3;1;0;0;0;1;11;
Jordan Hamilton;;33:15;7;14;2;4;0;0;2;4;6;7;3;0;1;0;16;
Jordan Hamilton;G;25:45;3;7;0;3;1;1;2;2;4;0;1;1;0;1;7;
Jordan Hamilton;;24:22;4;7;2;3;2;2;1;4;5;2;1;1;0;3;12;
Jordan Hamilton;;24:15;6;12;4;8;0;0;0;3;3;2;2;0;1;2;16;
Jordan Hamilton;F;33:20;6;12;1;6;0;0;0;4;4;1;0;1;1;3;13;
Jordan Hamilton;;18:25;1;3;0;0;2;2;0;3;3;0;0;0;0;3;4;
Jordan Hamilton;;17:44;1;4;1;3;0;0;1;3;4;0;1;1;1;1;3;
Jordan Hamilton;;17:16;3;7;1;5;0;0;0;3;3;0;2;1;3;1;7;
Jordan Hamilton;;15:41;2;8;0;3;0;0;3;1;4;0;0;0;1;1;4;
Jordan Hamilton;;9:14;0;2;0;2;3;4;0;3;3;0;0;0;0;1;3;
Jordan Hamilton;;18:20;3;7;2;5;4;4;0;7;7;1;0;0;1;0;12;
Jordan Hamilton;;7:18;0;2;0;0;0;0;0;1;1;0;0;1;0;2;0;
Jordan Hamilton;;19:09;5;7;3;4;2;2;0;4;4;1;0;1;2;3;15;
Jordan Hamilton;;15:33;1;4;0;2;1;2;0;1;1;1;2;0;0;2;3;
Jordan Hamilton;;10:44;0;2;0;1;0;0;0;0;0;1;0;0;2;2;0;
Jordan Hamilton;;12:54;2;5;2;4;0;0;0;2;2;1;1;0;0;2;6;
Jordan Hamilton;;11:50;1;5;1;3;0;0;1;4;5;0;0;0;2;2;3;
Jordan Hamilton;;14:37;2;8;1;4;2;2;0;1;1;3;1;0;2;2;7;
Jordan Hamilton;;3:11;0;1;0;0;0;0;0;0;0;0;0;0;1;1;0;
Jordan Hamilton;;6:53;1;4;0;1;0;0;0;2;2;0;0;0;0;1;2;
Jordan Hamilton;;29:57;4;9;2;6;1;2;3;5;8;1;2;1;1;1;11;
Jordan Hamilton;;11:43;1;3;1;2;0;0;0;0;0;1;0;0;0;1;3;
Jordan Hamilton;;27:03;5;10;4;7;0;0;0;1;1;3;1;0;1;2;14;
Jordan Hamilton;F;23:06;4;6;3;3;0;0;0;4;4;1;0;0;2;1;11;
Jordan Hamilton;F;15:38;2;7;1;5;1;2;0;1;1;1;0;1;0;1;6;
Jordan Hamilton;F;32:13;8;12;3;7;0;0;2;7;9;0;2;0;5;0;19;
Jordan Hamilton;F;17:27;2;6;1;5;0;0;1;3;4;0;0;0;1;2;5;
Jordan Hamilton;F;12:01;1;6;0;3;4;4;2;4;6;1;2;0;0;1;6;
Jordan Hamilton;F;16:14;3;6;1;3;0;0;0;3;3;2;0;2;2;0;7;
Jordan Hamilton;F;14:26;4;8;0;3;0;0;1;0;1;0;1;0;1;3;8;
Jordan Hamilton;;16:19;2;6;1;1;1;1;0;3;3;2;0;0;0;1;6;
Jordan Hamilton;;22:10;6;12;3;6;2;3;2;4;6;0;1;1;1;0;17;
Jordan Hamilton;;11:37;1;5;1;3;0;0;0;1;1;1;0;0;0;0;3;
Jordan Hamilton;;18:24;4;8;1;2;2;2;0;7;7;2;3;0;1;0;11;
Jordan Hamilton;;18:29;4;8;2;4;1;2;1;2;3;2;3;0;0;0;11;
Jordan Hamilton;;13:33;1;6;1;4;0;0;1;5;6;0;0;0;1;3;3;
Jordan Hamilton;;17:38;3;8;2;4;2;2;0;3;3;1;0;1;1;2;10;
Jordan Hamilton;;17:08;6;11;3;6;0;0;0;1;1;1;0;0;0;2;15;
Jordan Hamilton;;10:25;1;5;1;4;0;0;0;1;1;0;1;0;2;0;3;
Jordan Hamilton;;14:47;2;7;1;4;0;0;0;0;0;1;0;0;0;0;5;
Jordan Hamilton;;22:19;4;5;3;3;2;2;0;5;5;0;2;0;0;0;13;
Jordan Hamilton;;21:01;3;9;2;5;0;0;1;7;8;1;1;0;0;0;8;
Jordan Hamilton;;24:46;6;8;4;6;1;1;0;5;5;1;1;0;0;0;17;
Jordan Hamilton;;26:37;1;8;0;4;0;0;2;6;8;3;1;0;2;1;2;
Jordan Hamilton;;16:15;2;6;0;3;0;0;1;4;5;1;1;0;1;2;4;
Jordan Hamilton;;26:40;1;10;1;6;1;2;0;4;4;1;5;0;2;0;4;
Jordan Hamilton;;18:56;0;4;0;1;0;0;2;3;5;0;2;2;0;0;0;
Jordan Hamilton;G;32:10;5;13;2;6;0;2;0;7;7;1;0;1;0;2;12;
Jordan Hamilton;G;26:08;4;8;2;6;2;2;0;2;2;0;0;1;1;2;12;
Jordan Hamilton;G;10:20;1;3;1;2;0;0;0;3;3;1;0;0;0;2;3;
