╔═══════════════╤═══════════════╗
║Name		│Jordan Farmar	║
╟───────────────┼───────────────╢
║Number		│1		║
╟───────────────┼───────────────╢
║Position	│G		║
╟───────────────┼───────────────╢
║Height		│6-2		║
╟───────────────┼───────────────╢
║Weight		│180		║
╟───────────────┼───────────────╢
║Birth		│NOV 30, 1986	║
╟───────────────┼───────────────╢
║Age		│27		║
╟───────────────┼───────────────╢
║Exp		│6		║
╟───────────────┼───────────────╢
║School		│UCLA		║
╚═══════════════╧═══════════════╝
Jordan Farmar;G;33:20;8;15;5;8;0;0;0;1;1;8;2;0;3;3;21;
Jordan Farmar;;19:39;3;6;3;4;0;0;0;3;3;4;0;0;6;1;9;
Jordan Farmar;;25:13;3;9;2;4;0;0;0;3;3;4;0;0;2;1;8;
Jordan Farmar;;24:39;1;6;1;5;0;0;0;1;1;4;2;0;2;2;3;
Jordan Farmar;;21:14;2;7;1;3;0;0;1;1;2;7;1;0;1;1;5;
Jordan Farmar;;23:53;6;12;4;6;0;0;0;1;1;3;2;1;3;1;16;
Jordan Farmar;;28:48;9;14;8;10;4;5;0;0;0;7;1;0;1;2;30;
Jordan Farmar;;22:10;4;9;1;3;0;0;0;0;0;6;2;0;3;3;9;
Jordan Farmar;;26:05;7;12;2;5;4;4;0;1;1;8;1;0;1;5;20;
Jordan Farmar;;21:10;1;5;1;3;1;2;0;0;0;3;0;0;3;2;4;
Jordan Farmar;;21:23;8;14;4;5;4;4;0;2;2;4;2;1;4;2;24;
Jordan Farmar;;20:54;4;9;3;4;1;3;0;0;0;3;1;0;1;2;12;
Jordan Farmar;;25:55;4;9;3;6;2;4;0;2;2;3;1;0;2;2;13;
Jordan Farmar;;20:05;3;9;1;5;0;0;1;1;2;1;1;0;0;2;7;
Jordan Farmar;;26:33;5;10;2;4;3;3;0;5;5;8;3;2;4;0;15;
Jordan Farmar;;28:53;3;11;2;7;1;2;0;3;3;3;3;0;4;0;9;
Jordan Farmar;;24:27;2;10;1;4;0;0;0;3;3;7;0;0;4;1;5;
Jordan Farmar;;21:59;1;6;0;2;2;2;0;1;1;6;0;0;1;1;4;
Jordan Farmar;;20:28;4;11;2;5;0;0;0;2;2;6;0;0;2;1;10;
Jordan Farmar;;27:16;6;10;2;3;2;4;2;2;4;6;1;0;3;5;16;
Jordan Farmar;;25:35;5;13;1;3;1;1;0;3;3;5;0;0;3;1;12;
Jordan Farmar;;16:22;3;6;1;3;0;0;1;2;3;4;0;0;2;0;7;
Jordan Farmar;;18:50;2;8;1;4;0;0;0;5;5;3;2;0;4;1;5;
Jordan Farmar;;24:14;3;8;2;4;3;3;0;3;3;7;0;0;3;1;11;
Jordan Farmar;;20:01;5;12;1;4;0;0;2;3;5;7;1;0;3;4;11;
Jordan Farmar;;22:39;3;9;0;3;4;4;3;1;4;2;0;0;3;2;10;
Jordan Farmar;;14:24;1;7;0;1;2;2;1;0;1;0;1;0;3;0;4;
Jordan Farmar;;20:33;4;9;1;3;0;0;2;5;7;8;0;1;2;1;9;
Jordan Farmar;;14:13;0;4;0;1;1;1;0;1;1;1;0;0;1;0;1;
Jordan Farmar;;14:51;0;4;0;2;0;0;0;0;0;6;0;0;3;2;0;
Jordan Farmar;;12:53;3;6;0;1;0;0;0;2;2;5;0;0;1;2;6;
Jordan Farmar;;19:02;6;9;2;4;0;0;0;2;2;8;0;1;0;1;14;
Jordan Farmar;;17:02;3;8;1;4;2;2;0;2;2;3;2;0;0;1;9;
Jordan Farmar;;26:05;9;11;3;4;1;2;0;2;2;8;1;0;1;4;22;
Jordan Farmar;;21:50;5;9;5;7;0;0;0;4;4;3;2;2;2;1;15;
Jordan Farmar;;24:03;5;11;2;5;1;3;2;3;5;3;1;0;3;1;13;
Jordan Farmar;;0:56;0;0;0;0;0;0;0;0;0;1;1;0;0;0;0;
Jordan Farmar;G;32:30;1;7;0;4;1;2;1;4;5;2;0;0;4;1;3;
Jordan Farmar;G;31:43;6;13;1;1;3;4;2;5;7;7;3;0;3;1;16;
Jordan Farmar;G;30:22;3;11;1;5;1;2;1;2;3;8;1;0;3;3;8;
Jordan Farmar;G;20:07;0;5;0;1;0;0;1;3;4;7;0;0;1;1;0;
