╔═══════════════╤═══════════════╗
║Name		│Jordan Crawford║
╟───────────────┼───────────────╢
║Number		│55		║
╟───────────────┼───────────────╢
║Position	│G		║
╟───────────────┼───────────────╢
║Height		│6-4		║
╟───────────────┼───────────────╢
║Weight		│195		║
╟───────────────┼───────────────╢
║Birth		│OCT 23, 1988	║
╟───────────────┼───────────────╢
║Age		│25		║
╟───────────────┼───────────────╢
║Exp		│3		║
╟───────────────┼───────────────╢
║School		│Xavier		║
╚═══════════════╧═══════════════╝
Jordan Crawford;G;38:05;7;11;0;2;8;10;0;3;3;7;0;0;5;3;22;
Jordan Crawford;G;37:20;2;14;0;6;1;1;0;4;4;11;1;0;2;3;5;
Jordan Crawford;G;32:18;6;14;3;7;2;4;0;2;2;7;1;0;2;2;17;
Jordan Crawford;G;21:24;3;9;0;1;4;4;0;2;2;5;0;0;1;1;10;
Jordan Crawford;G;36:46;7;17;0;3;10;11;2;0;2;8;2;0;5;3;24;
Jordan Crawford;G;34:04;3;12;2;4;2;2;0;2;2;7;0;1;2;2;10;
Jordan Crawford;G;28:51;6;16;1;3;0;0;0;3;3;6;3;0;0;2;13;
Jordan Crawford;G;24:37;3;11;0;3;7;7;0;0;0;5;0;0;1;4;13;
Jordan Crawford;;15:20;3;4;2;2;0;0;0;1;1;2;0;0;2;2;8;
Jordan Crawford;;13:29;4;6;2;3;0;0;2;0;2;1;0;0;2;0;10;
Jordan Crawford;;12:53;1;5;0;2;0;0;0;1;1;3;0;0;3;1;2;
Jordan Crawford;;15:11;2;6;0;2;2;2;0;2;2;2;0;0;1;3;6;
Jordan Crawford;;15:16;2;6;1;2;0;0;0;1;1;2;0;0;1;0;5;
Jordan Crawford;;14:47;3;5;0;1;3;3;0;0;0;1;0;0;1;1;9;
Jordan Crawford;;17:52;1;7;1;4;2;2;0;2;2;5;0;0;2;1;5;
Jordan Crawford;;15:43;1;5;0;0;1;2;1;0;1;2;1;0;0;4;3;
Jordan Crawford;;16:20;1;5;0;2;0;0;0;1;1;4;2;0;3;1;2;
Jordan Crawford;;20:34;5;10;1;2;0;0;1;4;5;3;1;0;2;0;11;
Jordan Crawford;;17:14;4;9;0;2;2;2;1;0;1;0;2;0;1;1;10;
Jordan Crawford;;25:08;1;6;0;1;0;0;0;5;5;1;2;0;3;1;2;
Jordan Crawford;;18:28;4;9;0;2;1;1;0;1;1;2;0;0;0;1;9;
Jordan Crawford;;13:08;4;10;0;3;2;2;0;0;0;3;1;0;0;1;10;
Jordan Crawford;;14:18;4;8;2;4;2;3;0;1;1;0;0;1;1;0;12;
Jordan Crawford;;18:35;2;10;1;5;1;2;0;1;1;1;0;0;2;1;6;
Jordan Crawford;;18:13;5;11;4;8;1;2;0;2;2;1;0;0;0;0;15;
Jordan Crawford;;24:48;5;10;1;3;5;5;0;2;2;2;0;0;3;2;16;
Jordan Crawford;;18:14;0;5;0;4;1;1;0;1;1;2;1;0;4;1;1;
Jordan Crawford;;5:30;1;3;0;0;0;0;0;1;1;0;0;0;0;0;2;
Jordan Crawford;;6:46;3;5;1;2;0;0;0;0;0;0;0;0;1;1;7;
Jordan Crawford;;19:26;7;12;1;5;0;0;1;0;1;1;0;0;2;2;15;
Jordan Crawford;;22:22;4;9;0;2;1;1;0;2;2;2;0;0;2;2;9;
Jordan Crawford;;5:37;3;6;1;2;0;0;0;2;2;0;0;0;0;0;7;
Jordan Crawford;;22:16;8;12;3;6;0;0;0;1;1;2;0;0;0;2;19;
Jordan Crawford;;10:43;0;5;0;1;0;0;0;0;0;0;0;0;0;0;0;
Jordan Crawford;;7:11;2;6;1;3;0;0;0;1;1;0;0;0;1;0;5;
Jordan Crawford;;4:20;0;3;0;1;0;0;0;0;0;0;0;0;0;0;0;
Jordan Crawford;;18:03;2;8;0;3;1;2;0;0;0;1;0;0;1;2;5;
Jordan Crawford;;12:07;5;8;2;3;0;0;1;0;1;1;0;0;1;1;12;
Jordan Crawford;;13:28;2;7;0;3;3;4;0;2;2;1;0;0;0;0;7;
Jordan Crawford;;6:33;1;2;0;0;0;0;0;1;1;1;0;0;0;0;2;
Jordan Crawford;;7:13;2;5;0;1;0;0;0;0;0;0;0;0;0;0;4;
Jordan Crawford;;15:33;7;10;5;7;0;0;0;4;4;0;0;0;0;2;19;
Jordan Crawford;;34:26;6;18;3;7;1;1;0;2;2;2;1;0;0;3;16;
Jordan Crawford;;19:27;5;16;1;7;0;0;1;2;3;0;0;0;3;4;11;
Jordan Crawford;;18:54;4;8;2;4;0;0;0;2;2;4;0;0;1;0;10;
Jordan Crawford;;15:37;5;10;0;3;0;0;1;1;2;1;1;0;0;1;10;
Jordan Crawford;;14:07;2;8;2;4;0;0;0;1;1;1;0;0;2;0;6;
Jordan Crawford;;7:29;1;2;0;1;0;0;0;1;1;0;0;0;1;0;2;
Jordan Crawford;;7:15;1;5;1;3;0;0;0;1;1;0;0;0;1;0;3;
Jordan Crawford;;41:14;16;28;2;8;7;8;1;4;5;3;1;1;3;3;41;
Jordan Crawford;;17:38;3;5;1;1;0;0;2;1;3;5;0;0;1;2;7;
Jordan Crawford;;11:32;1;1;0;0;5;5;0;0;0;1;0;0;0;0;7;
Jordan Crawford;;21:58;5;10;1;4;2;2;0;3;3;1;1;0;3;0;13;
Jordan Crawford;;24:37;4;7;2;4;2;2;0;2;2;4;3;1;1;1;12;
Jordan Crawford;G;26:57;3;9;1;3;0;0;0;2;2;4;0;1;0;2;7;
Jordan Crawford;G;30:33;5;13;0;2;3;3;1;2;3;5;1;0;2;1;13;
Jordan Crawford;G;27:44;6;10;3;5;0;0;0;2;2;4;2;0;3;2;15;
Jordan Crawford;G;32:36;7;12;0;1;2;2;1;4;5;10;1;0;0;3;16;
Jordan Crawford;G;35:22;6;15;0;2;4;5;1;4;5;6;2;0;2;3;16;
Jordan Crawford;G;34:21;4;12;0;0;3;4;0;4;4;5;2;0;3;2;11;
Jordan Crawford;G;28:41;4;14;2;3;0;0;1;2;3;5;2;0;3;2;10;
Jordan Crawford;G;23:05;1;8;1;3;3;3;0;1;1;4;2;0;3;0;6;
Jordan Crawford;G;27:23;5;9;0;2;2;2;0;4;4;4;1;0;2;0;12;
Jordan Crawford;G;34:12;10;12;3;4;1;1;1;2;3;4;2;0;6;2;24;
Jordan Crawford;G;35:06;3;9;0;5;6;8;0;3;3;10;0;0;4;3;12;
Jordan Crawford;G;27:59;5;11;4;6;7;7;0;4;4;5;0;0;2;2;21;
Jordan Crawford;G;35:55;2;8;1;4;0;0;0;1;1;7;0;0;2;3;5;
Jordan Crawford;G;32:35;4;14;1;6;2;2;2;9;11;10;1;0;2;4;11;
Jordan Crawford;G;34:17;6;15;1;4;5;6;1;2;3;5;1;0;1;4;18;
Jordan Crawford;G;38:48;8;14;4;7;5;7;1;1;2;5;1;0;2;3;25;
Jordan Crawford;G;33:43;9;13;2;4;2;2;0;4;4;8;0;0;2;3;22;
Jordan Crawford;G;30:45;8;14;6;12;1;1;0;3;3;7;0;0;0;0;23;
Jordan Crawford;G;34:17;6;14;2;5;1;3;0;2;2;4;1;0;1;1;15;
Jordan Crawford;G;39:04;7;17;1;4;5;6;1;4;5;9;1;0;3;3;20;
Jordan Crawford;G;31:57;0;8;0;5;2;3;0;2;2;6;0;0;2;1;2;
Jordan Crawford;G;34:37;6;14;1;4;2;2;0;4;4;4;0;0;3;2;15;
Jordan Crawford;G;35:20;4;15;1;7;8;8;0;4;4;6;1;0;2;1;17;
Jordan Crawford;G;33:15;5;11;1;5;0;0;1;2;3;8;0;0;5;1;11;
Jordan Crawford;G;24:15;4;11;1;4;0;0;0;0;0;2;1;0;0;2;9;
Jordan Crawford;G;33:31;7;11;3;5;2;2;0;5;5;5;1;0;3;1;19;
Jordan Crawford;G;32:54;3;15;1;7;1;1;3;3;6;5;0;0;3;2;8;
