╔═══════════════╤═══════════════╗
║Name		│Jordan Hill	║
╟───────────────┼───────────────╢
║Number		│27		║
╟───────────────┼───────────────╢
║Position	│F-C		║
╟───────────────┼───────────────╢
║Height		│6-10		║
╟───────────────┼───────────────╢
║Weight		│235		║
╟───────────────┼───────────────╢
║Birth		│JUL 27, 1987	║
╟───────────────┼───────────────╢
║Age		│26		║
╟───────────────┼───────────────╢
║Exp		│4		║
╟───────────────┼───────────────╢
║School		│Arizona	║
╚═══════════════╧═══════════════╝
Jordan Hill;;10:44;1;7;0;0;0;0;3;2;5;0;0;0;0;3;2;
Jordan Hill;;12:02;2;4;0;0;5;7;2;1;3;1;0;0;0;2;9;
Jordan Hill;;20:14;4;6;0;0;1;4;1;4;5;0;0;0;1;4;9;
Jordan Hill;;22:08;5;8;0;0;0;2;5;3;8;0;0;1;1;2;10;
Jordan Hill;;19:46;0;3;0;0;0;0;2;4;6;1;0;0;1;3;0;
Jordan Hill;;20:17;2;4;0;0;0;0;1;5;6;1;0;3;1;5;4;
Jordan Hill;F;21:49;4;10;0;0;0;0;3;7;10;1;0;2;1;1;8;
Jordan Hill;F;11:13;1;4;0;0;0;0;0;1;1;0;0;1;1;0;2;
Jordan Hill;;10:58;3;4;0;0;0;0;2;3;5;0;0;0;0;0;6;
Jordan Hill;;16:19;3;4;0;0;1;2;0;3;3;0;0;1;1;2;7;
Jordan Hill;;22:05;4;7;0;0;0;1;5;2;7;0;1;1;1;2;8;
Jordan Hill;;19:39;3;7;0;0;0;0;4;6;10;0;0;1;1;3;6;
Jordan Hill;;17:07;2;3;0;0;1;2;0;6;6;1;1;0;2;4;5;
Jordan Hill;;28:47;5;10;0;0;0;0;1;11;12;1;0;1;2;3;10;
Jordan Hill;;12:19;0;3;0;0;0;2;0;3;3;0;0;0;0;1;0;
Jordan Hill;;3:38;0;0;0;0;0;0;0;1;1;0;0;0;0;0;0;
Jordan Hill;;20:18;6;7;0;0;2;5;1;5;6;1;0;1;1;2;14;
Jordan Hill;;26:24;6;12;0;0;3;3;3;6;9;2;2;0;1;1;15;
Jordan Hill;;17:23;2;6;0;0;3;4;0;1;1;0;0;0;0;2;7;
Jordan Hill;;18:55;4;8;0;0;2;2;0;4;4;0;0;0;3;1;10;
Jordan Hill;;25:40;5;7;0;0;0;0;1;6;7;0;3;1;2;4;10;
Jordan Hill;;27:25;4;7;0;0;2;2;5;7;12;0;0;3;3;2;10;
Jordan Hill;;29:34;5;8;0;0;1;2;4;4;8;1;1;1;0;4;11;
Jordan Hill;;10:20;1;2;0;0;0;0;2;1;3;0;0;1;1;0;2;
Jordan Hill;;6:15;0;3;0;0;0;0;0;1;1;1;0;0;1;2;0;
Jordan Hill;;5:58;0;1;0;0;0;0;0;1;1;0;0;0;0;2;0;
Jordan Hill;;26:39;4;7;0;0;1;2;5;9;14;0;0;4;2;4;9;
Jordan Hill;F;32:58;9;15;0;0;10;13;4;9;13;0;0;1;0;1;28;
Jordan Hill;F;14:02;4;4;0;0;1;1;1;4;5;0;0;0;1;4;9;
Jordan Hill;F;31:20;13;17;0;0;2;2;9;7;16;0;1;0;1;2;28;
Jordan Hill;F;24:19;5;12;0;0;0;0;3;4;7;0;1;0;2;3;10;
Jordan Hill;F;18:27;3;6;0;0;0;0;0;3;3;0;0;1;0;2;6;
Jordan Hill;C;28:46;5;15;0;0;8;10;6;9;15;0;0;4;1;6;18;
Jordan Hill;C;31:01;5;10;0;0;4;6;4;6;10;1;1;2;1;3;14;
Jordan Hill;C;28:40;10;14;0;0;2;2;3;6;9;0;2;0;2;2;22;
Jordan Hill;C;23:41;5;9;0;0;2;2;1;4;5;3;1;3;1;4;12;
Jordan Hill;C;41:35;7;18;0;0;4;4;4;8;12;4;2;0;2;4;18;
Jordan Hill;C;27:01;5;9;0;0;0;0;2;8;10;3;1;2;3;3;10;
Jordan Hill;C;23:31;10;13;0;0;1;1;2;4;6;0;0;1;1;3;21;
Jordan Hill;C;27:51;7;13;0;0;4;6;3;11;14;2;1;2;0;1;18;
Jordan Hill;;18:02;6;8;0;0;0;0;7;1;8;2;1;1;1;2;12;
Jordan Hill;;12:49;1;2;0;0;0;0;2;5;7;1;0;0;0;2;2;
Jordan Hill;;11:38;2;3;0;0;1;2;3;1;4;1;0;0;1;2;5;
Jordan Hill;;13:36;2;2;0;0;2;2;1;4;5;1;0;1;1;2;6;
Jordan Hill;;15:27;3;5;0;0;2;2;2;1;3;0;0;0;0;0;8;
Jordan Hill;;16:01;3;6;0;0;0;2;1;3;4;3;0;2;2;4;6;
Jordan Hill;;22:17;2;4;0;0;0;6;2;11;13;1;1;1;0;0;4;
Jordan Hill;;18:43;3;5;0;0;1;3;6;3;9;1;1;0;2;1;7;
Jordan Hill;F;26:18;7;12;0;0;7;8;2;9;11;2;2;1;2;4;21;
Jordan Hill;F;30:24;6;11;0;0;6;6;8;7;15;0;1;3;0;5;18;
Jordan Hill;F;30:12;5;8;0;0;2;3;1;4;5;2;0;3;1;6;12;
Jordan Hill;F;35:44;11;16;0;0;2;2;5;12;17;1;0;0;2;3;24;
Jordan Hill;F;32:57;5;10;0;0;0;0;3;6;9;3;0;1;3;5;10;
Jordan Hill;F;31:37;5;12;0;0;0;0;5;8;13;0;0;1;1;3;10;
Jordan Hill;F;30:07;5;10;0;0;0;0;5;3;8;0;0;2;3;1;10;
Jordan Hill;F;20:34;1;9;0;0;0;0;4;8;12;1;0;0;1;4;2;
Jordan Hill;F;13:50;1;1;0;0;0;0;0;4;4;0;0;1;2;1;2;
Jordan Hill;F;15:59;0;2;0;0;2;2;1;5;6;1;1;0;0;1;2;
Jordan Hill;;14:48;3;5;0;0;1;3;4;5;9;1;0;2;0;3;7;
Jordan Hill;;20:00;3;5;0;0;5;5;3;5;8;1;0;1;1;2;11;
Jordan Hill;;19:15;5;6;0;0;3;4;3;4;7;2;0;0;0;2;13;
Jordan Hill;F;12:17;3;4;0;0;0;2;3;2;5;1;0;0;0;1;6;
Jordan Hill;F;30:59;5;7;0;0;5;6;4;5;9;1;0;0;1;0;15;
Jordan Hill;F;28:13;8;8;0;0;5;6;4;5;9;0;0;1;0;1;21;
Jordan Hill;F;7:31;1;2;0;0;0;0;0;2;2;0;0;0;1;4;2;
Jordan Hill;F;13:42;2;2;0;0;0;0;0;1;1;0;0;1;0;3;4;
Jordan Hill;F;19:60;6;11;0;0;2;2;5;5;10;0;0;0;2;3;14;
Jordan Hill;;14:06;3;7;0;0;1;2;3;1;4;0;0;0;1;2;7;
Jordan Hill;;24:16;2;6;0;0;5;9;4;6;10;1;3;3;1;1;9;
Jordan Hill;;22:59;5;6;0;0;6;8;3;6;9;2;0;0;2;2;16;
Jordan Hill;C;26:47;6;14;0;1;6;9;6;7;13;1;1;1;1;3;18;
Jordan Hill;;11:33;2;5;0;0;0;0;2;2;4;0;0;0;1;2;4;
