╔═══════════════╤═══════════════╗
║Name		│Jorge Gutierrez║
╟───────────────┼───────────────╢
║Number		│13		║
╟───────────────┼───────────────╢
║Position	│G		║
╟───────────────┼───────────────╢
║Height		│6-3		║
╟───────────────┼───────────────╢
║Weight		│195		║
╟───────────────┼───────────────╢
║Birth		│DEC 27, 1988	║
╟───────────────┼───────────────╢
║Age		│25		║
╟───────────────┼───────────────╢
║Exp		│R		║
╟───────────────┼───────────────╢
║School		│UC Berkeley	║
╚═══════════════╧═══════════════╝
Jorge Gutierrez;;4:48;0;1;0;0;1;2;0;0;0;0;1;0;0;0;1;
Jorge Gutierrez;;7:45;0;1;0;0;0;0;0;1;1;1;1;0;0;1;0;
Jorge Gutierrez;;18:16;5;6;0;0;0;0;1;2;3;1;0;1;1;2;10;
Jorge Gutierrez;;16:23;0;2;0;1;0;0;0;2;2;3;1;0;0;1;0;
Jorge Gutierrez;;19:22;3;3;0;0;0;0;0;2;2;2;0;0;0;3;6;
Jorge Gutierrez;;8:45;0;1;0;0;2;2;0;2;2;3;0;0;3;3;2;
Jorge Gutierrez;;8:31;1;4;0;2;0;0;0;1;1;3;3;0;2;1;2;
Jorge Gutierrez;;17:19;1;3;0;2;0;0;0;4;4;2;0;0;0;4;2;
Jorge Gutierrez;;15:30;2;3;0;1;2;2;0;0;0;0;1;0;1;1;6;
Jorge Gutierrez;;5:04;0;1;0;1;0;0;0;0;0;1;0;0;0;0;0;
Jorge Gutierrez;;14:52;2;4;0;0;0;0;1;1;2;2;0;0;1;3;4;
Jorge Gutierrez;G;28:28;4;5;0;0;3;4;0;1;1;4;2;0;2;4;11;
Jorge Gutierrez;;18:51;0;2;0;0;0;0;1;1;2;2;0;0;2;4;0;
Jorge Gutierrez;;26:58;2;7;1;2;0;0;0;2;2;4;1;0;1;4;5;
Jorge Gutierrez;G;33:10;5;11;2;3;1;2;0;0;0;2;0;0;1;6;13;
