╔═══════════════╤═══════════════════════════════╗
║Name		│Jose Calderon			║
╟───────────────┼───────────────────────────────╢
║Number		│N/A				║
╟───────────────┼───────────────────────────────╢
║Position	│G				║
╟───────────────┼───────────────────────────────╢
║Height		│6-3				║
╟───────────────┼───────────────────────────────╢
║Weight		│211				║
╟───────────────┼───────────────────────────────╢
║Birth		│SEP 28, 1981			║
╟───────────────┼───────────────────────────────╢
║Age		│32				║
╟───────────────┼───────────────────────────────╢
║Exp		│8				║
╟───────────────┼───────────────────────────────╢
║School		│Villanueva de la Serena, Spain	║
╚═══════════════╧═══════════════════════════════╝
Jose Calderon;G;32:40;3;14;3;10;2;2;0;6;6;3;2;0;0;1;11;
Jose Calderon;G;33:02;4;10;3;8;0;0;0;6;6;5;0;0;0;3;11;
Jose Calderon;G;36:26;5;13;2;8;0;0;1;1;2;6;0;0;2;1;12;
Jose Calderon;G;36:07;5;8;2;4;0;0;1;1;2;8;5;0;1;1;12;
Jose Calderon;G;26:05;2;11;1;4;0;0;0;2;2;2;2;0;0;2;5;
Jose Calderon;G;32:01;4;6;3;5;0;0;0;5;5;6;2;0;2;0;11;
Jose Calderon;G;35:04;5;10;4;7;3;4;1;1;2;5;1;0;2;3;17;
Jose Calderon;G;32:15;5;9;3;6;0;0;0;1;1;4;2;0;1;1;13;
Jose Calderon;G;36:29;6;9;4;6;0;0;0;1;1;3;1;0;1;3;16;
Jose Calderon;G;19:02;2;8;0;4;0;0;0;0;0;4;1;0;1;3;4;
Jose Calderon;G;20:08;2;6;0;2;1;1;0;2;2;3;0;0;1;1;5;
Jose Calderon;G;27:56;4;8;1;4;2;2;1;0;1;6;0;0;1;2;11;
Jose Calderon;G;34:09;5;11;2;4;1;2;1;3;4;5;0;0;1;2;13;
Jose Calderon;G;36:20;5;15;3;7;2;2;0;1;1;2;1;0;1;2;15;
Jose Calderon;G;33:57;7;8;1;2;2;2;1;1;2;4;1;0;2;2;17;
Jose Calderon;G;36:54;2;12;2;7;2;3;1;2;3;5;1;1;0;3;8;
Jose Calderon;G;33:44;6;14;1;6;1;2;0;1;1;7;1;0;1;2;14;
Jose Calderon;G;32:59;4;7;3;5;0;0;0;2;2;10;0;0;1;0;11;
Jose Calderon;G;31:02;2;9;1;4;0;0;0;1;1;4;0;0;2;1;5;
Jose Calderon;G;null;4;11;4;7;0;0;2;2;4;7;2;0;1;0;12;
Jose Calderon;G;31:33;7;13;3;6;1;2;2;3;5;5;0;0;1;0;18;
Jose Calderon;G;22:35;3;8;2;2;0;0;0;0;0;2;0;1;2;0;8;
Jose Calderon;G;22:29;1;7;1;5;1;2;1;3;4;2;0;1;3;4;4;
Jose Calderon;G;29:04;4;9;2;6;2;2;0;3;3;3;0;0;2;2;12;
Jose Calderon;G;30:10;3;6;2;4;0;0;0;3;3;10;1;1;2;2;8;
Jose Calderon;G;29:09;4;8;2;4;1;2;0;4;4;4;1;0;4;2;11;
Jose Calderon;G;33:40;6;9;5;8;3;3;1;2;3;6;0;0;0;0;20;
Jose Calderon;G;26:21;3;7;3;5;0;0;0;2;2;5;1;0;0;2;9;
Jose Calderon;G;32:46;5;12;3;7;0;0;1;2;3;2;2;0;0;1;13;
Jose Calderon;G;31:28;4;11;0;1;0;0;1;1;2;6;3;1;2;1;8;
Jose Calderon;G;30:38;2;5;1;4;0;0;1;1;2;6;1;0;4;1;5;
Jose Calderon;G;29:44;8;16;3;6;0;0;0;0;0;2;1;0;0;2;19;
Jose Calderon;G;30:00;4;8;2;5;0;0;1;2;3;7;0;0;1;2;10;
Jose Calderon;G;29:36;5;11;2;5;1;1;0;2;2;5;0;0;6;0;13;
Jose Calderon;G;31:50;3;8;2;4;2;2;0;1;1;5;0;0;0;1;10;
Jose Calderon;G;29:30;6;11;4;8;0;0;0;5;5;7;2;1;1;1;16;
Jose Calderon;G;30:60;2;6;2;4;0;0;0;0;0;6;1;1;1;1;6;
Jose Calderon;G;27:44;5;9;2;4;0;0;0;3;3;4;1;0;0;2;12;
Jose Calderon;G;26:50;4;9;2;4;0;0;0;4;4;6;0;1;1;1;10;
Jose Calderon;G;0:45;0;0;0;0;0;0;0;0;0;0;0;0;0;0;0;
Jose Calderon;G;36:59;7;10;6;9;2;2;0;4;4;8;0;0;0;1;22;
Jose Calderon;G;29:24;3;6;3;4;0;0;1;4;5;3;1;0;2;0;9;
Jose Calderon;G;37:33;4;11;3;8;0;0;0;0;0;7;0;0;1;1;11;
Jose Calderon;G;36:38;3;9;1;4;1;1;0;2;2;6;0;0;3;2;8;
Jose Calderon;G;26:53;8;13;3;5;0;0;0;2;2;1;0;0;1;4;19;
Jose Calderon;G;28:35;4;11;2;8;1;1;0;3;3;2;0;0;1;3;11;
Jose Calderon;G;31:03;5;10;4;7;0;0;1;3;4;2;2;0;0;1;14;
Jose Calderon;G;30:42;4;6;0;2;2;4;0;3;3;4;0;1;2;2;10;
Jose Calderon;G;27:54;5;11;2;3;2;2;0;3;3;1;0;0;2;0;14;
Jose Calderon;G;17:02;0;3;0;1;0;0;0;1;1;2;0;0;1;0;0;
Jose Calderon;G;27:26;4;8;1;5;0;0;1;1;2;5;0;0;1;3;9;
Jose Calderon;G;34:39;1;7;1;5;2;2;0;2;2;11;1;0;4;3;5;
Jose Calderon;G;25:05;0;8;0;3;0;0;0;1;1;6;1;0;1;2;0;
Jose Calderon;G;38:44;4;11;3;7;4;4;2;0;2;5;1;0;0;2;15;
Jose Calderon;G;21:45;4;6;4;6;0;0;0;4;4;5;0;0;1;1;12;
Jose Calderon;G;31:49;3;6;1;2;2;2;1;1;2;3;3;0;3;1;9;
Jose Calderon;G;33:01;7;11;6;8;1;1;0;4;4;7;1;0;1;2;21;
Jose Calderon;G;35:36;3;8;3;6;0;0;2;5;7;3;1;0;1;1;9;
Jose Calderon;G;33:10;4;8;3;6;0;0;0;1;1;4;2;0;2;2;11;
Jose Calderon;G;35:29;4;10;4;9;0;0;0;1;1;5;0;0;3;1;12;
Jose Calderon;G;30:47;5;10;1;4;0;0;0;1;1;9;0;0;0;1;11;
Jose Calderon;G;32:29;5;13;4;10;0;0;1;2;3;4;1;0;2;3;14;
Jose Calderon;G;29:20;4;8;3;5;2;2;0;1;1;2;1;0;2;3;13;
Jose Calderon;G;29:51;2;3;1;2;0;0;0;1;1;4;2;0;2;2;5;
Jose Calderon;G;34:04;5;10;1;4;0;0;0;2;2;5;1;0;0;3;11;
Jose Calderon;G;29:43;4;6;3;4;1;2;0;0;0;4;0;0;2;3;12;
Jose Calderon;G;27:43;5;10;2;4;0;0;0;2;2;3;0;0;1;2;12;
Jose Calderon;G;25:32;5;11;4;7;2;2;0;0;0;3;0;0;1;2;16;
Jose Calderon;G;32:55;4;10;4;5;0;0;0;1;1;1;0;1;0;2;12;
Jose Calderon;G;31:27;4;11;3;10;1;1;0;0;0;4;2;0;1;0;12;
Jose Calderon;G;32:19;7;10;0;1;1;2;0;2;2;7;2;0;1;4;15;
Jose Calderon;G;21:43;4;10;3;7;0;0;0;2;2;2;0;0;2;2;11;
Jose Calderon;G;33:56;7;15;3;9;1;1;0;4;4;5;0;0;1;2;18;
Jose Calderon;G;23:14;7;10;4;6;0;0;0;1;1;1;1;0;1;1;18;
Jose Calderon;G;32:03;5;7;2;4;0;0;0;1;1;3;0;0;0;1;12;
Jose Calderon;G;37:13;8;13;7;10;0;0;1;3;4;9;2;0;1;1;23;
Jose Calderon;G;30:54;4;5;1;2;0;0;0;3;3;6;1;1;0;2;9;
Jose Calderon;G;32:38;6;12;3;7;0;0;0;1;1;5;0;0;1;5;15;
Jose Calderon;G;32:48;5;11;3;4;0;0;0;7;7;3;2;0;0;5;13;
Jose Calderon;G;35:42;4;11;1;6;0;0;2;2;4;7;2;0;1;0;9;
Jose Calderon;G;36:41;3;7;2;4;0;0;0;2;2;8;3;0;3;2;8;
