╔═══════════════╤═══════════════╗
║Name		│Jose Juan Barea║
╟───────────────┼───────────────╢
║Number		│11		║
╟───────────────┼───────────────╢
║Position	│G		║
╟───────────────┼───────────────╢
║Height		│6-0		║
╟───────────────┼───────────────╢
║Weight		│178		║
╟───────────────┼───────────────╢
║Birth		│JUN 26, 1984	║
╟───────────────┼───────────────╢
║Age		│30		║
╟───────────────┼───────────────╢
║Exp		│7		║
╟───────────────┼───────────────╢
║School		│Northeastern	║
╚═══════════════╧═══════════════╝
Jose Juan Barea;;18:02;7;9;3;5;0;0;0;0;0;5;0;0;2;0;17;
Jose Juan Barea;;14:14;2;5;0;2;1;1;0;1;1;3;0;0;1;2;5;
Jose Juan Barea;;19:16;5;12;3;4;0;0;0;1;1;2;0;0;5;1;13;
Jose Juan Barea;;13:05;3;6;0;1;2;2;0;0;0;2;0;0;2;0;8;
Jose Juan Barea;;19:06;2;6;2;3;1;1;0;3;3;5;0;0;1;1;7;
Jose Juan Barea;;15:54;3;9;0;2;3;3;1;3;4;4;1;0;1;2;9;
Jose Juan Barea;;23:37;5;14;1;5;3;4;0;3;3;2;0;0;0;5;14;
Jose Juan Barea;;25:02;5;13;0;4;4;4;0;4;4;5;1;0;1;2;14;
Jose Juan Barea;;16:01;1;6;0;2;1;2;0;3;3;2;1;0;2;1;3;
Jose Juan Barea;;21:21;6;11;3;5;0;0;0;1;1;3;1;0;1;1;15;
Jose Juan Barea;;9:41;2;4;1;3;0;1;0;2;2;2;0;0;2;1;5;
Jose Juan Barea;;10:54;0;4;0;1;0;0;0;1;1;2;0;0;1;2;0;
Jose Juan Barea;;17:36;2;7;0;3;0;0;0;4;4;7;0;0;2;1;4;
Jose Juan Barea;;23:41;4;9;1;3;1;2;0;2;2;6;0;0;3;0;10;
Jose Juan Barea;;20:31;5;11;2;5;0;0;0;0;0;4;0;0;1;2;12;
Jose Juan Barea;;16:29;5;11;2;4;0;0;0;2;2;4;0;0;2;2;12;
Jose Juan Barea;;16:59;3;8;0;2;5;5;0;3;3;4;0;0;1;1;11;
Jose Juan Barea;;15:22;4;6;1;2;2;2;1;1;2;4;1;0;1;1;11;
Jose Juan Barea;;15:07;3;8;1;2;2;2;0;0;0;0;1;0;4;2;9;
Jose Juan Barea;;14:14;1;7;0;3;4;4;0;3;3;0;1;0;1;2;6;
Jose Juan Barea;;16:18;1;9;0;4;2;2;0;1;1;6;0;0;2;1;4;
Jose Juan Barea;;18:26;8;8;2;2;0;0;0;1;1;3;0;0;1;4;18;
Jose Juan Barea;;14:35;6;10;0;1;0;0;0;1;1;3;0;0;2;1;12;
Jose Juan Barea;;20:34;3;9;0;2;1;4;0;0;0;6;0;0;0;2;7;
Jose Juan Barea;;21:25;7;16;4;8;3;3;0;0;0;2;1;0;2;5;21;
Jose Juan Barea;;14:19;3;9;0;3;0;0;1;0;1;0;0;0;3;4;6;
Jose Juan Barea;;15:32;3;9;0;3;0;0;0;5;5;5;0;0;0;0;6;
Jose Juan Barea;;26:26;4;10;1;1;7;8;1;1;2;5;1;0;2;3;16;
Jose Juan Barea;;14:41;1;9;1;2;2;2;1;1;2;5;0;0;1;1;5;
Jose Juan Barea;;15:29;2;8;0;1;0;0;0;2;2;6;0;0;0;0;4;
Jose Juan Barea;;19:05;2;8;1;3;0;0;1;1;2;3;0;0;2;4;5;
Jose Juan Barea;;28:03;7;10;2;3;3;4;1;1;2;4;1;0;1;3;19;
Jose Juan Barea;;20:35;4;9;0;1;1;1;1;3;4;4;0;0;1;4;9;
Jose Juan Barea;;18:02;1;6;1;3;2;2;0;0;0;4;1;0;1;0;5;
Jose Juan Barea;;19:29;6;13;2;7;1;2;0;5;5;4;1;0;2;2;15;
Jose Juan Barea;;14:58;1;5;0;2;2;2;1;0;1;3;0;0;4;0;4;
Jose Juan Barea;;17:08;1;3;0;2;0;0;0;0;0;4;0;0;2;2;2;
Jose Juan Barea;;22:37;3;8;1;2;1;1;0;1;1;8;0;0;3;2;8;
Jose Juan Barea;;15:32;3;6;2;3;0;0;0;4;4;4;0;0;3;0;8;
Jose Juan Barea;;14:60;2;6;1;3;1;2;0;1;1;2;0;0;2;0;6;
Jose Juan Barea;;24:22;2;10;0;1;0;0;0;3;3;8;0;0;2;5;4;
Jose Juan Barea;;14:34;1;6;0;1;0;0;1;0;1;7;1;0;1;1;2;
Jose Juan Barea;G;33:51;4;11;3;7;0;0;0;6;6;3;1;0;1;2;11;
Jose Juan Barea;;17:29;3;8;0;4;0;0;0;3;3;5;0;0;3;1;6;
Jose Juan Barea;;21:25;3;9;0;2;1;1;0;1;1;4;0;0;5;4;7;
Jose Juan Barea;;11:10;1;3;0;1;2;2;0;1;1;3;1;0;1;0;4;
Jose Juan Barea;;22:28;2;11;1;5;0;0;0;2;2;7;0;0;0;3;5;
Jose Juan Barea;;20:30;1;5;0;2;0;0;0;3;3;6;0;0;1;2;2;
Jose Juan Barea;;20:01;4;9;1;2;2;2;1;1;2;4;0;0;1;2;11;
Jose Juan Barea;;19:27;4;8;2;5;0;0;1;1;2;2;1;0;0;1;10;
Jose Juan Barea;;17:50;3;8;1;5;0;0;0;2;2;5;2;0;0;0;7;
Jose Juan Barea;;22:24;4;11;0;4;0;1;0;3;3;2;1;0;2;1;8;
Jose Juan Barea;;13:34;2;6;0;1;1;2;0;2;2;3;0;0;3;1;5;
Jose Juan Barea;;16:18;2;8;1;3;0;0;0;4;4;4;0;0;3;2;5;
Jose Juan Barea;;18:59;4;8;0;1;1;1;0;3;3;3;0;0;3;3;9;
Jose Juan Barea;;16:51;1;8;1;2;0;0;1;1;2;4;0;0;1;1;3;
Jose Juan Barea;;13:32;3;3;0;0;0;0;0;2;2;7;0;0;0;0;6;
Jose Juan Barea;;24:52;10;14;1;2;0;0;0;4;4;4;0;0;1;2;21;
Jose Juan Barea;;20:39;6;15;1;4;0;0;0;0;0;3;0;0;1;0;13;
Jose Juan Barea;;28:48;5;10;1;3;1;2;0;2;2;7;0;0;2;1;12;
Jose Juan Barea;;12:34;0;4;0;2;2;2;0;1;1;3;0;0;1;1;2;
Jose Juan Barea;;15:07;2;5;2;4;2;2;0;0;0;2;0;0;0;1;8;
Jose Juan Barea;;17:38;1;10;1;5;0;0;1;1;2;1;1;0;0;1;3;
Jose Juan Barea;;19:27;3;11;0;2;0;0;0;1;1;2;0;0;1;2;6;
Jose Juan Barea;;16:44;3;5;0;0;0;0;0;1;1;1;0;0;2;2;6;
Jose Juan Barea;;15:41;2;5;2;4;0;0;0;4;4;6;1;0;3;0;6;
Jose Juan Barea;;19:54;4;9;1;4;0;0;0;1;1;2;1;0;0;1;9;
Jose Juan Barea;;19:29;0;5;0;2;2;2;0;3;3;1;1;0;2;1;2;
Jose Juan Barea;;17:09;4;8;1;3;1;2;0;2;2;6;0;0;0;1;10;
Jose Juan Barea;;13:40;0;5;0;2;2;3;0;2;2;3;0;0;1;2;2;
Jose Juan Barea;;12:29;2;7;0;1;1;2;0;1;1;2;0;0;0;2;5;
Jose Juan Barea;;22:58;5;10;3;5;2;2;0;0;0;5;2;0;2;4;15;
Jose Juan Barea;;26:46;4;10;2;4;0;0;1;1;2;11;0;0;1;1;10;
Jose Juan Barea;;21:49;4;11;2;4;0;2;0;3;3;5;0;0;0;3;10;
Jose Juan Barea;;20:22;3;9;2;5;0;0;0;3;3;2;1;0;4;1;8;
Jose Juan Barea;;25:26;4;11;2;5;2;4;0;1;1;1;0;0;0;2;12;
Jose Juan Barea;;19:28;8;10;1;1;0;0;0;0;0;4;0;0;2;3;17;
Jose Juan Barea;;19:04;2;8;2;3;0;0;1;2;3;6;0;0;2;2;6;
Jose Juan Barea;;17:02;2;4;1;3;0;0;0;2;2;2;0;0;5;0;5;
