╔═══════════════╤═══════════════╗
║Name		│Josh Harrellson║
╟───────────────┼───────────────╢
║Number		│55		║
╟───────────────┼───────────────╢
║Position	│F-C		║
╟───────────────┼───────────────╢
║Height		│6-10		║
╟───────────────┼───────────────╢
║Weight		│275		║
╟───────────────┼───────────────╢
║Birth		│FEB 12, 1989	║
╟───────────────┼───────────────╢
║Age		│25		║
╟───────────────┼───────────────╢
║Exp		│2		║
╟───────────────┼───────────────╢
║School		│Kentucky	║
╚═══════════════╧═══════════════╝
Josh Harrellson;;6:20;0;1;0;1;0;0;0;0;0;0;0;1;0;1;0;
Josh Harrellson;;0:54;0;0;0;0;0;0;0;0;0;0;0;0;0;0;0;
Josh Harrellson;;3:32;0;0;0;0;0;0;0;2;2;0;0;0;0;1;0;
Josh Harrellson;;11:60;0;0;0;0;1;2;1;1;2;0;0;0;1;3;1;
Josh Harrellson;;5:22;1;1;1;1;1;2;1;0;1;0;0;0;0;2;4;
Josh Harrellson;;12:49;1;2;0;1;0;0;0;3;3;0;0;0;0;2;2;
Josh Harrellson;;18:21;1;4;1;2;0;0;0;8;8;1;0;1;3;5;3;
Josh Harrellson;;13:28;0;4;0;0;0;0;1;4;5;1;1;1;0;1;0;
Josh Harrellson;;0:49;0;1;0;1;0;0;0;0;0;0;0;0;0;0;0;
Josh Harrellson;;6:10;1;1;1;1;0;0;1;0;1;0;0;1;1;2;3;
Josh Harrellson;;11:13;3;3;1;1;0;0;1;4;5;0;0;0;0;1;7;
Josh Harrellson;;11:15;2;4;0;2;0;0;0;0;0;0;0;0;0;2;4;
Josh Harrellson;;8:59;1;2;1;2;0;0;0;3;3;0;0;0;0;1;3;
Josh Harrellson;;8:26;2;3;0;1;0;0;1;0;1;0;1;0;0;2;4;
Josh Harrellson;;11:47;2;4;0;0;0;0;3;0;3;2;1;0;0;1;4;
Josh Harrellson;;5:11;0;1;0;1;0;0;0;0;0;0;0;0;1;1;0;
Josh Harrellson;;8:33;0;2;0;0;0;0;0;0;0;0;0;1;0;0;0;
Josh Harrellson;;3:16;0;2;0;0;0;0;1;0;1;0;0;0;0;0;0;
Josh Harrellson;;12:56;4;6;2;2;0;0;2;3;5;2;0;3;0;3;10;
Josh Harrellson;;11:17;0;3;0;0;0;0;1;2;3;0;0;0;0;1;0;
Josh Harrellson;;12:48;2;4;0;2;0;0;1;2;3;1;0;0;1;2;4;
Josh Harrellson;;12:10;0;1;0;1;2;2;1;1;2;0;0;0;0;1;2;
Josh Harrellson;;11:29;1;1;0;0;0;0;0;2;2;1;0;0;1;2;2;
Josh Harrellson;;2:54;0;0;0;0;0;0;0;0;0;0;0;0;0;0;0;
Josh Harrellson;;16:19;3;6;1;2;0;0;5;5;10;1;0;2;1;0;7;
Josh Harrellson;;12:29;1;2;0;1;0;0;1;1;2;1;2;0;0;1;2;
Josh Harrellson;;17:48;5;9;2;3;0;0;3;1;4;1;0;2;1;3;12;
Josh Harrellson;;3:28;0;0;0;0;0;0;0;0;0;0;0;0;0;1;0;
Josh Harrellson;;4:34;0;0;0;0;0;0;0;0;0;1;0;1;0;1;0;
Josh Harrellson;;24:21;4;8;1;3;0;0;3;3;6;1;0;1;0;2;9;
Josh Harrellson;;23:26;4;6;1;3;1;1;2;1;3;1;1;1;0;2;10;
Josh Harrellson;;2:57;0;1;0;0;0;0;1;0;1;1;0;0;0;0;0;
