╔═══════════════╤═══════════════╗
║Name		│Josh McRoberts	║
╟───────────────┼───────────────╢
║Number		│11		║
╟───────────────┼───────────────╢
║Position	│F		║
╟───────────────┼───────────────╢
║Height		│6-10		║
╟───────────────┼───────────────╢
║Weight		│240		║
╟───────────────┼───────────────╢
║Birth		│FEB 28, 1987	║
╟───────────────┼───────────────╢
║Age		│27		║
╟───────────────┼───────────────╢
║Exp		│6		║
╟───────────────┼───────────────╢
║School		│Duke		║
╚═══════════════╧═══════════════╝
Josh McRoberts;F;28:10;4;8;2;4;0;0;0;3;3;4;1;0;0;2;10;
Josh McRoberts;F;27:25;3;10;1;3;0;0;1;3;4;0;1;0;3;0;7;
Josh McRoberts;F;36:41;2;6;1;2;0;0;3;8;11;4;1;1;2;2;5;
Josh McRoberts;F;26:14;1;4;0;1;0;0;0;3;3;1;0;0;0;1;2;
Josh McRoberts;F;26:44;3;7;0;2;0;0;1;0;1;4;4;1;2;2;6;
Josh McRoberts;F;38:55;4;11;1;5;0;0;2;4;6;4;1;3;0;5;9;
Josh McRoberts;F;32:31;0;4;0;1;4;6;0;6;6;3;0;0;0;2;4;
Josh McRoberts;F;29:32;4;8;2;4;0;0;0;6;6;1;0;2;2;3;10;
Josh McRoberts;F;35:43;6;8;5;7;0;0;0;2;2;5;1;1;1;2;17;
Josh McRoberts;F;38:13;3;6;2;4;2;2;0;2;2;6;1;0;1;4;10;
Josh McRoberts;F;33:03;4;5;3;4;0;0;0;4;4;5;1;0;1;0;11;
Josh McRoberts;F;30:46;4;6;2;2;3;4;0;8;8;5;1;0;2;3;13;
Josh McRoberts;F;30:25;2;4;2;3;0;0;1;1;2;2;1;0;0;1;6;
Josh McRoberts;F;27:13;2;7;2;6;0;0;1;5;6;5;0;0;0;4;6;
Josh McRoberts;F;31:54;2;3;0;1;0;0;1;5;6;2;0;0;1;2;4;
Josh McRoberts;F;36:04;3;6;0;2;2;2;1;1;2;6;0;1;1;3;8;
Josh McRoberts;F;26:19;4;9;3;7;0;0;0;5;5;3;1;0;1;1;11;
Josh McRoberts;F;29:34;4;8;1;4;0;0;3;4;7;2;1;0;3;0;9;
Josh McRoberts;F;29:53;3;5;1;3;0;0;0;4;4;1;1;1;1;3;7;
Josh McRoberts;F;25:56;3;4;3;4;0;0;2;0;2;13;2;0;1;2;9;
Josh McRoberts;F;27:22;5;9;3;7;0;0;0;2;2;3;0;1;2;1;13;
Josh McRoberts;F;32:35;3;5;3;5;5;7;1;9;10;3;0;0;0;2;14;
Josh McRoberts;F;31:21;5;8;3;4;2;2;0;5;5;5;1;0;1;1;15;
Josh McRoberts;F;31:56;3;8;0;4;0;0;1;4;5;1;0;3;0;2;6;
Josh McRoberts;F;30:37;3;11;2;5;4;4;0;2;2;3;0;0;1;2;12;
Josh McRoberts;F;30:25;2;6;0;4;0;0;1;3;4;10;3;2;1;1;4;
Josh McRoberts;F;28:48;2;5;0;1;2;2;1;4;5;6;0;0;2;1;6;
Josh McRoberts;F;25:15;3;6;1;2;0;0;1;1;2;4;0;0;1;0;7;
Josh McRoberts;F;34:25;5;12;0;4;2;3;3;2;5;2;1;0;1;4;12;
Josh McRoberts;F;37:58;4;9;3;7;0;0;1;2;3;7;0;0;0;3;11;
Josh McRoberts;F;20:58;4;9;0;3;0;0;1;2;3;3;0;1;0;2;8;
Josh McRoberts;F;34:06;5;7;3;4;2;2;0;3;3;2;1;1;0;0;15;
Josh McRoberts;F;31:01;3;9;1;4;2;4;1;4;5;4;1;0;2;1;9;
Josh McRoberts;F;27:17;3;11;0;6;0;1;1;2;3;6;0;1;0;2;6;
Josh McRoberts;F;32:18;3;7;3;5;0;0;1;5;6;6;0;1;2;3;9;
Josh McRoberts;F;26:40;2;10;1;7;0;0;0;5;5;4;0;2;1;5;5;
Josh McRoberts;F;30:57;3;5;1;2;1;1;2;3;5;6;0;1;1;4;8;
Josh McRoberts;F;31:37;1;2;0;1;4;4;0;3;3;5;0;1;0;3;6;
Josh McRoberts;F;34:04;5;10;1;3;0;1;1;2;3;4;0;0;1;3;11;
Josh McRoberts;F;38:44;5;6;0;0;2;2;4;2;6;4;1;0;1;2;12;
Josh McRoberts;F;35:22;8;16;6;12;2;2;3;4;7;6;1;2;2;3;24;
Josh McRoberts;F;27:13;1;2;0;1;0;0;3;2;5;1;0;1;0;1;2;
Josh McRoberts;F;33:51;5;12;2;8;0;0;0;2;2;2;2;0;1;2;12;
Josh McRoberts;F;30:24;3;5;3;4;0;0;0;3;3;10;0;0;3;2;9;
Josh McRoberts;F;26:37;1;4;1;3;1;2;0;3;3;4;1;0;3;3;4;
Josh McRoberts;F;15:29;1;5;1;5;0;0;0;2;2;4;0;0;1;4;3;
Josh McRoberts;F;34:34;3;8;1;6;0;0;1;4;5;7;1;1;1;3;7;
Josh McRoberts;F;29:47;5;9;3;4;2;2;1;3;4;3;1;1;1;3;15;
Josh McRoberts;F;29:08;0;3;0;1;0;0;2;2;4;8;2;1;2;5;0;
Josh McRoberts;F;14:54;3;4;1;1;2;2;1;5;6;2;2;0;1;2;9;
Josh McRoberts;F;21:31;0;4;0;3;2;2;1;0;1;1;1;0;2;3;2;
Josh McRoberts;F;30:07;5;14;1;4;2;4;0;6;6;5;1;1;1;1;13;
Josh McRoberts;F;33:01;2;5;1;3;0;0;0;2;2;3;0;0;2;1;5;
Josh McRoberts;F;30:43;7;13;5;8;0;0;1;5;6;7;0;0;2;5;19;
Josh McRoberts;F;31:00;4;12;3;8;2;3;1;4;5;4;0;0;2;2;13;
Josh McRoberts;F;36:40;3;10;0;6;0;0;3;4;7;8;1;0;2;1;6;
Josh McRoberts;F;29:04;4;14;3;7;0;0;3;3;6;5;0;2;1;2;11;
Josh McRoberts;F;29:01;2;6;0;1;2;4;3;4;7;5;1;2;1;0;6;
Josh McRoberts;F;30:32;4;10;2;6;0;0;3;3;6;5;1;0;0;4;10;
Josh McRoberts;F;21:41;5;7;2;4;0;0;1;8;9;2;1;0;0;1;12;
Josh McRoberts;F;33:41;2;6;1;2;0;0;3;4;7;5;1;1;0;2;5;
Josh McRoberts;F;17:40;2;4;0;1;0;4;1;2;3;2;0;0;1;5;4;
Josh McRoberts;F;28:57;1;4;0;1;0;0;0;6;6;4;2;0;0;3;2;
Josh McRoberts;F;28:31;4;8;1;3;1;2;0;3;3;1;0;0;1;4;10;
Josh McRoberts;F;29:49;3;6;0;2;4;4;1;7;8;3;3;0;1;5;10;
Josh McRoberts;F;32:47;2;8;0;4;0;0;1;9;10;4;2;1;0;2;4;
Josh McRoberts;F;33:55;4;7;1;2;2;3;1;9;10;6;1;1;1;1;null;
Josh McRoberts;F;32:32;5;7;1;3;0;0;3;2;5;3;0;0;2;2;11;
Josh McRoberts;F;29:01;4;6;1;3;0;0;1;2;3;3;1;1;1;3;9;
Josh McRoberts;F;29:41;3;5;0;1;0;0;0;7;7;5;2;1;3;3;6;
Josh McRoberts;F;24:31;2;5;1;2;0;0;0;5;5;4;1;0;1;3;5;
Josh McRoberts;F;44:17;5;10;1;3;2;2;2;5;7;7;0;0;1;5;13;
Josh McRoberts;F;28:00;1;3;0;1;0;0;0;1;1;7;1;1;0;1;2;
Josh McRoberts;F;28:53;1;5;0;1;0;0;2;3;5;3;0;2;2;2;2;
Josh McRoberts;F;30:57;3;8;2;4;1;2;1;2;3;2;0;0;0;5;9;
Josh McRoberts;F;31:36;5;13;3;7;0;0;1;5;6;7;2;2;1;3;13;
Josh McRoberts;F;32:49;2;8;1;6;0;0;1;4;5;9;0;1;1;4;5;
Josh McRoberts;F;32:08;2;6;1;3;0;0;4;4;8;2;0;0;0;4;5;
