╔═══════════════╤═══════════════════════╗
║Name		│Josh Smith		║
╟───────────────┼───────────────────────╢
║Number		│6			║
╟───────────────┼───────────────────────╢
║Position	│F			║
╟───────────────┼───────────────────────╢
║Height		│6-9			║
╟───────────────┼───────────────────────╢
║Weight		│225			║
╟───────────────┼───────────────────────╢
║Birth		│DEC 05, 1985		║
╟───────────────┼───────────────────────╢
║Age		│28			║
╟───────────────┼───────────────────────╢
║Exp		│9			║
╟───────────────┼───────────────────────╢
║School		│Oak Hill Academy (VA)	║
╚═══════════════╧═══════════════════════╝
Josh Smith;F;35:16;6;17;0;2;1;2;0;9;9;3;0;2;0;3;13;
Josh Smith;F;40:16;6;14;1;3;8;9;2;10;12;5;3;2;8;2;21;
Josh Smith;F;31:11;5;12;0;2;3;9;2;4;6;2;1;2;1;4;13;
Josh Smith;F;42:34;8;23;2;8;4;6;5;8;13;7;4;5;3;0;22;
Josh Smith;F;37:35;11;16;1;1;2;3;1;10;11;5;0;1;2;4;25;
Josh Smith;F;23:43;1;6;0;3;2;4;0;2;2;2;0;0;2;1;4;
Josh Smith;F;35:26;8;17;0;3;6;10;0;8;8;1;2;1;4;5;22;
Josh Smith;F;42:03;12;22;0;3;0;3;0;6;6;0;1;0;1;2;24;
Josh Smith;F;34:10;2;10;0;0;4;8;2;4;6;6;3;0;3;1;8;
Josh Smith;F;35:37;6;12;1;1;0;1;3;2;5;4;4;1;2;1;13;
Josh Smith;F;41:17;10;24;0;2;5;7;3;5;8;2;2;0;2;2;25;
Josh Smith;F;29:39;8;12;0;2;0;1;0;2;2;2;1;2;3;2;16;
Josh Smith;F;29:59;4;10;0;2;1;5;4;5;9;7;4;1;5;2;9;
Josh Smith;F;37:36;5;20;1;4;1;1;2;4;6;6;3;0;6;2;12;
Josh Smith;F;41:12;11;19;0;4;3;9;1;11;12;3;1;1;2;5;25;
Josh Smith;F;35:02;9;16;1;3;4;5;1;7;8;7;1;4;1;1;23;
Josh Smith;F;45:30;14;27;1;5;1;4;3;7;10;8;4;1;4;3;30;
Josh Smith;F;38:13;4;12;0;1;4;4;0;6;6;2;2;1;2;1;12;
Josh Smith;F;39:31;7;15;1;3;3;6;1;9;10;3;0;4;2;4;18;
Josh Smith;F;36:48;5;17;0;2;2;6;3;8;11;1;0;0;2;3;12;
Josh Smith;F;41:09;7;18;0;3;0;1;0;4;4;4;0;2;1;3;14;
Josh Smith;F;37:19;7;17;1;3;2;2;2;8;10;4;1;1;4;3;17;
Josh Smith;F;38:05;14;20;1;1;3;4;0;3;3;3;1;3;4;2;32;
Josh Smith;F;38:57;9;24;0;1;0;3;2;9;11;7;1;1;3;4;18;
Josh Smith;F;42:31;10;19;2;3;2;4;0;6;6;5;3;1;3;5;24;
Josh Smith;F;41:49;8;24;0;3;5;6;3;3;6;3;1;2;0;5;21;
Josh Smith;F;41:37;5;17;0;2;5;9;1;5;6;2;1;0;3;1;15;
Josh Smith;F;41:20;6;21;1;3;2;2;1;8;9;5;2;6;1;3;15;
Josh Smith;F;28:46;4;14;0;1;5;8;2;5;7;4;0;1;4;2;13;
Josh Smith;F;39:08;12;24;3;6;1;5;4;7;11;1;0;1;4;3;28;
Josh Smith;F;32:31;10;17;2;2;2;4;1;7;8;2;0;0;2;3;24;
Josh Smith;F;36:38;5;17;2;5;1;5;1;5;6;1;1;1;2;2;13;
Josh Smith;F;35:24;10;23;1;3;2;3;0;4;4;1;2;4;3;3;23;
Josh Smith;F;23:00;4;11;0;1;0;0;1;6;7;1;0;2;0;2;8;
Josh Smith;F;42:55;7;19;1;5;0;8;0;10;10;2;1;0;3;2;15;
Josh Smith;F;34:24;6;16;0;4;0;1;2;1;3;2;1;2;4;3;12;
Josh Smith;F;30:02;4;9;2;3;2;4;1;6;7;1;0;1;3;1;12;
Josh Smith;F;43:52;11;23;1;5;1;3;1;7;8;6;0;3;2;2;24;
Josh Smith;F;26:58;4;14;1;5;0;0;0;2;2;3;1;1;3;4;9;
Josh Smith;F;24:39;2;8;0;3;0;0;1;5;6;1;0;1;4;4;4;
Josh Smith;F;29:35;11;19;2;4;2;3;0;1;1;3;1;1;3;4;26;
Josh Smith;F;37:20;9;20;3;4;3;7;0;5;5;1;2;1;1;4;24;
Josh Smith;F;30:02;7;13;3;6;0;0;0;4;4;3;0;0;2;1;17;
Josh Smith;F;26:58;4;9;2;5;1;2;0;0;0;3;0;0;4;2;11;
Josh Smith;F;39:43;8;12;3;7;0;0;1;4;5;5;0;1;4;5;19;
Josh Smith;F;43:46;7;23;3;11;2;3;2;6;8;5;3;3;5;5;19;
Josh Smith;F;36:23;7;15;0;4;1;3;1;6;7;3;2;2;6;2;15;
Josh Smith;F;36:58;5;16;1;6;5;8;2;5;7;0;1;3;4;3;16;
Josh Smith;F;33:10;10;20;3;7;2;3;1;7;8;2;1;1;2;6;25;
Josh Smith;F;35:48;4;9;1;3;2;3;1;2;3;2;1;0;1;1;11;
Josh Smith;F;18:51;1;6;0;2;0;0;0;0;0;2;1;0;0;1;2;
Josh Smith;F;44:13;6;13;2;6;7;10;0;8;8;7;5;4;4;3;21;
Josh Smith;F;38:21;7;12;3;5;1;2;1;7;8;3;2;1;3;1;18;
Josh Smith;F;41:27;7;19;2;6;3;5;3;2;5;4;1;0;1;3;19;
Josh Smith;F;35:39;5;15;0;4;1;2;2;4;6;2;3;2;1;3;11;
Josh Smith;;19:32;0;7;0;1;0;0;0;7;7;1;1;3;2;0;0;
Josh Smith;F;32:43;4;9;1;3;4;8;0;8;8;3;3;0;1;3;13;
Josh Smith;F;35:20;4;10;0;4;2;3;0;7;7;4;1;1;2;2;10;
Josh Smith;F;33:41;6;12;1;4;0;4;2;9;11;3;0;1;4;1;13;
Josh Smith;F;44:24;4;16;0;1;0;4;7;12;19;8;5;2;5;3;8;
Josh Smith;F;35:24;8;14;3;5;1;2;0;2;2;5;0;3;3;4;20;
Josh Smith;F;39:08;7;21;0;4;1;2;0;4;4;4;2;1;3;3;15;
Josh Smith;F;41:33;6;19;1;6;4;5;2;4;6;3;1;3;2;1;17;
Josh Smith;F;34:52;2;11;1;2;2;2;0;10;10;3;1;0;5;2;7;
Josh Smith;F;30:53;6;14;1;4;0;0;1;3;4;2;0;0;3;3;13;
Josh Smith;F;33:38;7;14;1;5;2;4;0;4;4;3;1;1;1;1;17;
Josh Smith;F;32:22;5;15;1;3;0;2;3;2;5;3;1;2;1;4;11;
Josh Smith;F;35:09;3;13;0;1;4;6;2;4;6;6;0;1;3;4;10;
Josh Smith;F;45:33;13;17;0;2;5;6;2;5;7;4;1;1;1;4;31;
Josh Smith;F;36:36;13;29;1;4;3;4;2;5;7;1;0;2;0;5;30;
Josh Smith;F;33:22;8;18;1;4;3;3;0;4;4;3;4;1;0;1;20;
Josh Smith;F;40:54;8;20;1;3;1;2;0;6;6;3;3;2;2;1;18;
Josh Smith;F;29:24;8;20;0;2;3;7;3;3;6;3;3;2;3;3;19;
Josh Smith;F;30:44;10;18;2;5;3;3;2;6;8;3;1;2;3;2;25;
Josh Smith;F;22:28;2;13;0;2;1;2;1;6;7;1;0;2;1;0;5;
Josh Smith;F;17:47;2;7;0;2;0;0;1;3;4;1;0;0;1;0;4;
Josh Smith;F;42:55;6;19;0;2;4;6;4;5;9;6;2;0;4;1;16;
