╔═══════════════╤═══════════════╗
║Name		│Jrue Holiday	║
╟───────────────┼───────────────╢
║Number		│11		║
╟───────────────┼───────────────╢
║Position	│G		║
╟───────────────┼───────────────╢
║Height		│6-4		║
╟───────────────┼───────────────╢
║Weight		│205		║
╟───────────────┼───────────────╢
║Birth		│JUN 12, 1990	║
╟───────────────┼───────────────╢
║Age		│24		║
╟───────────────┼───────────────╢
║Exp		│4		║
╟───────────────┼───────────────╢
║School		│UCLA		║
╚═══════════════╧═══════════════╝
Jrue Holiday;G;22:14;8;14;1;2;2;4;1;2;3;5;2;0;4;4;19;
Jrue Holiday;G;33:16;2;11;0;1;0;0;1;3;4;5;1;0;4;1;4;
Jrue Holiday;G;33:36;4;9;0;1;0;2;0;1;1;7;3;0;3;2;8;
Jrue Holiday;G;30:56;2;6;0;1;0;0;0;5;5;7;1;0;4;2;4;
Jrue Holiday;G;28:58;3;11;0;1;2;2;0;3;3;3;3;0;1;1;8;
Jrue Holiday;G;36:08;8;18;2;4;6;6;0;7;7;5;1;0;2;3;24;
Jrue Holiday;G;34:11;7;19;1;2;2;2;0;0;0;5;3;0;4;4;17;
Jrue Holiday;G;32:28;5;13;2;3;2;2;1;2;3;8;0;0;4;2;14;
Jrue Holiday;G;24:55;1;7;1;2;0;0;1;4;5;9;2;2;6;2;3;
Jrue Holiday;G;30:37;5;11;1;2;0;0;0;0;0;3;2;0;4;4;11;
Jrue Holiday;G;39:25;5;15;0;1;3;4;0;5;5;13;4;0;4;2;13;
Jrue Holiday;G;35:53;8;17;0;2;0;0;1;1;2;7;0;0;5;4;16;
Jrue Holiday;G;27:11;2;11;0;1;3;3;1;2;3;5;0;1;3;1;7;
Jrue Holiday;G;33:48;8;12;2;2;1;1;0;3;3;6;2;0;5;3;19;
Jrue Holiday;G;29:29;6;9;0;1;2;2;1;5;6;12;0;0;1;1;14;
Jrue Holiday;G;26:19;7;14;0;2;0;0;1;3;4;4;1;0;3;5;14;
Jrue Holiday;G;37:49;5;10;1;1;4;5;0;3;3;11;3;1;3;4;15;
Jrue Holiday;G;32:31;6;17;0;2;0;0;4;5;9;7;3;2;3;1;12;
Jrue Holiday;G;37:05;7;16;3;5;0;0;1;3;4;7;2;0;2;2;17;
Jrue Holiday;G;40:34;8;13;1;2;3;4;2;5;7;13;3;1;1;4;20;
Jrue Holiday;G;36:20;5;12;0;3;1;2;1;4;5;9;0;0;5;3;11;
Jrue Holiday;G;39:12;7;19;0;2;0;0;2;5;7;10;1;1;2;4;14;
Jrue Holiday;G;36:17;10;17;4;5;2;2;1;3;4;9;0;0;3;4;26;
Jrue Holiday;G;32:51;6;12;0;2;4;5;4;4;8;6;4;0;5;3;16;
Jrue Holiday;G;40:32;8;14;2;3;1;2;0;4;4;8;2;1;4;2;19;
Jrue Holiday;G;37:04;7;14;3;7;3;4;0;2;2;12;1;0;0;2;20;
Jrue Holiday;G;31:00;6;13;0;3;0;0;1;3;4;7;1;1;4;5;12;
Jrue Holiday;G;27:28;4;9;0;1;3;3;1;2;3;6;1;0;3;3;11;
Jrue Holiday;G;35:54;5;11;1;4;2;2;0;5;5;10;2;0;1;1;13;
Jrue Holiday;G;36:19;6;14;0;1;1;1;0;3;3;7;1;0;2;4;13;
Jrue Holiday;G;34:13;7;13;3;4;0;0;1;4;5;10;2;0;2;2;17;
Jrue Holiday;G;29:17;8;13;1;1;0;0;1;3;4;8;4;0;2;5;17;
Jrue Holiday;G;31:45;1;9;0;1;1;2;0;3;3;9;0;1;4;1;3;
Jrue Holiday;G;37:51;14;28;1;2;2;2;0;7;7;13;1;1;2;1;31;
