╔═══════════════╤═══════════════╗
║Name		│Julyan Stone	║
╟───────────────┼───────────────╢
║Number		│77		║
╟───────────────┼───────────────╢
║Position	│G		║
╟───────────────┼───────────────╢
║Height		│6-6		║
╟───────────────┼───────────────╢
║Weight		│200		║
╟───────────────┼───────────────╢
║Birth		│DEC 07, 1988	║
╟───────────────┼───────────────╢
║Age		│25		║
╟───────────────┼───────────────╢
║Exp		│2		║
╟───────────────┼───────────────╢
║School		│Texas-El Paso	║
╚═══════════════╧═══════════════╝
Julyan Stone;;2:21;0;0;0;0;0;0;0;0;0;0;1;0;0;0;0;
Julyan Stone;;1:09;0;0;0;0;0;0;0;0;0;0;0;0;0;0;0;
Julyan Stone;;12:59;0;1;0;0;0;0;1;5;6;0;0;0;1;1;0;
Julyan Stone;;7:24;0;1;0;1;0;0;0;3;3;0;1;0;0;1;0;
Julyan Stone;;4:13;0;0;0;0;0;0;0;2;2;1;0;0;1;1;0;
Julyan Stone;;0:05;0;0;0;0;0;0;0;0;0;0;0;0;0;0;0;
Julyan Stone;;3:23;0;0;0;0;0;0;0;2;2;1;0;0;0;1;0;
Julyan Stone;;0:05;0;0;0;0;0;0;0;0;0;0;0;0;0;0;0;
Julyan Stone;;0:10;0;0;0;0;0;0;0;0;0;0;0;0;0;0;0;
Julyan Stone;;3:34;0;0;0;0;0;0;0;0;0;0;0;0;0;0;0;
Julyan Stone;;8:37;0;1;0;1;0;0;0;0;0;2;0;0;0;1;0;
Julyan Stone;;3:37;1;1;1;1;0;0;0;0;0;0;0;0;1;0;3;
Julyan Stone;;12:00;2;2;1;1;2;3;0;2;2;1;0;0;0;0;7;
Julyan Stone;;1:18;0;0;0;0;0;0;0;0;0;0;0;0;0;0;0;
Julyan Stone;;0:44;0;0;0;0;0;0;0;0;0;0;0;0;0;0;0;
Julyan Stone;;6:16;0;0;0;0;0;0;0;1;1;1;0;0;0;0;0;
Julyan Stone;;9:20;0;2;0;1;0;0;0;2;2;2;1;0;0;0;0;
Julyan Stone;;10:08;0;1;0;1;0;0;0;0;0;1;0;0;0;3;0;
Julyan Stone;;17:48;0;3;0;2;0;0;1;0;1;0;0;0;1;2;0;
Julyan Stone;;11:22;3;3;0;0;0;0;0;1;1;3;0;0;1;2;6;
Julyan Stone;;3:31;1;2;0;0;0;0;0;0;0;0;0;0;0;1;2;
