╔═══════════════╤═══════════════╗
║Name		│Kawhi Leonard	║
╟───────────────┼───────────────╢
║Number		│2		║
╟───────────────┼───────────────╢
║Position	│F-G		║
╟───────────────┼───────────────╢
║Height		│6-7		║
╟───────────────┼───────────────╢
║Weight		│230		║
╟───────────────┼───────────────╢
║Birth		│JUN 29, 1991	║
╟───────────────┼───────────────╢
║Age		│23		║
╟───────────────┼───────────────╢
║Exp		│2		║
╟───────────────┼───────────────╢
║School		│San Diego State║
╚═══════════════╧═══════════════╝
Kawhi Leonard;F;28:07;1;5;1;3;5;8;1;3;4;4;1;1;1;4;8;
Kawhi Leonard;F;29:43;5;8;0;1;0;0;0;4;4;0;0;0;4;2;10;
Kawhi Leonard;F;32:30;7;9;2;4;1;3;1;5;6;1;2;0;1;1;17;
Kawhi Leonard;F;26:21;5;9;1;2;1;1;1;7;8;0;1;0;0;1;12;
Kawhi Leonard;F;36:13;8;11;1;1;0;0;1;5;6;2;2;2;2;3;17;
Kawhi Leonard;F;32:59;4;6;1;1;4;4;0;6;6;3;2;1;1;2;13;
Kawhi Leonard;F;33:27;6;12;2;6;1;1;0;7;7;6;3;2;0;3;15;
Kawhi Leonard;F;29:12;3;4;1;2;0;0;2;7;9;2;2;0;0;4;7;
Kawhi Leonard;F;20:58;5;9;0;1;1;1;0;5;5;1;0;1;1;1;11;
Kawhi Leonard;F;15:05;1;2;1;2;0;0;1;0;1;1;1;0;2;1;3;
Kawhi Leonard;F;28:57;5;9;1;2;4;4;1;5;6;4;2;2;2;1;15;
Kawhi Leonard;F;30:14;4;9;2;4;2;2;0;8;8;1;3;2;3;2;12;
Kawhi Leonard;F;34:02;6;9;3;5;1;1;2;5;7;1;1;1;2;2;16;
Kawhi Leonard;F;26:02;7;10;2;2;2;2;2;3;5;3;4;4;3;3;18;
Kawhi Leonard;F;30:22;4;13;1;4;2;2;0;5;5;0;5;0;1;4;11;
Kawhi Leonard;F;37:53;5;6;1;2;6;7;0;7;7;4;2;2;3;1;17;
Kawhi Leonard;F;28:47;6;12;2;4;2;2;0;9;9;1;0;0;3;1;16;
Kawhi Leonard;F;34:58;6;8;0;1;0;0;2;7;9;1;2;1;1;2;12;
Kawhi Leonard;F;20:30;3;8;0;1;3;3;0;4;4;2;2;2;1;1;9;
Kawhi Leonard;F;27:25;4;8;2;2;1;2;0;6;6;3;0;1;0;0;11;
Kawhi Leonard;F;34:15;8;12;1;3;5;6;0;10;10;4;2;1;0;2;22;
Kawhi Leonard;F;30:54;4;11;2;6;5;6;1;6;7;1;1;1;0;3;15;
Kawhi Leonard;F;33:43;5;14;2;4;4;4;2;5;7;0;1;2;2;2;16;
Kawhi Leonard;F;25:53;6;9;1;3;2;2;1;4;5;2;0;1;1;0;15;
Kawhi Leonard;F;35:05;3;8;1;2;1;1;2;4;6;1;3;3;1;2;8;
Kawhi Leonard;F;22:51;6;11;2;3;0;1;1;3;4;6;2;3;2;1;14;
Kawhi Leonard;F;22:36;4;9;2;4;5;6;0;5;5;2;1;1;0;1;15;
Kawhi Leonard;F;36:44;5;9;2;4;1;2;3;8;11;2;1;1;1;1;13;
Kawhi Leonard;F;29:25;4;9;0;3;3;3;0;4;4;1;4;0;1;0;11;
Kawhi Leonard;F;28:41;8;15;1;3;0;0;0;2;2;3;3;0;2;4;17;
Kawhi Leonard;F;29:45;12;13;2;2;0;0;0;3;3;5;0;0;1;1;26;
Kawhi Leonard;F;26:58;5;10;0;2;1;1;0;6;6;1;2;1;0;3;11;
Kawhi Leonard;F;36:57;5;14;2;6;4;5;6;10;16;5;2;0;2;2;16;
Kawhi Leonard;F;33:54;7;14;2;4;2;3;1;4;5;4;3;0;0;1;18;
Kawhi Leonard;F;23:43;6;10;2;5;0;0;0;5;5;4;0;2;0;3;14;
Kawhi Leonard;F;30:15;5;9;2;2;2;2;1;6;7;1;0;2;4;2;14;
Kawhi Leonard;F;31:34;6;15;0;4;3;3;2;9;11;0;1;0;0;3;15;
Kawhi Leonard;F;26:26;4;9;0;0;1;1;0;1;1;1;2;0;1;2;9;
Kawhi Leonard;F;33:51;7;14;0;2;0;0;0;3;3;2;2;0;2;3;14;
Kawhi Leonard;F;27:15;4;9;0;2;0;0;1;5;6;1;1;0;3;3;8;
Kawhi Leonard;F;30:52;6;8;1;2;0;1;2;5;7;2;4;0;0;1;13;
Kawhi Leonard;;23:19;7;10;1;3;3;4;0;4;4;0;1;1;0;3;18;
Kawhi Leonard;F;24:14;6;12;1;4;0;0;1;8;9;3;2;0;2;1;13;
Kawhi Leonard;F;24:07;5;7;2;4;1;2;0;3;3;2;2;0;0;0;13;
Kawhi Leonard;F;29:24;3;8;0;2;0;0;1;8;9;1;2;0;2;5;6;
Kawhi Leonard;F;31:45;7;14;1;5;1;2;2;6;8;2;5;1;0;2;16;
Kawhi Leonard;F;32:57;6;11;0;1;0;0;5;4;9;3;3;0;2;2;12;
Kawhi Leonard;F;13:01;3;4;1;1;2;2;0;3;3;0;0;1;0;1;9;
Kawhi Leonard;F;20:42;3;8;0;1;1;1;2;9;11;1;2;0;1;1;7;
Kawhi Leonard;F;37:51;6;18;1;5;1;2;3;7;10;2;4;0;1;4;14;
Kawhi Leonard;F;22:33;5;7;0;1;0;0;1;2;3;1;3;1;1;1;10;
Kawhi Leonard;F;29:14;3;8;0;3;0;0;1;3;4;1;2;3;1;1;6;
Kawhi Leonard;F;22:20;2;7;0;2;0;0;0;5;5;1;1;0;1;0;4;
Kawhi Leonard;F;36:30;8;13;2;4;0;0;1;2;3;3;0;0;1;2;18;
Kawhi Leonard;F;29:02;3;8;1;3;1;1;2;5;7;4;1;0;1;2;8;
Kawhi Leonard;F;23:55;3;8;0;0;7;8;2;3;5;0;2;0;0;1;13;
Kawhi Leonard;F;34:04;8;11;3;5;0;0;0;6;6;5;2;1;1;2;19;
Kawhi Leonard;F;30:45;6;8;1;3;0;0;1;2;3;2;2;0;2;1;13;
Kawhi Leonard;F;31:33;6;11;0;2;0;0;4;4;8;1;1;0;1;4;12;
Kawhi Leonard;F;30:52;5;15;2;3;2;3;2;4;6;2;2;0;2;3;14;
Kawhi Leonard;F;35:04;8;14;1;1;4;7;1;9;10;3;1;0;1;0;21;
Kawhi Leonard;F;31:03;5;12;2;5;1;1;3;7;10;2;1;0;1;1;13;
Kawhi Leonard;F;29:19;6;14;0;2;1;1;3;4;7;0;0;0;2;3;13;
Kawhi Leonard;F;28:02;3;6;0;2;1;2;1;7;8;2;2;1;2;5;7;
Kawhi Leonard;F;28:41;2;6;1;3;0;0;1;1;2;3;1;0;0;1;5;
Kawhi Leonard;F;26:51;3;6;0;1;0;0;2;4;6;1;2;1;1;2;6;
