╔═══════════════╤═══════════════╗
║Name		│Kelly Olynyk	║
╟───────────────┼───────────────╢
║Number		│41		║
╟───────────────┼───────────────╢
║Position	│C-F		║
╟───────────────┼───────────────╢
║Height		│7-0		║
╟───────────────┼───────────────╢
║Weight		│238		║
╟───────────────┼───────────────╢
║Birth		│APR 19, 1991	║
╟───────────────┼───────────────╢
║Age		│23		║
╟───────────────┼───────────────╢
║Exp		│R		║
╟───────────────┼───────────────╢
║School		│Gonzaga	║
╚═══════════════╧═══════════════╝
Kelly Olynyk;;7:41;1;1;1;1;0;0;1;0;1;0;0;0;0;1;3;
Kelly Olynyk;;7:53;0;1;0;0;3;4;0;1;1;0;0;0;1;3;3;
Kelly Olynyk;;24:22;3;6;1;2;0;0;3;5;8;1;0;2;1;5;7;
Kelly Olynyk;;21:18;2;5;0;1;2;2;1;1;2;4;1;0;4;6;6;
Kelly Olynyk;;17:57;3;5;1;2;0;2;0;4;4;1;0;0;1;4;7;
Kelly Olynyk;;12:06;1;4;0;1;2;2;1;2;3;0;0;2;0;3;4;
Kelly Olynyk;;13:33;1;4;0;0;3;4;2;1;3;1;0;0;0;0;5;
Kelly Olynyk;;21:46;2;5;0;0;0;0;4;3;7;0;2;0;0;4;4;
Kelly Olynyk;;4:05;0;2;0;0;0;0;1;1;2;0;0;0;1;1;0;
Kelly Olynyk;;32:49;11;17;1;4;2;2;2;3;5;7;2;1;1;5;25;
Kelly Olynyk;;16:56;3;6;1;1;2;2;2;3;5;2;1;0;1;5;9;
Kelly Olynyk;;13:02;3;7;0;0;0;0;1;0;1;0;1;0;0;3;6;
Kelly Olynyk;;14:59;2;6;0;1;0;0;1;2;3;1;0;0;0;2;4;
Kelly Olynyk;;16:44;2;5;0;1;0;0;2;1;3;1;0;0;2;2;4;
Kelly Olynyk;;14:04;1;6;0;1;1;2;3;2;5;0;1;2;1;2;3;
Kelly Olynyk;;19:22;3;6;0;1;2;2;2;5;7;1;0;1;1;4;8;
Kelly Olynyk;;18:39;4;8;1;3;0;0;1;3;4;3;0;2;1;2;9;
Kelly Olynyk;;7:45;0;0;0;0;1;2;0;2;2;0;0;0;0;2;1;
Kelly Olynyk;;11:39;0;2;0;1;1;2;1;1;2;1;0;0;2;3;1;
Kelly Olynyk;;26:14;3;5;1;1;4;4;4;5;9;5;1;0;2;4;11;
Kelly Olynyk;;22:08;2;7;0;2;2;2;2;4;6;0;0;0;1;5;6;
Kelly Olynyk;;21:13;6;11;1;2;1;1;4;7;11;3;0;0;3;2;14;
Kelly Olynyk;;30:54;6;11;0;3;3;5;1;9;10;2;0;1;1;2;15;
Kelly Olynyk;;24:22;3;10;1;3;0;0;3;3;6;3;1;1;1;5;7;
Kelly Olynyk;;18:27;2;8;0;2;0;0;3;2;5;2;2;0;0;3;4;
Kelly Olynyk;;19:19;1;4;1;2;1;2;2;4;6;2;0;0;1;3;4;
Kelly Olynyk;;28:01;8;13;1;2;4;4;4;4;8;4;1;0;0;3;21;
Kelly Olynyk;;27:21;6;12;3;6;4;4;2;3;5;3;0;1;2;4;19;
Kelly Olynyk;;17:09;4;7;1;1;4;4;3;4;7;0;0;0;6;6;13;
Kelly Olynyk;;17:49;7;10;1;1;3;6;3;3;6;2;0;0;1;5;18;
Kelly Olynyk;;21:08;1;9;0;1;1;2;5;2;7;0;1;1;1;4;3;
Kelly Olynyk;;17:51;2;5;0;1;0;0;4;2;6;1;0;0;1;2;4;
Kelly Olynyk;;28:42;4;8;0;2;0;0;5;5;10;0;2;1;2;4;8;
Kelly Olynyk;;16:29;4;5;1;1;0;0;0;1;1;1;2;1;2;3;9;
Kelly Olynyk;;27:13;6;11;1;4;3;3;3;6;9;1;1;0;1;2;16;
Kelly Olynyk;;20:21;4;6;1;1;1;1;0;5;5;1;0;0;1;2;10;
Kelly Olynyk;;16:03;1;5;0;1;2;2;1;3;4;0;0;0;1;6;4;
Kelly Olynyk;;21:47;3;7;1;1;0;0;2;3;5;1;3;0;2;1;7;
Kelly Olynyk;;19:46;4;6;0;0;2;2;0;2;2;0;1;0;1;3;10;
Kelly Olynyk;;17:34;3;4;1;2;0;0;2;1;3;1;0;0;2;2;7;
Kelly Olynyk;;18:18;3;6;1;2;0;0;4;3;7;0;0;0;4;2;7;
Kelly Olynyk;;20:52;5;10;0;3;4;6;3;1;4;1;1;0;2;5;14;
Kelly Olynyk;;19:46;6;10;2;3;0;0;2;4;6;3;0;1;1;2;14;
Kelly Olynyk;;24:08;4;6;0;1;3;4;2;7;9;2;0;2;0;3;11;
Kelly Olynyk;;15:20;2;5;1;1;0;0;3;6;9;1;0;0;1;3;5;
Kelly Olynyk;;22:05;4;6;2;3;2;2;0;2;2;0;0;0;2;2;12;
Kelly Olynyk;C;38:52;11;23;2;5;1;1;0;12;12;3;0;0;4;6;25;
Kelly Olynyk;C;35:17;10;19;2;3;6;7;3;6;9;3;0;0;2;4;28;
Kelly Olynyk;C;29:53;10;16;0;2;4;5;2;5;7;5;1;0;1;5;24;
Kelly Olynyk;;16:18;2;5;0;2;0;0;0;0;0;0;0;0;3;2;4;
Kelly Olynyk;;13:50;2;5;0;1;0;0;2;0;2;1;0;0;1;4;4;
Kelly Olynyk;;25:56;6;11;0;1;3;3;2;6;8;0;2;0;3;5;15;
Kelly Olynyk;;24:40;1;8;0;1;2;2;0;4;4;0;0;0;4;3;4;
Kelly Olynyk;;29:25;6;14;0;3;2;2;4;4;8;3;1;0;2;3;14;
Kelly Olynyk;;22:12;4;13;0;1;0;0;4;2;6;0;0;0;3;5;8;
Kelly Olynyk;C;22:45;3;9;1;2;0;0;3;5;8;4;0;1;1;5;7;
Kelly Olynyk;C;26:01;7;9;2;3;0;0;1;6;7;5;1;1;2;4;16;
Kelly Olynyk;C;33:17;1;4;0;2;4;4;3;8;11;4;0;0;4;4;6;
Kelly Olynyk;C;15:56;1;2;0;1;0;0;1;1;2;1;0;0;1;4;2;
Kelly Olynyk;;14:23;2;5;0;1;2;2;1;1;2;1;0;1;2;0;6;
Kelly Olynyk;;22:24;4;11;1;2;0;0;4;4;8;1;3;1;1;3;9;
Kelly Olynyk;C;37:29;2;9;0;2;4;4;3;5;8;3;0;0;2;5;8;
Kelly Olynyk;C;12:14;1;3;0;0;0;0;1;1;2;0;0;0;0;1;2;
Kelly Olynyk;;14:20;1;1;0;0;2;2;1;3;4;0;0;1;3;2;4;
Kelly Olynyk;;13:18;2;3;2;2;3;4;2;2;4;1;0;0;3;5;9;
Kelly Olynyk;;6:37;1;3;0;1;0;0;0;1;1;1;1;0;0;3;2;
Kelly Olynyk;;6:27;0;3;0;0;0;0;1;0;1;1;0;0;0;1;0;
Kelly Olynyk;;22:46;3;10;0;1;0;0;3;1;4;4;0;0;1;3;6;
Kelly Olynyk;;14:17;0;2;0;1;1;4;3;4;7;1;1;1;3;3;1;
Kelly Olynyk;;24:23;8;11;3;5;2;2;1;3;4;5;1;2;1;2;21;
