╔═══════════════╤═══════════════╗
║Name		│Kemba Walker	║
╟───────────────┼───────────────╢
║Number		│15		║
╟───────────────┼───────────────╢
║Position	│G		║
╟───────────────┼───────────────╢
║Height		│6-1		║
╟───────────────┼───────────────╢
║Weight		│184		║
╟───────────────┼───────────────╢
║Birth		│MAY 08, 1990	║
╟───────────────┼───────────────╢
║Age		│24		║
╟───────────────┼───────────────╢
║Exp		│2		║
╟───────────────┼───────────────╢
║School		│Connecticut	║
╚═══════════════╧═══════════════╝
Kemba Walker;G;33:13;4;10;1;4;5;5;0;7;7;3;2;0;5;1;14;
Kemba Walker;G;29:12;2;10;0;1;2;2;1;2;3;3;3;0;1;0;6;
Kemba Walker;G;35:33;12;19;4;6;2;3;0;4;4;6;1;0;2;1;30;
Kemba Walker;G;38:34;7;17;2;7;3;6;0;3;3;8;0;0;5;2;19;
Kemba Walker;G;30:31;7;17;1;4;0;0;0;1;1;7;3;0;1;2;15;
Kemba Walker;G;43:47;10;20;2;5;7;8;1;5;6;5;1;0;2;4;29;
Kemba Walker;G;39:41;9;15;2;5;5;7;1;6;7;5;1;1;3;2;25;
Kemba Walker;G;42:52;9;21;2;7;6;6;0;5;5;8;2;1;1;3;26;
Kemba Walker;G;42:40;7;16;1;3;4;6;0;2;2;10;0;0;0;0;19;
Kemba Walker;G;22:10;1;7;0;3;4;5;0;1;1;8;2;1;1;1;6;
Kemba Walker;G;32:54;3;11;1;4;0;0;0;6;6;7;1;0;3;2;7;
Kemba Walker;G;39:50;7;19;0;3;4;4;0;4;4;8;1;0;1;6;18;
Kemba Walker;G;32:17;2;9;1;6;2;2;1;8;9;9;0;2;2;1;7;
Kemba Walker;G;37:35;6;17;2;4;2;3;0;3;3;3;0;0;2;1;16;
Kemba Walker;G;42:43;8;16;3;7;3;4;0;4;4;6;1;0;3;4;22;
Kemba Walker;G;41:09;8;20;3;8;5;5;0;5;5;16;2;1;4;2;24;
Kemba Walker;G;36:19;3;11;0;4;7;10;1;4;5;8;0;0;1;2;13;
Kemba Walker;G;41:58;9;20;3;7;10;10;0;8;8;5;1;0;4;2;31;
Kemba Walker;G;34:49;3;15;1;2;4;4;0;2;2;4;1;0;2;2;11;
Kemba Walker;G;32:58;3;13;0;2;0;0;1;2;3;4;2;0;3;0;6;
Kemba Walker;G;33:38;3;8;0;3;1;2;0;2;2;8;0;0;2;2;7;
Kemba Walker;G;33:29;7;14;1;1;4;4;1;1;2;9;0;1;2;1;19;
Kemba Walker;G;35:01;5;13;1;5;9;9;0;3;3;14;2;1;1;4;20;
Kemba Walker;G;28:11;3;13;1;5;4;4;1;3;4;5;0;1;3;3;11;
Kemba Walker;G;41:11;6;15;0;0;12;12;1;5;6;7;0;1;3;4;24;
Kemba Walker;G;36:52;5;13;1;4;5;6;0;3;3;5;1;0;1;1;16;
Kemba Walker;G;33:59;3;12;1;2;0;2;0;4;4;7;3;0;4;2;7;
Kemba Walker;G;31:18;7;13;2;5;5;6;0;2;2;8;1;0;2;0;21;
Kemba Walker;G;32:40;7;18;4;6;2;2;1;3;4;7;1;1;1;1;20;
Kemba Walker;G;33:52;2;8;1;6;2;2;1;3;4;7;0;0;4;3;7;
Kemba Walker;G;32:37;10;18;4;5;2;2;0;2;2;6;1;1;0;0;26;
Kemba Walker;G;38:37;7;19;2;6;6;6;1;3;4;3;0;1;3;1;22;
Kemba Walker;G;44:59;8;21;2;6;2;2;0;5;5;12;1;0;2;0;20;
Kemba Walker;G;42:29;8;25;2;6;6;7;0;5;5;8;1;0;1;4;24;
Kemba Walker;G;38:12;6;22;0;10;9;10;1;4;5;10;1;1;1;2;21;
Kemba Walker;G;20:16;3;6;0;1;2;2;0;0;0;5;0;0;0;4;8;
Kemba Walker;G;34:49;5;15;1;1;2;2;2;8;10;10;1;0;4;2;13;
Kemba Walker;G;41:52;7;23;3;8;3;4;0;4;4;7;3;0;3;2;20;
Kemba Walker;G;43:36;6;21;3;6;2;2;0;4;4;12;0;0;3;2;17;
Kemba Walker;G;24:39;1;9;1;5;2;4;0;0;0;7;0;0;1;0;5;
Kemba Walker;G;39:55;6;16;0;6;10;11;0;7;7;8;1;1;0;0;22;
Kemba Walker;G;34:43;5;10;0;1;2;2;1;1;2;5;4;0;3;3;12;
Kemba Walker;G;37:31;8;14;3;6;4;8;0;4;4;7;3;2;4;2;23;
Kemba Walker;G;27:09;7;19;0;5;0;0;1;1;2;0;0;0;1;3;14;
Kemba Walker;G;35:20;9;20;3;7;4;5;0;5;5;6;1;0;3;2;25;
Kemba Walker;G;38:31;2;13;1;5;0;0;0;4;4;7;1;1;0;0;5;
Kemba Walker;G;38:07;8;22;1;5;8;8;1;2;3;5;0;1;0;0;25;
Kemba Walker;G;32:21;3;11;0;2;6;7;1;1;2;3;1;0;4;4;12;
Kemba Walker;G;34:07;1;13;0;3;1;2;2;7;9;2;3;0;2;1;3;
Kemba Walker;G;36:03;4;19;1;5;3;5;0;5;5;7;5;2;4;3;12;
Kemba Walker;G;33:47;7;18;3;5;5;6;0;3;3;2;1;1;1;1;22;
Kemba Walker;G;34:46;3;14;0;2;2;2;0;3;3;3;2;0;0;2;8;
Kemba Walker;G;35:10;12;20;4;7;3;4;2;3;5;2;1;1;2;1;31;
Kemba Walker;G;37:22;7;18;0;4;2;3;0;5;5;6;1;0;1;3;16;
Kemba Walker;G;27:57;5;10;1;3;0;1;1;3;4;3;1;0;4;0;11;
Kemba Walker;G;34:02;11;17;1;2;5;6;2;4;6;5;0;0;3;2;28;
Kemba Walker;G;35:47;3;17;2;4;7;7;0;5;5;3;2;0;3;0;15;
Kemba Walker;G;32:25;3;10;1;4;3;4;0;5;5;2;0;0;6;1;10;
Kemba Walker;G;41:37;10;22;2;8;5;6;1;1;2;6;2;0;6;0;27;
Kemba Walker;G;34:56;7;15;2;5;0;0;1;6;7;5;0;1;0;0;16;
Kemba Walker;G;38:24;6;13;2;4;4;6;0;2;2;10;3;0;0;0;18;
Kemba Walker;G;37:19;10;18;2;5;9;11;1;4;5;5;0;0;2;1;31;
Kemba Walker;G;35:45;4;18;0;4;2;2;1;1;2;4;3;4;5;2;10;
Kemba Walker;G;34:34;5;14;1;3;2;2;1;4;5;4;0;0;3;1;13;
Kemba Walker;G;35:08;10;13;2;4;2;2;2;1;3;8;1;0;2;2;24;
Kemba Walker;G;33:18;7;13;4;8;6;7;0;3;3;5;1;1;1;0;24;
Kemba Walker;G;43:58;10;18;4;7;5;7;1;4;5;1;3;0;6;5;29;
Kemba Walker;G;35:19;12;17;1;2;9;9;1;6;7;3;3;1;4;3;34;
Kemba Walker;G;33:40;9;16;1;2;1;2;3;2;5;4;1;1;5;1;20;
Kemba Walker;G;38:31;10;22;2;5;3;5;0;9;9;10;0;0;3;3;25;
Kemba Walker;G;36:26;6;17;2;4;4;6;0;4;4;7;1;0;0;1;18;
Kemba Walker;G;35:04;4;20;3;6;5;6;0;1;1;5;0;1;1;3;16;
Kemba Walker;G;41:53;6;17;1;1;5;5;1;5;6;4;1;0;3;2;18;
