╔═══════════════╤═══════════════════════╗
║Name		│Kendrick Perkins	║
╟───────────────┼───────────────────────╢
║Number		│5			║
╟───────────────┼───────────────────────╢
║Position	│C			║
╟───────────────┼───────────────────────╢
║Height		│6-10			║
╟───────────────┼───────────────────────╢
║Weight		│270			║
╟───────────────┼───────────────────────╢
║Birth		│NOV 10, 1984		║
╟───────────────┼───────────────────────╢
║Age		│29			║
╟───────────────┼───────────────────────╢
║Exp		│10			║
╟───────────────┼───────────────────────╢
║School		│Clifton J. Ozen HS (TX)║
╚═══════════════╧═══════════════════════╝
Kendrick Perkins;C;17:20;3;7;0;0;2;2;1;5;6;1;1;0;1;1;8;
Kendrick Perkins;C;20:30;0;0;0;0;0;0;0;7;7;2;0;2;2;5;0;
Kendrick Perkins;C;26:18;5;9;0;0;2;2;3;3;6;2;1;1;1;2;12;
Kendrick Perkins;C;16:26;3;7;0;0;0;0;4;1;5;1;1;0;2;3;6;
Kendrick Perkins;C;21:14;3;5;0;0;0;1;1;0;1;0;0;0;1;2;6;
Kendrick Perkins;C;20:39;1;5;0;0;1;2;3;5;8;0;0;0;4;3;3;
Kendrick Perkins;C;16:57;1;2;0;0;0;0;2;2;4;1;0;1;3;4;2;
Kendrick Perkins;C;26:09;2;4;0;0;0;0;1;7;8;2;2;1;1;5;4;
Kendrick Perkins;C;24:06;3;5;0;0;0;2;2;10;12;2;2;0;2;3;6;
Kendrick Perkins;C;25:06;2;8;0;1;3;7;3;3;6;3;1;0;4;1;7;
Kendrick Perkins;C;27:01;2;4;0;0;0;0;3;5;8;2;1;1;1;4;4;
Kendrick Perkins;C;21:23;1;3;0;0;0;0;0;3;3;1;0;0;0;5;2;
Kendrick Perkins;C;22:29;2;5;0;0;2;4;2;7;9;1;0;0;2;1;6;
Kendrick Perkins;C;21:04;1;4;0;0;1;2;2;5;7;1;0;0;3;3;3;
Kendrick Perkins;C;19:12;2;2;0;0;2;4;1;6;7;1;0;0;2;1;6;
Kendrick Perkins;C;4:36;0;0;0;0;0;0;0;0;0;0;0;0;0;0;0;
Kendrick Perkins;C;23:16;4;9;0;0;0;0;1;7;8;1;0;1;2;2;8;
Kendrick Perkins;C;20:23;0;3;0;0;0;0;3;3;6;1;0;0;3;2;0;
Kendrick Perkins;C;25:24;0;1;0;0;1;2;0;8;8;0;1;2;3;4;1;
Kendrick Perkins;C;21:27;2;7;0;0;2;3;5;7;12;2;1;0;2;4;6;
Kendrick Perkins;C;19:10;2;2;0;0;0;0;1;3;4;1;1;1;2;3;4;
Kendrick Perkins;C;23:42;2;2;0;0;1;2;0;11;11;1;0;0;1;3;5;
Kendrick Perkins;C;26:59;1;3;0;0;0;0;0;3;3;1;0;0;1;4;2;
Kendrick Perkins;C;17:18;2;3;0;0;0;0;1;1;2;0;0;2;1;4;4;
Kendrick Perkins;C;7:31;0;0;0;0;0;0;0;1;1;0;0;0;1;2;0;
Kendrick Perkins;C;11:59;0;0;0;0;0;0;0;1;1;1;0;1;1;3;0;
Kendrick Perkins;C;13:29;2;3;0;0;0;2;1;2;3;0;0;0;0;2;4;
Kendrick Perkins;C;14:29;1;2;0;0;1;2;2;1;3;1;0;0;0;3;3;
Kendrick Perkins;C;21:47;3;3;0;0;0;0;1;3;4;0;0;1;0;2;6;
Kendrick Perkins;C;17:34;1;3;0;0;0;0;0;5;5;1;1;0;0;2;2;
Kendrick Perkins;C;22:38;1;3;0;0;0;0;1;7;8;1;1;0;1;2;2;
Kendrick Perkins;C;22:08;2;5;0;0;0;0;1;5;6;1;0;1;3;2;4;
Kendrick Perkins;C;16:45;1;3;0;0;3;4;5;2;7;0;0;0;1;5;5;
Kendrick Perkins;C;26:45;2;4;0;0;0;0;2;6;8;1;1;0;1;4;4;
Kendrick Perkins;C;16:41;3;3;0;0;0;0;0;1;1;1;1;1;2;3;6;
Kendrick Perkins;C;16:03;1;3;0;0;1;2;0;1;1;1;1;0;1;2;3;
Kendrick Perkins;C;14:09;2;4;0;0;0;0;2;4;6;0;0;0;3;1;4;
Kendrick Perkins;C;16:53;0;2;0;0;0;0;1;2;3;0;0;2;1;4;0;
Kendrick Perkins;C;19:16;0;3;0;0;1;2;1;3;4;3;0;0;1;3;1;
Kendrick Perkins;C;18:32;1;1;0;0;0;2;1;4;5;3;0;0;2;3;2;
Kendrick Perkins;C;14:40;1;4;0;0;0;0;3;2;5;2;0;0;2;3;2;
Kendrick Perkins;C;19:53;3;6;0;0;0;0;2;2;4;1;0;0;1;1;6;
Kendrick Perkins;C;21:22;2;4;0;0;0;0;1;0;1;2;0;1;0;5;4;
Kendrick Perkins;C;17:29;0;2;0;0;2;2;2;2;4;1;0;0;1;3;2;
Kendrick Perkins;C;12:14;1;2;0;0;2;2;0;3;3;0;2;1;1;1;4;
Kendrick Perkins;C;21:44;3;4;0;0;0;1;1;3;4;0;0;1;2;5;6;
Kendrick Perkins;C;15:49;0;0;0;0;1;2;0;1;1;3;0;1;1;1;1;
Kendrick Perkins;C;17:20;0;0;0;0;0;0;0;3;3;0;2;0;2;4;0;
Kendrick Perkins;C;14:41;1;2;0;0;0;0;1;0;1;2;0;1;0;0;2;
Kendrick Perkins;C;22:00;2;2;0;0;2;2;2;5;7;0;0;2;1;1;6;
Kendrick Perkins;C;23:53;1;1;0;0;2;2;2;2;4;2;1;1;1;3;4;
Kendrick Perkins;C;13:39;0;1;0;0;0;0;1;1;2;2;0;0;0;4;0;
Kendrick Perkins;C;16:55;3;4;0;0;0;0;1;2;3;4;0;0;3;4;6;
Kendrick Perkins;C;25:35;1;4;0;0;2;3;2;3;5;1;0;1;1;5;4;
Kendrick Perkins;C;12:51;1;1;0;0;1;2;1;2;3;1;0;0;2;3;3;
Kendrick Perkins;C;20:47;0;0;0;0;0;0;0;4;4;1;1;0;1;4;0;
Kendrick Perkins;C;14:51;0;2;0;0;2;2;1;3;4;1;0;2;2;5;2;
Kendrick Perkins;C;18:47;0;1;0;0;0;0;0;3;3;0;0;0;2;4;0;
Kendrick Perkins;C;21:10;2;2;0;0;0;0;0;4;4;1;1;0;0;1;4;
Kendrick Perkins;C;25:27;0;3;0;0;0;2;4;6;10;1;1;1;3;1;0;
Kendrick Perkins;C;22:45;1;2;0;0;0;0;1;8;9;0;1;1;1;4;2;
Kendrick Perkins;C;27:55;1;4;0;0;0;0;0;4;4;1;0;1;1;3;2;
