╔═══════════════╤═══════════════════════╗
║Name		│Kendall Marshall	║
╟───────────────┼───────────────────────╢
║Number		│12			║
╟───────────────┼───────────────────────╢
║Position	│G			║
╟───────────────┼───────────────────────╢
║Height		│6-4			║
╟───────────────┼───────────────────────╢
║Weight		│195			║
╟───────────────┼───────────────────────╢
║Birth		│AUG 19, 1991		║
╟───────────────┼───────────────────────╢
║Age		│22			║
╟───────────────┼───────────────────────╢
║Exp		│1			║
╟───────────────┼───────────────────────╢
║School		│North Carolina		║
╚═══════════════╧═══════════════════════╝
Kendall Marshall;G;40:36;8;12;2;3;2;2;0;6;6;15;0;0;1;1;20;
Kendall Marshall;G;38:32;3;10;1;5;2;2;0;6;6;17;2;0;3;3;9;
Kendall Marshall;G;33:24;7;10;3;5;1;2;0;3;3;6;0;0;6;0;18;
Kendall Marshall;G;37:42;2;13;1;6;0;0;0;5;5;8;1;0;6;4;5;
Kendall Marshall;G;40:20;6;11;3;4;1;1;2;2;4;10;0;0;2;1;16;
Kendall Marshall;G;37:36;4;11;2;6;0;0;0;2;2;16;1;0;3;1;10;
Kendall Marshall;G;43:04;4;16;2;6;0;0;0;2;2;13;0;0;2;3;10;
Kendall Marshall;G;44:08;7;11;4;5;1;1;0;4;4;14;1;0;7;1;19;
Kendall Marshall;G;36:43;4;10;2;3;0;0;1;3;4;11;0;0;2;2;10;
Kendall Marshall;G;39:42;1;4;1;4;0;0;0;2;2;8;2;0;4;1;3;
Kendall Marshall;G;35:47;2;6;1;3;1;3;0;3;3;11;1;0;3;2;6;
Kendall Marshall;G;38:15;7;14;5;7;0;0;0;3;3;14;1;0;1;3;19;
Kendall Marshall;G;37:36;5;11;2;5;0;0;1;1;2;5;0;0;1;1;12;
Kendall Marshall;G;39:19;5;11;1;3;0;1;0;2;2;13;0;0;1;1;11;
Kendall Marshall;G;35:26;5;11;0;3;0;0;1;5;6;12;1;0;3;5;10;
Kendall Marshall;;20:52;2;5;1;1;0;0;0;3;3;3;0;0;1;1;5;
Kendall Marshall;;24:57;4;6;4;6;0;0;1;3;4;7;1;0;1;1;12;
Kendall Marshall;;19:53;3;6;1;2;0;0;0;0;0;10;1;0;1;2;7;
Kendall Marshall;;36:59;5;6;3;3;0;0;0;2;2;11;0;1;5;0;13;
Kendall Marshall;;31:59;3;13;0;3;1;1;1;2;3;7;3;0;4;1;7;
Kendall Marshall;G;43:52;6;13;2;7;0;1;0;7;7;17;1;0;3;1;14;
Kendall Marshall;G;42:43;7;13;4;6;2;4;0;1;1;16;3;0;4;1;20;
Kendall Marshall;G;25:27;2;6;1;2;0;0;1;3;4;8;1;0;4;1;5;
Kendall Marshall;G;22:41;1;4;0;1;0;0;1;2;3;7;1;1;3;2;2;
Kendall Marshall;G;18:05;0;3;0;1;0;0;0;3;3;4;1;0;4;1;0;
Kendall Marshall;G;24:07;0;6;0;3;0;0;1;4;5;8;0;0;2;0;0;
Kendall Marshall;G;19:12;0;2;0;2;0;0;0;1;1;10;0;0;4;4;0;
Kendall Marshall;G;25:21;3;9;1;2;0;0;1;5;6;11;0;0;3;0;7;
Kendall Marshall;G;21:55;0;4;0;0;0;0;0;1;1;10;1;0;2;1;0;
Kendall Marshall;G;23:41;3;8;1;4;0;0;0;4;4;7;1;0;4;0;7;
Kendall Marshall;G;26:47;3;9;2;5;0;0;1;2;3;14;1;0;1;2;8;
Kendall Marshall;G;26:55;0;3;0;3;0;2;0;5;5;10;0;0;3;1;0;
Kendall Marshall;G;22:05;3;5;1;2;1;4;0;2;2;6;1;0;2;1;8;
Kendall Marshall;G;27:55;2;9;2;4;0;0;0;3;3;9;1;0;3;2;6;
Kendall Marshall;G;23:05;4;7;1;1;1;2;1;2;3;3;0;0;2;0;10;
Kendall Marshall;G;28:54;2;8;0;2;0;0;0;2;2;7;2;0;3;2;4;
Kendall Marshall;G;28:44;2;7;0;2;0;0;0;2;2;3;2;0;5;1;4;
Kendall Marshall;G;23:22;3;7;1;2;0;0;0;2;2;9;0;0;1;0;7;
Kendall Marshall;G;28:02;2;7;1;2;0;0;0;1;1;7;2;0;5;3;5;
Kendall Marshall;G;15:20;0;6;0;4;0;0;0;0;0;3;1;0;2;2;0;
Kendall Marshall;G;36:56;6;9;0;1;1;1;0;1;1;11;3;1;3;2;13;
Kendall Marshall;G;19:15;2;4;2;3;2;2;0;6;6;5;1;0;1;3;8;
Kendall Marshall;G;32:31;3;9;1;3;0;0;0;7;7;10;2;0;3;4;7;
Kendall Marshall;G;29:10;4;9;1;5;0;0;0;2;2;8;2;1;1;1;9;
Kendall Marshall;G;42:41;4;10;0;4;2;5;0;3;3;11;0;0;5;2;10;
Kendall Marshall;G;19:02;0;4;0;2;0;0;0;0;0;4;1;0;1;1;0;
Kendall Marshall;G;19:07;3;7;1;4;0;0;1;1;2;3;1;0;1;0;7;
Kendall Marshall;G;28:50;4;9;1;4;0;0;0;0;0;9;2;0;3;0;9;
Kendall Marshall;G;23:36;1;4;0;1;0;0;0;4;4;15;2;0;3;2;2;
Kendall Marshall;G;27:32;5;7;4;4;1;2;0;2;2;11;0;0;4;2;15;
Kendall Marshall;;5:54;1;1;1;1;0;0;0;0;0;0;0;0;4;0;3;
Kendall Marshall;;3:49;0;1;0;1;0;0;1;0;1;0;0;0;0;0;0;
Kendall Marshall;;16:32;3;5;2;3;0;0;0;2;2;3;0;0;2;0;8;
Kendall Marshall;;27:53;4;7;2;4;0;0;0;1;1;7;0;0;2;0;10;
