╔═══════════════╤═══════════════╗
║Name		│Kenneth Faried	║
╟───────────────┼───────────────╢
║Number		│35		║
╟───────────────┼───────────────╢
║Position	│F		║
╟───────────────┼───────────────╢
║Height		│6-8		║
╟───────────────┼───────────────╢
║Weight		│228		║
╟───────────────┼───────────────╢
║Birth		│NOV 19, 1989	║
╟───────────────┼───────────────╢
║Age		│24		║
╟───────────────┼───────────────╢
║Exp		│2		║
╟───────────────┼───────────────╢
║School		│Morehead State	║
╚═══════════════╧═══════════════╝
Kenneth Faried;F;21:58;6;9;0;0;0;3;4;2;6;1;1;1;0;2;12;
Kenneth Faried;F;28:41;7;8;0;0;2;2;2;4;6;1;0;0;2;2;16;
Kenneth Faried;F;26:30;7;13;0;0;3;4;6;7;13;1;2;2;0;3;17;
Kenneth Faried;F;32:15;6;8;0;0;9;12;3;10;13;1;0;1;2;3;21;
Kenneth Faried;F;31:37;4;9;0;0;1;4;2;12;14;0;1;1;2;3;9;
Kenneth Faried;F;29:27;8;14;0;0;1;3;3;6;9;4;2;1;3;4;17;
Kenneth Faried;F;32:30;5;7;0;0;1;4;3;4;7;1;1;1;0;2;11;
Kenneth Faried;F;17:06;2;4;0;0;0;0;0;1;1;0;1;2;3;5;4;
Kenneth Faried;F;21:40;3;6;0;0;2;4;3;3;6;2;0;1;1;3;8;
Kenneth Faried;F;12:42;1;5;0;0;1;2;3;0;3;1;0;0;0;3;3;
Kenneth Faried;F;21:27;4;7;0;0;0;0;1;5;6;2;0;1;2;3;8;
Kenneth Faried;F;37:38;6;9;0;0;1;2;1;8;9;2;2;2;1;4;13;
Kenneth Faried;F;34:16;7;12;0;0;1;2;4;7;11;4;1;1;1;3;15;
Kenneth Faried;F;28:27;3;11;0;0;0;0;2;4;6;0;0;1;1;2;6;
Kenneth Faried;F;32:10;6;10;0;0;0;0;1;7;8;0;1;4;3;1;12;
Kenneth Faried;F;31:07;11;13;0;0;6;9;3;8;11;3;1;2;1;3;28;
Kenneth Faried;F;31:55;4;11;0;0;2;2;1;8;9;1;2;1;0;4;10;
Kenneth Faried;F;29:17;5;9;0;0;2;2;3;1;4;0;1;0;5;2;12;
Kenneth Faried;F;19:32;5;7;0;0;1;3;1;2;3;1;0;1;2;2;11;
Kenneth Faried;F;26:00;3;8;0;0;2;4;3;4;7;0;1;0;2;3;8;
Kenneth Faried;F;19:03;2;6;0;0;2;2;1;1;2;1;2;2;2;3;6;
Kenneth Faried;F;35:11;7;15;0;0;7;9;4;6;10;2;3;0;2;5;21;
Kenneth Faried;F;38:31;11;15;0;0;4;5;4;2;6;2;1;0;3;1;26;
Kenneth Faried;F;26:50;4;9;0;0;0;0;2;5;7;1;0;0;2;2;8;
Kenneth Faried;F;29:37;5;10;0;0;0;0;1;5;6;1;1;1;4;2;10;
Kenneth Faried;F;21:49;4;10;0;0;3;4;2;4;6;3;0;0;1;2;11;
Kenneth Faried;F;26:19;6;11;0;0;2;3;4;4;8;1;1;1;4;1;14;
Kenneth Faried;F;31:49;5;12;0;0;6;7;5;5;10;2;0;1;1;2;16;
Kenneth Faried;F;32:15;9;11;0;0;3;5;3;5;8;0;3;1;1;5;21;
Kenneth Faried;F;32:02;5;10;0;0;6;6;3;5;8;4;0;0;2;1;16;
Kenneth Faried;F;37:44;14;20;0;0;4;6;3;10;13;2;3;1;2;4;32;
Kenneth Faried;F;38:32;9;12;0;0;4;6;4;10;14;2;0;0;3;5;22;
Kenneth Faried;F;31:11;7;10;0;0;1;2;1;8;9;0;0;1;3;2;15;
Kenneth Faried;F;32:29;11;18;0;0;4;8;4;5;9;1;0;1;1;1;26;
Kenneth Faried;F;30:07;9;15;0;0;6;8;3;7;10;1;3;0;2;2;24;
Kenneth Faried;F;27:05;9;13;0;0;7;13;1;6;7;1;0;1;1;4;25;
Kenneth Faried;F;33:36;6;14;0;0;6;7;6;10;16;2;1;1;1;3;18;
Kenneth Faried;F;32:27;4;8;0;0;7;10;2;6;8;2;1;1;2;2;15;
Kenneth Faried;F;21:16;2;10;0;0;2;2;2;3;5;3;3;1;1;2;6;
Kenneth Faried;F;31:45;8;15;0;0;4;5;1;7;8;0;1;3;2;2;20;
Kenneth Faried;F;27:56;5;12;0;0;1;2;5;6;11;0;2;0;1;3;11;
Kenneth Faried;F;33:50;8;15;0;0;8;10;3;7;10;1;4;1;3;5;24;
Kenneth Faried;F;26:57;5;12;0;0;8;10;3;10;13;4;0;0;1;0;18;
Kenneth Faried;F;31:48;6;14;0;0;5;9;5;3;8;2;3;1;2;2;17;
Kenneth Faried;F;26:46;14;19;0;0;6;8;2;11;13;2;0;3;1;5;34;
Kenneth Faried;F;23:30;7;13;0;0;3;4;5;7;12;2;1;0;5;2;17;
Kenneth Faried;F;38:18;7;17;0;0;2;2;3;10;13;1;1;2;2;4;16;
Kenneth Faried;F;26:22;11;17;0;0;1;2;1;8;9;1;0;0;3;4;23;
Kenneth Faried;F;32:54;8;18;0;0;2;7;8;9;17;1;1;0;6;0;18;
Kenneth Faried;F;42:17;11;19;0;0;2;3;6;15;21;5;0;0;6;3;24;
Kenneth Faried;F;28:26;7;12;0;0;7;8;3;3;6;0;1;0;1;5;21;
Kenneth Faried;F;37:32;7;17;0;0;1;4;5;8;13;0;0;0;5;3;15;
Kenneth Faried;;14:58;1;4;0;1;3;4;2;3;5;0;0;0;0;1;5;
Kenneth Faried;;24:23;3;7;0;0;5;8;6;5;11;0;0;1;0;1;11;
Kenneth Faried;F;28:17;7;14;0;0;1;2;2;6;8;2;1;0;0;1;15;
Kenneth Faried;F;26:17;2;6;0;0;0;0;4;5;9;4;1;1;2;2;4;
Kenneth Faried;F;20:08;1;4;0;0;1;1;1;4;5;1;0;0;0;2;3;
Kenneth Faried;F;28:09;6;11;0;0;3;3;4;9;13;0;1;0;1;2;15;
Kenneth Faried;F;29:34;8;13;0;0;5;9;7;6;13;2;0;0;1;2;21;
Kenneth Faried;F;30:27;8;12;0;0;0;0;6;5;11;0;1;2;1;2;16;
Kenneth Faried;F;25:20;4;11;0;0;0;0;5;5;10;1;1;0;1;4;8;
Kenneth Faried;F;25:38;2;4;0;0;1;2;1;5;6;1;0;1;2;2;5;
Kenneth Faried;F;29:30;5;9;0;0;2;6;4;7;11;2;1;2;1;4;12;
Kenneth Faried;F;30:52;7;7;0;0;4;6;5;9;14;1;1;2;3;1;18;
Kenneth Faried;F;25:09;4;7;0;0;2;4;3;7;10;0;2;1;1;1;10;
Kenneth Faried;F;27:04;6;7;0;0;1;1;2;3;5;0;2;1;3;1;13;
Kenneth Faried;F;21:00;2;4;0;0;0;0;0;6;6;0;1;0;0;0;4;
Kenneth Faried;F;20:04;5;10;0;0;2;2;6;6;12;3;0;0;2;2;12;
Kenneth Faried;F;24:35;6;11;0;0;3;6;3;4;7;0;0;0;1;1;15;
Kenneth Faried;F;18:47;3;6;0;0;1;1;1;3;4;1;0;1;0;2;7;
Kenneth Faried;F;25:02;2;4;0;0;0;0;4;3;7;1;1;2;2;2;4;
Kenneth Faried;F;14:10;3;5;0;1;0;1;3;3;6;0;0;0;0;3;6;
Kenneth Faried;F;23:24;3;8;0;0;0;2;2;5;7;0;1;1;1;3;6;
Kenneth Faried;F;17:51;3;7;0;1;1;4;4;5;9;0;0;2;0;2;7;
Kenneth Faried;F;28:03;5;9;0;0;2;2;3;6;9;0;1;1;3;2;12;
Kenneth Faried;F;27:40;6;12;0;0;1;2;3;4;7;1;1;1;1;0;13;
Kenneth Faried;F;21:21;5;7;0;0;0;0;1;4;5;0;1;2;0;3;10;
Kenneth Faried;F;3:15;0;1;0;0;2;2;0;0;0;1;0;0;0;1;2;
Kenneth Faried;;12:51;0;3;0;0;3;4;1;1;2;0;0;1;0;0;3;
Kenneth Faried;F;21:51;4;8;0;0;0;0;1;3;4;0;0;1;2;2;8;
