╔═══════════════╤═══════════════╗
║Name		│Kent Bazemore	║
╟───────────────┼───────────────╢
║Number		│6		║
╟───────────────┼───────────────╢
║Position	│G		║
╟───────────────┼───────────────╢
║Height		│6-5		║
╟───────────────┼───────────────╢
║Weight		│201		║
╟───────────────┼───────────────╢
║Birth		│JUL 01, 1989	║
╟───────────────┼───────────────╢
║Age		│24		║
╟───────────────┼───────────────╢
║Exp		│1		║
╟───────────────┼───────────────╢
║School		│Old Dominion	║
╚═══════════════╧═══════════════╝
Kent Bazemore;;4:22;1;1;0;0;0;0;0;1;1;0;0;0;2;1;2;
Kent Bazemore;;14:40;1;5;0;3;2;4;0;2;2;1;1;1;1;0;4;
Kent Bazemore;;8:38;1;4;0;2;0;0;0;0;0;0;0;0;1;0;2;
Kent Bazemore;;14:07;3;4;0;1;0;0;1;0;1;1;1;1;1;1;6;
Kent Bazemore;;2:39;0;1;0;0;1;2;0;0;0;0;0;0;0;1;1;
Kent Bazemore;;4:24;0;2;0;1;0;0;0;0;0;0;0;0;0;2;0;
Kent Bazemore;;1:49;0;1;0;0;0;0;0;1;1;0;1;0;1;0;0;
Kent Bazemore;;3:12;0;1;0;1;0;0;0;0;0;0;0;0;0;0;0;
Kent Bazemore;;1:21;0;0;0;0;0;0;0;0;0;0;0;0;0;0;0;
Kent Bazemore;;0:09;0;0;0;0;0;0;0;0;0;0;0;0;0;0;0;
Kent Bazemore;;2:31;0;1;0;1;0;0;0;0;0;1;0;0;0;0;0;
Kent Bazemore;;0:41;0;0;0;0;0;0;0;0;0;0;0;0;0;0;0;
Kent Bazemore;;1:52;0;2;0;0;0;0;0;0;0;1;0;0;0;0;0;
Kent Bazemore;;0:34;0;1;0;1;0;0;0;0;0;0;0;0;0;0;0;
Kent Bazemore;;2:03;0;0;0;0;1;2;0;0;0;0;0;0;0;0;1;
Kent Bazemore;;8:26;3;7;1;3;1;2;0;1;1;0;1;0;0;2;8;
Kent Bazemore;;33:19;5;10;2;5;3;4;0;3;3;4;2;0;2;0;15;
Kent Bazemore;F;29:21;6;13;1;3;4;6;0;0;0;1;2;0;4;3;17;
Kent Bazemore;F;38:32;8;19;1;5;6;8;0;4;4;3;3;0;3;5;23;
Kent Bazemore;F;38:57;4;9;2;4;4;8;0;2;2;4;1;0;4;3;14;
Kent Bazemore;F;26:52;5;11;2;4;0;0;1;5;6;0;2;2;2;2;12;
Kent Bazemore;F;27:58;5;9;4;5;0;2;0;7;7;2;0;0;2;3;14;
Kent Bazemore;F;34:38;8;17;4;9;3;4;0;4;4;3;1;1;1;2;23;
Kent Bazemore;F;32:07;4;9;1;4;5;10;1;1;2;6;1;1;5;3;14;
Kent Bazemore;F;16:16;1;3;1;3;0;0;0;2;2;3;0;0;2;2;3;
Kent Bazemore;;20:20;5;11;1;5;0;0;0;7;7;2;0;1;1;1;11;
Kent Bazemore;;27:17;7;17;2;5;0;1;0;7;7;1;1;0;2;4;16;
Kent Bazemore;;26:07;3;9;0;2;4;6;0;3;3;1;1;0;1;1;10;
Kent Bazemore;;29:15;5;11;3;7;0;0;0;0;0;3;6;0;2;2;13;
Kent Bazemore;F;10:32;1;3;0;0;1;3;0;0;0;1;0;0;2;1;3;
Kent Bazemore;;23:35;4;7;0;1;0;0;0;2;2;8;1;0;0;4;8;
Kent Bazemore;;32:46;7;14;2;4;2;2;0;2;2;5;1;0;2;3;18;
Kent Bazemore;;17:40;4;7;1;1;0;2;0;0;0;2;0;0;5;4;9;
Kent Bazemore;F;35:36;9;18;1;4;2;3;1;3;4;4;3;1;1;5;21;
Kent Bazemore;F;32:44;3;7;1;2;5;5;0;6;6;5;2;1;5;4;12;
Kent Bazemore;F;30:21;6;10;2;4;3;4;0;4;4;1;2;0;1;2;17;
Kent Bazemore;F;30:52;6;18;2;6;0;0;1;6;7;6;2;0;3;2;14;
Kent Bazemore;F;36:53;4;11;0;5;5;5;1;2;3;2;0;0;1;3;13;
Kent Bazemore;F;11:25;1;3;0;1;0;0;0;2;2;4;0;0;0;1;2;
Kent Bazemore;;12:13;2;5;2;2;1;2;0;1;1;4;1;0;1;0;7;
Kent Bazemore;;2:57;0;0;0;0;0;0;0;0;0;1;0;0;0;0;0;
Kent Bazemore;;13:20;3;5;0;1;0;0;1;1;2;0;0;0;1;2;6;
Kent Bazemore;;13:02;2;6;1;2;2;4;1;2;3;1;2;1;2;2;7;
Kent Bazemore;;1:30;0;0;0;0;0;0;0;0;0;0;1;0;0;0;0;
Kent Bazemore;;7:27;1;3;0;1;1;2;0;0;0;1;1;0;1;0;3;
Kent Bazemore;;9:00;1;2;1;1;0;0;0;1;1;0;0;0;3;3;3;
Kent Bazemore;;2:59;1;1;0;0;0;0;0;0;0;0;0;0;0;0;2;
Kent Bazemore;;2:46;0;1;0;0;0;0;0;0;0;0;0;0;1;0;0;
Kent Bazemore;;5:15;0;1;0;1;0;0;0;0;0;0;0;0;1;1;0;
Kent Bazemore;;8:22;1;4;0;1;0;0;0;2;2;0;0;0;1;2;2;
Kent Bazemore;;11:28;1;2;0;0;3;6;0;3;3;0;0;1;1;4;5;
Kent Bazemore;;2:54;0;1;0;1;0;0;0;2;2;0;0;0;0;0;0;
Kent Bazemore;;1:57;0;1;0;1;0;0;0;0;0;0;0;0;0;1;0;
Kent Bazemore;;16:48;4;6;1;3;3;4;0;3;3;1;1;0;2;2;12;
Kent Bazemore;;3:26;0;1;0;0;0;0;0;0;0;0;0;0;0;0;0;
Kent Bazemore;;1:58;0;0;0;0;0;0;0;0;0;0;0;0;0;1;0;
Kent Bazemore;;0:27;0;0;0;0;0;0;0;0;0;0;0;0;0;0;0;
Kent Bazemore;;0:07;0;0;0;0;0;0;0;0;0;0;0;0;0;0;0;
Kent Bazemore;;7:11;0;2;0;2;1;2;0;3;3;0;0;0;1;2;1;
Kent Bazemore;;6:21;0;1;0;0;1;2;0;2;2;0;0;1;1;2;1;
Kent Bazemore;;5:12;1;2;0;1;0;0;0;0;0;0;0;0;2;2;2;
Kent Bazemore;;11:01;2;5;1;1;0;0;0;1;1;1;0;0;0;3;5;
Kent Bazemore;;5:24;2;4;1;2;0;0;0;1;1;0;0;0;0;1;5;
Kent Bazemore;;4:48;0;0;0;0;0;0;0;0;0;1;0;0;0;1;0;
Kent Bazemore;;17:13;2;4;0;2;0;0;1;4;5;2;2;0;1;1;4;
Kent Bazemore;;4:21;0;1;0;0;0;0;0;2;2;1;0;1;1;2;0;
Kent Bazemore;;16:54;4;9;2;4;2;4;1;2;3;3;0;0;2;3;12;
