╔═══════════════╤═══════════════╗
║Name		│Kenyon Martin	║
╟───────────────┼───────────────╢
║Number		│3		║
╟───────────────┼───────────────╢
║Position	│F		║
╟───────────────┼───────────────╢
║Height		│6-9		║
╟───────────────┼───────────────╢
║Weight		│225		║
╟───────────────┼───────────────╢
║Birth		│DEC 30, 1977	║
╟───────────────┼───────────────╢
║Age		│36		║
╟───────────────┼───────────────╢
║Exp		│13		║
╟───────────────┼───────────────╢
║School		│Cincinnati	║
╚═══════════════╧═══════════════╝
Kenyon Martin;;13:54;2;6;0;0;0;0;0;0;0;0;0;0;0;4;4;
Kenyon Martin;;28:57;7;8;0;0;0;0;3;3;6;2;0;1;2;3;14;
Kenyon Martin;F;30:10;2;4;0;0;2;2;0;7;7;5;1;2;1;5;6;
Kenyon Martin;F;24:18;3;6;0;0;1;2;1;3;4;1;1;0;1;2;7;
Kenyon Martin;F;26:55;4;5;0;0;0;0;3;5;8;3;0;2;3;5;8;
Kenyon Martin;F;34:60;4;9;0;0;0;0;4;5;9;2;0;1;3;5;8;
Kenyon Martin;;27:41;3;6;0;0;0;0;1;5;6;1;0;1;0;5;6;
Kenyon Martin;;7:10;0;1;0;0;0;0;0;0;0;0;0;0;0;1;0;
Kenyon Martin;;8:50;3;3;0;0;0;0;0;1;1;1;0;1;1;1;6;
Kenyon Martin;;14:33;2;3;0;0;0;0;2;0;2;1;0;2;1;2;4;
Kenyon Martin;;4:58;1;1;0;0;1;2;1;2;3;1;0;0;0;0;3;
Kenyon Martin;;3:42;0;0;0;0;0;0;0;0;0;0;0;0;0;0;0;
Kenyon Martin;;16:10;3;4;0;0;0;0;3;3;6;1;1;1;0;2;6;
Kenyon Martin;;18:17;1;1;0;0;0;0;0;1;1;0;0;2;0;4;2;
Kenyon Martin;;10:06;0;0;0;0;0;0;0;1;1;1;0;0;0;0;0;
Kenyon Martin;;16:46;1;1;0;0;0;0;0;3;3;1;0;0;0;2;2;
Kenyon Martin;;9:59;1;2;0;0;0;0;1;2;3;1;0;0;0;1;2;
Kenyon Martin;;17:21;3;6;0;1;0;0;4;2;6;2;1;0;1;2;6;
Kenyon Martin;F;28:58;1;2;0;0;3;4;1;6;7;0;2;1;0;3;5;
Kenyon Martin;F;38:04;3;8;0;0;0;2;1;8;9;2;1;2;4;5;6;
Kenyon Martin;F;24:53;2;5;0;0;0;1;0;7;7;3;0;1;0;4;4;
Kenyon Martin;F;24:23;5;10;0;0;0;0;3;2;5;6;1;0;0;2;10;
Kenyon Martin;F;23:42;3;3;0;0;0;0;2;5;7;5;1;0;0;4;6;
Kenyon Martin;F;13:53;2;5;0;0;0;0;0;2;2;1;1;0;0;2;4;
Kenyon Martin;F;17:24;0;2;0;0;0;0;2;1;3;2;3;3;1;1;0;
Kenyon Martin;F;24:36;1;2;0;0;0;0;0;1;1;4;2;1;2;3;2;
Kenyon Martin;F;19:34;1;3;0;0;1;2;1;3;4;0;0;2;0;3;3;
Kenyon Martin;F;34:52;0;3;0;0;3;4;2;5;7;2;2;4;2;5;3;
Kenyon Martin;F;23:36;4;5;0;0;0;0;0;7;7;0;4;0;1;3;8;
Kenyon Martin;;13:08;0;1;0;0;0;0;0;2;2;0;0;0;0;2;0;
Kenyon Martin;;10:51;0;4;0;0;0;0;0;3;3;0;3;0;2;2;0;
Kenyon Martin;;20:15;1;4;0;0;0;0;1;3;4;2;1;0;1;2;2;
