╔═══════════════╤═══════════════════════╗
║Name		│Kevin Martin		║
╟───────────────┼───────────────────────╢
║Number		│23			║
╟───────────────┼───────────────────────╢
║Position	│G			║
╟───────────────┼───────────────────────╢
║Height		│6-7			║
╟───────────────┼───────────────────────╢
║Weight		│197			║
╟───────────────┼───────────────────────╢
║Birth		│FEB 01, 1983		║
╟───────────────┼───────────────────────╢
║Age		│31			║
╟───────────────┼───────────────────────╢
║Exp		│9			║
╟───────────────┼───────────────────────╢
║School		│Western Carolina	║
╚═══════════════╧═══════════════════════╝
Kevin Martin;G;31:28;8;14;0;3;4;5;1;2;3;3;0;0;1;2;20;
Kevin Martin;G;39:49;7;14;1;3;2;3;1;5;6;1;1;0;3;2;17;
Kevin Martin;G;22:56;5;10;3;4;5;5;0;1;1;4;2;0;1;0;18;
Kevin Martin;G;34:03;6;16;2;5;6;6;0;5;5;2;0;0;3;2;20;
Kevin Martin;G;24:26;9;12;1;1;0;0;0;4;4;4;1;0;1;1;19;
Kevin Martin;G;25:35;2;12;0;3;2;2;2;1;3;2;1;0;2;1;6;
Kevin Martin;G;23:35;6;14;0;0;2;2;0;2;2;1;0;0;0;1;14;
Kevin Martin;G;32:31;7;14;2;6;2;2;0;1;1;1;0;1;3;3;18;
Kevin Martin;G;24:32;7;16;1;6;5;6;0;1;1;2;1;0;1;1;20;
Kevin Martin;G;27:18;5;16;2;5;6;6;0;4;4;2;1;0;1;2;18;
Kevin Martin;G;34:21;10;17;3;3;3;5;1;3;4;2;1;0;2;4;26;
Kevin Martin;G;41:12;11;22;6;10;2;4;1;3;4;2;0;1;0;4;30;
Kevin Martin;G;28:24;3;9;1;2;1;2;0;6;6;1;0;0;0;1;8;
Kevin Martin;G;33:22;7;18;1;6;3;5;1;5;6;1;0;2;2;1;18;
Kevin Martin;G;38:12;7;17;0;2;0;0;1;2;3;1;1;0;2;2;14;
Kevin Martin;G;23:02;5;14;1;3;6;7;0;0;0;1;0;0;1;3;17;
Kevin Martin;G;41:07;13;26;4;6;2;3;0;3;3;4;1;0;1;2;32;
Kevin Martin;G;23:03;4;10;0;1;0;0;0;2;2;1;2;0;0;0;8;
Kevin Martin;G;34:19;3;11;1;4;8;10;0;3;3;1;2;0;3;1;15;
Kevin Martin;G;34:19;9;16;1;5;7;8;0;4;4;2;2;0;1;0;26;
Kevin Martin;G;30:44;3;11;0;4;16;17;1;1;2;2;0;0;2;1;22;
Kevin Martin;G;28:09;3;10;2;5;4;4;0;3;3;1;0;0;0;2;12;
Kevin Martin;G;32:15;9;16;1;5;5;5;0;1;1;1;0;0;2;0;24;
Kevin Martin;G;32:24;8;19;1;3;3;3;0;2;2;0;0;0;0;3;20;
Kevin Martin;G;30:55;9;18;2;5;6;7;0;2;2;0;1;0;2;2;26;
Kevin Martin;G;33:04;6;13;3;5;4;4;1;4;5;1;1;0;0;1;19;
Kevin Martin;G;40:03;8;20;1;3;14;14;0;3;3;3;1;0;2;2;31;
Kevin Martin;G;37:23;5;15;3;7;6;6;1;1;2;0;1;0;3;2;19;
Kevin Martin;G;19:54;2;5;1;3;1;2;0;1;1;1;1;0;2;2;6;
Kevin Martin;G;34:56;6;16;2;4;11;12;0;0;0;1;1;0;2;3;25;
Kevin Martin;G;23:23;5;13;0;3;3;4;1;0;1;1;0;0;1;1;13;
Kevin Martin;G;30:42;8;17;1;3;1;1;1;1;2;0;3;0;1;1;18;
Kevin Martin;G;24:09;7;12;1;3;2;2;1;2;3;4;0;0;1;0;17;
Kevin Martin;G;38:52;9;16;1;2;2;4;0;3;3;3;2;0;2;4;21;
Kevin Martin;G;30:16;4;14;2;5;2;2;0;2;2;0;0;0;0;2;12;
Kevin Martin;G;33:44;10;18;1;3;0;0;0;2;2;2;1;0;2;2;21;
Kevin Martin;G;18:13;0;8;0;3;2;2;0;1;1;0;1;0;1;1;2;
Kevin Martin;G;32:53;5;10;2;3;2;2;1;2;3;3;0;0;3;1;14;
Kevin Martin;G;35:07;11;21;3;5;6;6;1;1;2;1;1;0;0;3;31;
Kevin Martin;G;43:22;6;19;2;7;9;9;0;2;2;3;0;0;1;1;23;
Kevin Martin;G;24:08;4;11;0;0;1;1;1;2;3;3;2;0;2;0;9;
Kevin Martin;G;35:48;9;12;5;5;7;9;0;3;3;2;2;0;0;1;30;
Kevin Martin;G;34:03;7;16;5;8;4;4;1;3;4;3;0;0;2;1;23;
Kevin Martin;G;37:53;7;15;2;5;7;8;0;3;3;2;2;0;3;2;23;
Kevin Martin;G;37:40;10;19;3;5;9;10;0;5;5;2;2;0;2;1;32;
Kevin Martin;G;33:02;11;23;3;5;2;2;0;5;5;1;2;0;0;1;27;
Kevin Martin;G;35:23;9;22;4;8;8;8;0;1;1;3;1;0;1;3;30;
Kevin Martin;G;35:18;9;20;2;7;7;8;1;3;4;2;1;0;4;2;27;
Kevin Martin;G;34:20;6;18;1;7;7;8;1;5;6;0;2;0;2;2;20;
Kevin Martin;G;32:46;4;17;1;5;2;2;0;5;5;4;1;0;1;0;11;
Kevin Martin;G;34:08;11;21;3;4;3;3;2;8;10;4;1;0;2;3;28;
Kevin Martin;G;31:21;6;16;2;6;3;3;0;1;1;3;1;0;0;2;17;
Kevin Martin;G;35:02;7;19;3;6;2;2;1;2;3;1;1;0;0;3;19;
Kevin Martin;G;37:47;4;14;2;5;8;8;0;1;1;3;0;0;1;2;18;
Kevin Martin;G;36:02;9;21;0;5;11;11;2;3;5;1;0;0;3;3;29;
Kevin Martin;G;36:19;7;14;3;6;10;11;0;1;1;3;0;1;2;3;27;
Kevin Martin;G;39:42;6;16;4;8;8;8;2;4;6;2;2;0;4;2;24;
Kevin Martin;G;33:53;5;16;1;7;8;10;1;3;4;0;4;0;1;4;19;
Kevin Martin;G;30:13;5;9;3;5;5;5;0;2;2;1;4;0;1;0;18;
Kevin Martin;G;27:37;1;9;0;3;3;4;0;0;0;2;1;0;0;2;5;
Kevin Martin;G;32:51;4;12;2;6;4;4;0;2;2;3;2;0;2;0;14;
Kevin Martin;G;19:20;0;3;0;2;0;0;0;1;1;2;0;0;0;0;0;
Kevin Martin;G;36:41;8;15;1;4;5;5;1;4;5;0;1;0;3;2;22;
Kevin Martin;G;29:35;6;17;0;2;2;2;1;1;2;2;1;0;1;2;14;
Kevin Martin;G;32:19;7;12;1;2;1;1;2;5;7;4;0;0;6;6;16;
Kevin Martin;G;26:20;5;12;0;2;2;5;0;2;2;0;1;0;0;2;12;
Kevin Martin;G;28:43;8;17;4;7;0;0;0;2;2;2;1;0;4;2;20;
Kevin Martin;G;35:53;6;15;1;3;6;7;2;1;3;1;0;1;3;2;19;
