╔═══════════════╤═══════════════╗
║Name		│Kevin Love	║
╟───────────────┼───────────────╢
║Number		│42		║
╟───────────────┼───────────────╢
║Position	│F-C		║
╟───────────────┼───────────────╢
║Height		│6-10		║
╟───────────────┼───────────────╢
║Weight		│243		║
╟───────────────┼───────────────╢
║Birth		│SEP 07, 1988	║
╟───────────────┼───────────────╢
║Age		│25		║
╟───────────────┼───────────────╢
║Exp		│5		║
╟───────────────┼───────────────╢
║School		│UCLA		║
╚═══════════════╧═══════════════╝
Kevin Love;F;34:50;7;19;1;7;6;8;2;4;6;3;1;1;2;2;21;
Kevin Love;F;43:25;11;21;5;9;3;7;2;12;14;5;2;1;7;2;30;
Kevin Love;F;29:02;7;12;4;7;8;10;1;6;7;4;2;1;1;0;26;
Kevin Love;F;36:57;4;20;1;5;6;6;2;10;12;1;0;0;0;5;15;
Kevin Love;F;31:53;6;10;2;4;5;7;2;12;14;4;0;1;1;1;19;
Kevin Love;F;31:48;3;14;0;2;8;11;1;6;7;0;0;2;1;0;14;
Kevin Love;F;37:21;9;16;4;6;5;6;3;8;11;5;1;0;1;2;27;
Kevin Love;F;32:24;7;19;1;3;1;2;4;8;12;3;1;0;1;5;16;
Kevin Love;F;29:13;5;10;2;4;6;11;2;11;13;5;3;1;1;2;18;
Kevin Love;F;37:54;7;15;1;6;4;5;3;10;13;7;0;0;2;1;19;
Kevin Love;F;36:42;7;18;1;5;11;14;5;9;14;8;1;0;2;1;26;
Kevin Love;F;36:23;4;12;1;3;6;6;1;12;13;4;1;1;4;2;15;
Kevin Love;F;35:48;8;17;1;7;14;14;0;8;8;2;1;0;3;4;31;
Kevin Love;F;43:26;11;26;1;6;7;9;5;9;14;5;0;0;3;1;30;
Kevin Love;F;37:12;12;20;3;7;1;1;2;14;16;2;0;1;2;2;28;
Kevin Love;F;38:00;12;22;2;3;17;18;6;13;19;1;1;0;3;0;43;
Kevin Love;F;40:38;8;19;2;5;13;18;3;14;17;3;1;1;3;2;31;
Kevin Love;F;35:31;6;20;0;6;14;17;4;15;19;3;1;0;2;3;26;
Kevin Love;F;36:50;9;23;1;6;12;12;3;7;10;1;1;0;4;1;31;
Kevin Love;F;36:54;11;20;6;11;4;4;2;9;11;8;0;1;1;2;32;
Kevin Love;F;37:22;14;22;5;10;9;10;1;15;16;1;1;0;3;2;42;
Kevin Love;C;32:35;11;20;6;10;9;10;3;9;12;10;1;0;1;3;37;
Kevin Love;C;34:58;11;21;2;8;7;9;2;8;10;0;1;0;4;4;31;
Kevin Love;C;38:58;10;22;3;6;10;14;3;10;13;9;0;2;3;1;33;
Kevin Love;F;37:49;4;12;2;5;12;14;1;9;10;7;2;1;3;3;22;
Kevin Love;F;37:55;10;21;2;6;11;13;3;16;19;4;2;0;4;1;33;
Kevin Love;F;35:45;6;17;3;10;4;6;3;5;8;2;0;0;2;2;19;
Kevin Love;F;36:22;10;18;3;7;5;6;5;9;14;4;2;0;2;1;28;
Kevin Love;F;40:35;9;22;4;9;4;4;3;8;11;9;1;1;0;2;26;
Kevin Love;F;42:19;10;22;3;9;4;7;2;8;10;6;0;3;0;1;27;
Kevin Love;F;36:01;7;17;2;4;2;4;0;6;6;5;0;0;0;1;18;
Kevin Love;F;38:37;9;15;3;6;5;7;1;9;10;5;1;0;4;1;26;
Kevin Love;F;41:11;11;20;2;5;11;14;1;7;8;3;0;1;4;2;35;
Kevin Love;F;29:32;10;19;5;9;4;4;1;5;6;5;1;2;1;2;29;
Kevin Love;F;38:29;11;27;3;10;11;12;5;9;14;9;2;0;3;3;36;
Kevin Love;F;34:15;6;18;2;8;2;2;1;6;7;4;0;0;3;1;16;
Kevin Love;F;29:28;5;9;2;4;2;2;0;12;12;4;0;0;5;0;14;
Kevin Love;F;28:44;6;10;3;5;7;9;0;10;10;10;1;0;4;1;22;
Kevin Love;F;33:09;5;14;1;3;3;4;4;5;9;3;0;0;2;2;14;
Kevin Love;F;29:22;8;21;2;8;2;3;5;8;13;4;1;0;4;1;20;
Kevin Love;F;36:07;9;15;2;5;4;5;4;12;16;10;1;1;2;2;24;
Kevin Love;F;39:44;10;23;1;7;3;3;3;7;10;2;0;0;4;1;24;
Kevin Love;F;32:50;5;15;2;6;7;7;2;10;12;4;0;1;4;0;19;
Kevin Love;F;32:36;7;20;2;8;1;1;1;9;10;3;0;1;3;2;17;
Kevin Love;F;38:26;12;23;4;9;15;17;4;7;11;1;0;0;3;0;43;
Kevin Love;F;36:08;11;24;5;9;13;16;2;12;14;9;0;0;6;2;40;
Kevin Love;F;41:38;3;13;1;8;9;10;0;10;10;9;0;0;5;1;16;
Kevin Love;F;40:37;8;19;3;8;12;16;4;13;17;4;0;0;1;3;31;
Kevin Love;F;28:47;7;12;3;5;7;8;1;11;12;2;2;0;1;1;24;
Kevin Love;F;40:31;10;19;2;8;12;15;2;13;15;5;0;0;4;4;34;
Kevin Love;F;36:19;8;20;0;7;1;1;4;9;13;5;0;1;3;1;17;
Kevin Love;F;37:44;10;25;1;4;4;4;7;9;16;6;2;1;3;0;25;
Kevin Love;F;34:39;12;21;3;6;5;5;6;9;15;8;0;1;2;2;32;
Kevin Love;F;36:47;8;17;4;9;5;5;1;12;13;3;1;0;3;2;25;
Kevin Love;F;38:48;8;19;4;8;3;4;5;14;19;7;0;0;3;3;23;
Kevin Love;F;31:28;10;16;1;4;12;14;2;6;8;6;0;0;0;2;33;
Kevin Love;F;35:21;10;20;2;7;6;7;2;8;10;2;3;2;3;4;28;
Kevin Love;F;32:36;7;16;2;4;7;7;2;10;12;2;1;0;7;3;23;
Kevin Love;F;36:56;8;17;4;10;5;9;6;5;11;4;0;0;3;5;25;
Kevin Love;F;37:19;2;14;0;3;6;10;4;8;12;8;1;0;5;2;10;
Kevin Love;F;27:54;5;11;0;3;7;7;6;10;16;4;2;0;1;1;17;
Kevin Love;F;36:02;11;22;2;5;3;3;6;9;15;2;1;0;2;1;27;
Kevin Love;F;41:04;6;20;1;5;7;8;4;13;17;2;1;0;5;1;20;
Kevin Love;F;40:04;7;19;3;9;2;2;5;10;15;3;1;0;2;2;19;
Kevin Love;F;35:10;6;14;2;5;7;11;3;8;11;2;0;1;1;1;21;
Kevin Love;F;32:27;4;14;3;6;5;7;3;9;12;2;1;0;1;2;16;
Kevin Love;F;30:03;6;15;4;6;10;10;6;10;16;7;0;0;4;1;26;
Kevin Love;F;37:17;9;21;1;6;7;8;4;11;15;5;2;0;3;0;26;
Kevin Love;F;38:32;15;27;8;9;4;4;4;10;14;2;1;0;1;0;42;
Kevin Love;F;37:44;11;21;4;8;4;4;2;7;9;4;0;3;3;1;30;
Kevin Love;F;36:16;9;25;2;11;7;11;5;9;14;1;1;0;1;2;27;
Kevin Love;F;40:51;10;18;4;7;5;6;2;13;15;9;1;0;4;0;29;
Kevin Love;F;41:59;9;18;2;7;5;5;4;9;13;3;0;1;0;2;25;
Kevin Love;F;43:23;15;23;2;6;13;15;3;16;19;6;1;0;4;3;45;
Kevin Love;F;32:21;8;18;2;7;7;7;1;10;11;1;1;0;0;2;25;
Kevin Love;F;34:44;11;17;4;6;7;9;2;13;15;6;1;0;2;1;33;
Kevin Love;F;39:42;14;24;2;7;6;8;4;7;11;4;1;0;1;3;36;
