╔═══════════════╤═══════════════════════════════╗
║Name		│Kevin Garnett			║
╟───────────────┼───────────────────────────────╢
║Number		│2				║
╟───────────────┼───────────────────────────────╢
║Position	│C-F				║
╟───────────────┼───────────────────────────────╢
║Height		│6-11				║
╟───────────────┼───────────────────────────────╢
║Weight		│253				║
╟───────────────┼───────────────────────────────╢
║Birth		│MAY 19, 1976			║
╟───────────────┼───────────────────────────────╢
║Age		│38				║
╟───────────────┼───────────────────────────────╢
║Exp		│18				║
╟───────────────┼───────────────────────────────╢
║School		│Farragut Academy HS (CHI)	║
╚═══════════════╧═══════════════════════════════╝
Kevin Garnett;C;26:12;2;4;0;0;0;0;1;6;7;1;1;0;3;2;4;
Kevin Garnett;C;24:42;1;2;0;0;2;2;1;9;10;1;1;0;0;2;4;
Kevin Garnett;C;23:05;5;7;0;0;3;3;2;3;5;0;4;1;2;2;13;
Kevin Garnett;C;32:06;4;7;0;0;2;2;0;9;9;1;0;1;1;0;10;
Kevin Garnett;C;18:18;6;8;0;0;0;0;0;3;3;2;0;1;0;2;12;
Kevin Garnett;C;17:47;3;4;0;0;0;0;1;5;6;1;1;0;1;1;6;
Kevin Garnett;C;18:09;4;5;0;0;0;0;1;4;5;1;1;0;3;1;8;
Kevin Garnett;C;20:03;5;8;0;0;0;0;1;10;11;1;0;1;2;2;10;
Kevin Garnett;C;22:48;3;6;0;0;0;0;0;4;4;3;2;1;0;0;6;
Kevin Garnett;C;26:29;3;8;0;0;0;0;1;10;11;0;0;1;2;3;6;
Kevin Garnett;C;12:14;0;4;0;0;0;0;0;1;1;0;0;1;1;4;0;
Kevin Garnett;C;24:38;6;9;0;0;0;0;4;6;10;1;0;1;3;4;12;
Kevin Garnett;C;20:41;2;5;0;0;2;2;2;5;7;4;2;5;1;0;6;
Kevin Garnett;C;18:06;4;9;0;0;0;0;3;6;9;0;0;0;2;2;8;
Kevin Garnett;C;13:24;3;3;0;0;0;0;0;4;4;2;1;1;3;1;6;
Kevin Garnett;C;14:36;5;9;0;0;0;0;0;3;3;1;0;1;1;1;10;
Kevin Garnett;C;24:34;2;3;0;0;0;0;1;6;7;3;3;2;1;3;4;
Kevin Garnett;C;16:55;3;5;0;0;0;0;1;3;4;2;0;1;1;0;6;
Kevin Garnett;C;19:53;3;7;0;0;0;1;0;7;7;0;0;0;1;0;6;
Kevin Garnett;C;13:53;2;3;0;0;2;2;0;7;7;0;0;0;1;2;6;
Kevin Garnett;C;11:58;2;4;0;0;0;0;1;2;3;0;1;0;0;1;4;
Kevin Garnett;C;13:12;5;6;0;0;0;0;1;3;4;1;1;1;0;0;10;
Kevin Garnett;C;16:32;2;2;0;0;1;1;2;6;8;6;0;0;1;1;5;
Kevin Garnett;C;18:12;2;6;0;0;0;2;3;7;10;1;1;1;2;3;4;
Kevin Garnett;C;19:17;1;3;0;0;1;2;2;5;7;2;1;2;5;2;3;
Kevin Garnett;C;14:47;0;4;0;0;0;0;0;2;2;0;0;0;0;3;0;
Kevin Garnett;F;26:17;4;8;0;0;0;0;2;8;10;3;2;1;2;4;8;
Kevin Garnett;F;25:48;3;11;0;0;0;0;1;6;7;2;1;0;3;3;6;
Kevin Garnett;F;22:25;3;11;0;1;2;2;0;5;5;1;0;1;1;2;8;
Kevin Garnett;F;13:36;2;5;0;0;0;0;0;4;4;1;0;0;1;1;4;
Kevin Garnett;F;23:57;2;11;0;1;0;1;0;6;6;2;2;1;0;5;4;
Kevin Garnett;F;27:11;3;7;0;0;0;0;1;7;8;2;3;0;3;4;6;
Kevin Garnett;F;14:44;2;9;0;0;2;2;0;8;8;1;0;1;1;1;6;
Kevin Garnett;F;27:36;2;8;0;0;0;0;3;11;14;2;1;0;0;2;4;
Kevin Garnett;F;24:23;8;19;0;0;0;0;3;5;8;0;2;2;2;3;16;
Kevin Garnett;F;21:05;2;2;0;0;0;0;0;8;8;3;0;3;2;5;4;
Kevin Garnett;F;20:41;4;6;0;0;0;0;2;6;8;2;0;1;0;3;8;
Kevin Garnett;F;22:35;2;9;0;1;0;0;3;6;9;3;1;0;2;3;4;
Kevin Garnett;F;24:28;5;11;0;0;2;2;1;5;6;4;1;0;0;2;12;
Kevin Garnett;F;23:25;2;5;0;0;0;0;4;5;9;0;0;2;1;4;4;
Kevin Garnett;F;27:59;4;9;0;0;0;0;2;3;5;3;2;1;2;1;8;
Kevin Garnett;F;16:51;1;4;0;0;0;0;0;6;6;1;0;1;0;1;2;
Kevin Garnett;F;19:56;3;5;0;0;0;0;2;4;6;0;0;0;0;3;6;
Kevin Garnett;F;25:40;2;9;0;0;2;2;1;7;8;1;1;2;0;4;6;
Kevin Garnett;F;25:53;5;10;0;0;1;2;2;7;9;3;0;0;0;3;11;
Kevin Garnett;F;15:01;1;2;0;0;0;0;0;6;6;0;0;0;1;4;2;
Kevin Garnett;F;18:36;2;8;0;0;0;0;1;7;8;2;0;0;1;3;4;
Kevin Garnett;C;16:24;4;8;0;0;1;2;0;4;4;4;2;1;1;2;9;
Kevin Garnett;F;24:35;3;5;0;0;1;2;0;4;4;2;1;0;2;6;7;
Kevin Garnett;C;18:38;3;10;0;0;6;6;1;4;5;2;2;0;2;3;12;
Kevin Garnett;C;19:11;2;7;0;0;2;2;1;6;7;1;2;0;2;4;6;
Kevin Garnett;C;17:37;3;5;0;0;4;5;1;4;5;0;0;0;2;1;10;
Kevin Garnett;C;20:53;1;5;0;0;0;0;0;7;7;0;0;1;1;3;2;
Kevin Garnett;C;16:41;0;5;0;0;2;2;1;2;3;1;0;0;0;1;2;
