╔═══════════════╤═══════════════════════╗
║Name		│Kevin Seraphin		║
╟───────────────┼───────────────────────╢
║Number		│13			║
╟───────────────┼───────────────────────╢
║Position	│C			║
╟───────────────┼───────────────────────╢
║Height		│6-10			║
╟───────────────┼───────────────────────╢
║Weight		│278			║
╟───────────────┼───────────────────────╢
║Birth		│DEC 07, 1989		║
╟───────────────┼───────────────────────╢
║Age		│24			║
╟───────────────┼───────────────────────╢
║Exp		│3			║
╟───────────────┼───────────────────────╢
║School		│Le Moyne College	║
╚═══════════════╧═══════════════════════╝
Kevin Seraphin;;14:36;1;5;0;0;0;0;1;2;3;0;0;1;2;2;2;
Kevin Seraphin;;12:57;2;6;0;0;0;0;4;1;5;0;0;0;2;0;4;
Kevin Seraphin;;3:28;1;3;0;0;0;0;0;0;0;0;0;1;0;1;2;
Kevin Seraphin;;22:40;8;13;0;0;2;3;3;2;5;1;0;1;2;4;18;
Kevin Seraphin;;0:54;0;0;0;0;0;0;0;0;0;0;0;0;0;0;0;
Kevin Seraphin;;0:28;0;0;0;0;0;0;0;0;0;0;0;1;0;0;0;
Kevin Seraphin;;23:24;6;10;0;0;4;4;0;7;7;1;0;1;2;5;16;
Kevin Seraphin;;7:27;2;3;0;0;0;0;0;1;1;0;0;0;0;1;4;
Kevin Seraphin;;4:52;0;1;0;0;0;0;0;1;1;0;0;1;2;2;0;
Kevin Seraphin;;12:58;3;5;0;0;0;0;2;1;3;1;0;0;1;3;6;
Kevin Seraphin;;28:46;5;8;0;0;0;0;1;6;7;1;0;1;2;4;10;
Kevin Seraphin;;9:28;2;2;0;0;0;0;1;1;2;0;0;0;0;1;4;
Kevin Seraphin;;22:54;7;10;0;0;5;6;0;5;5;0;0;0;0;4;19;
Kevin Seraphin;;13:42;3;7;0;0;0;0;2;3;5;0;0;0;1;2;6;
Kevin Seraphin;;14:15;3;5;0;0;1;1;2;2;4;2;0;0;1;1;7;
Kevin Seraphin;;22:50;5;9;0;0;0;0;4;4;8;0;0;0;2;3;10;
Kevin Seraphin;;24:40;2;5;0;0;0;0;1;5;6;1;0;4;0;0;4;
Kevin Seraphin;;12:55;3;6;0;0;0;0;1;0;1;0;1;0;0;4;6;
Kevin Seraphin;;13:24;2;2;0;0;0;0;1;2;3;0;0;1;0;1;4;
Kevin Seraphin;;11:47;1;1;0;0;0;0;0;0;0;2;0;0;1;3;2;
Kevin Seraphin;;16:57;2;4;0;0;2;2;1;1;2;0;0;1;0;1;6;
Kevin Seraphin;;25:13;3;8;0;0;0;0;3;3;6;0;0;1;0;4;6;
Kevin Seraphin;;7:29;2;3;0;0;0;0;1;0;1;0;0;0;0;1;4;
Kevin Seraphin;C;19:10;2;7;0;0;0;0;0;2;2;0;0;2;0;4;4;
Kevin Seraphin;;0:37;0;0;0;0;0;0;0;0;0;0;0;0;0;0;0;
Kevin Seraphin;;4:15;0;1;0;0;0;0;0;0;0;0;0;0;1;1;0;
Kevin Seraphin;;0:59;1;1;0;0;0;0;1;0;1;0;0;0;0;0;2;
Kevin Seraphin;;5:55;0;1;0;0;0;0;0;4;4;0;0;1;2;2;0;
Kevin Seraphin;;6:55;1;3;0;0;0;0;2;0;2;1;0;1;0;0;2;
Kevin Seraphin;;1:10;0;1;0;0;0;0;0;0;0;0;0;0;0;2;0;
Kevin Seraphin;;4:13;0;1;0;0;0;0;0;2;2;0;0;0;0;0;0;
Kevin Seraphin;;3:49;1;2;0;0;0;0;0;0;0;0;1;0;0;1;2;
Kevin Seraphin;;4:17;1;1;0;0;0;0;0;1;1;0;0;0;1;1;2;
Kevin Seraphin;;11:21;4;8;0;0;0;0;1;1;2;0;0;0;1;2;8;
Kevin Seraphin;;15:00;4;5;0;0;1;1;0;1;1;0;0;2;2;4;9;
Kevin Seraphin;;8:16;1;4;0;0;0;0;1;1;2;1;0;0;1;2;2;
Kevin Seraphin;;11:03;3;5;0;0;0;0;2;1;3;0;0;1;2;3;6;
Kevin Seraphin;;13:08;1;3;0;0;0;0;1;1;2;1;1;0;0;3;2;
Kevin Seraphin;;2:45;0;0;0;0;0;0;0;0;0;0;0;0;0;3;0;
Kevin Seraphin;;5:04;1;3;0;0;0;0;2;0;2;0;0;0;0;1;2;
Kevin Seraphin;;8:28;1;5;0;0;0;0;2;0;2;0;0;0;3;1;2;
Kevin Seraphin;;7:10;1;3;0;0;2;2;1;0;1;0;0;0;0;4;4;
Kevin Seraphin;;7:01;1;2;0;0;0;0;0;1;1;0;0;0;0;1;2;
Kevin Seraphin;;12:07;3;7;0;0;3;3;1;1;2;1;0;0;1;0;9;
Kevin Seraphin;;4:25;1;3;0;0;0;0;0;0;0;0;0;0;0;1;2;
Kevin Seraphin;;3:00;0;1;0;0;0;0;0;0;0;0;0;0;0;1;0;
Kevin Seraphin;;4:37;0;1;0;0;0;0;1;0;1;0;0;0;0;0;0;
Kevin Seraphin;;6:00;1;3;0;0;0;0;2;1;3;0;0;1;2;3;2;
Kevin Seraphin;;20:05;7;12;0;0;2;2;1;2;3;1;0;0;0;3;16;
Kevin Seraphin;;5:35;1;2;0;0;0;0;0;3;3;0;0;1;1;3;2;
Kevin Seraphin;;18:31;3;6;0;0;4;5;3;2;5;1;0;2;1;4;10;
Kevin Seraphin;;24:30;6;9;0;0;1;2;3;3;6;1;0;1;3;3;13;
Kevin Seraphin;;10:56;3;4;0;0;0;0;1;1;2;1;0;0;2;3;6;
