╔═══════════════╤═══════════════╗
║Name		│Kevin Durant	║
╟───────────────┼───────────────╢
║Number		│35		║
╟───────────────┼───────────────╢
║Position	│F		║
╟───────────────┼───────────────╢
║Height		│6-9		║
╟───────────────┼───────────────╢
║Weight		│240		║
╟───────────────┼───────────────╢
║Birth		│SEP 29, 1988	║
╟───────────────┼───────────────╢
║Age		│25		║
╟───────────────┼───────────────╢
║Exp		│6		║
╟───────────────┼───────────────╢
║School		│Texas		║
╚═══════════════╧═══════════════╝
Kevin Durant;F;34:27;8;13;3;7;5;5;0;4;4;4;0;2;5;5;24;
Kevin Durant;F;42:51;16;32;4;9;12;13;0;7;7;7;2;1;3;2;48;
Kevin Durant;F;27:10;6;13;0;1;9;10;0;7;7;8;3;0;0;2;21;
Kevin Durant;F;45:11;14;34;3;13;17;19;0;7;7;5;4;2;0;2;48;
Kevin Durant;F;27:57;7;18;1;7;15;16;0;3;3;4;2;0;2;1;30;
Kevin Durant;F;39:57;8;18;2;5;15;17;1;9;10;7;0;1;2;1;33;
Kevin Durant;F;41:09;15;28;0;4;7;9;0;4;4;4;1;0;4;2;37;
Kevin Durant;F;42:50;8;21;2;7;18;20;1;4;5;7;0;0;7;2;36;
Kevin Durant;F;43:30;19;28;5;9;11;13;1;3;4;6;2;1;5;1;54;
Kevin Durant;F;32:06;10;15;3;5;7;9;1;5;6;9;4;2;3;1;30;
Kevin Durant;F;37:45;17;25;6;7;6;7;0;5;5;4;0;0;4;2;46;
Kevin Durant;F;39:16;12;22;2;4;10;11;1;6;7;5;1;1;11;4;36;
Kevin Durant;F;43:59;12;17;1;4;7;7;1;13;14;10;2;1;3;4;32;
Kevin Durant;F;43:29;15;25;5;7;6;8;1;3;4;5;2;3;4;0;41;
Kevin Durant;F;40:20;12;23;4;9;5;5;0;7;7;5;2;0;4;3;33;
Kevin Durant;F;30:22;10;12;3;3;3;3;1;2;3;7;1;0;3;3;26;
Kevin Durant;F;37:48;8;21;0;6;10;10;1;3;4;7;0;0;5;2;26;
Kevin Durant;F;40:11;11;21;2;7;7;10;2;6;8;8;1;1;5;2;31;
Kevin Durant;F;36:52;11;20;3;5;1;1;2;7;9;7;1;0;4;2;26;
Kevin Durant;F;40:13;10;22;2;6;7;7;0;5;5;12;0;1;6;3;29;
Kevin Durant;F;40:08;12;22;4;7;13;18;0;10;10;9;1;2;3;3;41;
Kevin Durant;F;38:03;15;28;1;3;5;5;2;8;10;2;1;0;8;4;36;
Kevin Durant;F;41:58;14;33;3;13;12;12;0;12;12;7;3;0;6;2;43;
Kevin Durant;F;39:24;10;22;1;6;7;10;1;7;8;3;2;0;5;3;28;
Kevin Durant;F;45:42;15;30;2;6;10;12;0;3;3;10;2;0;5;3;42;
Kevin Durant;F;41:15;10;16;4;9;4;6;0;10;10;9;1;0;2;3;28;
Kevin Durant;F;42:33;12;24;3;8;10;10;0;6;6;5;2;1;5;1;37;
Kevin Durant;F;38:11;8;24;0;6;12;12;1;5;6;5;0;0;1;2;28;
Kevin Durant;F;32:49;14;20;2;6;12;18;0;9;9;3;2;1;3;1;42;
Kevin Durant;F;43:55;12;24;3;9;7;7;0;7;7;5;0;0;4;2;34;
Kevin Durant;F;41:36;8;19;4;11;7;11;1;9;10;12;0;0;5;4;27;
Kevin Durant;F;42:08;12;22;5;8;13;16;0;5;5;4;0;1;3;3;42;
Kevin Durant;F;30:24;8;17;2;5;11;11;0;4;4;3;1;3;3;4;29;
Kevin Durant;F;33:32;8;20;4;8;10;11;1;3;4;4;0;1;4;0;30;
Kevin Durant;F;42:10;11;21;3;4;10;12;1;11;12;5;0;0;0;2;35;
Kevin Durant;F;35:49;12;21;3;8;8;9;2;9;11;6;0;1;1;2;35;
Kevin Durant;F;47:29;13;29;5;10;13;17;1;10;11;7;1;1;5;2;44;
Kevin Durant;F;31:28;10;21;1;7;6;7;0;4;4;8;2;0;5;0;27;
Kevin Durant;F;50:30;15;27;5;11;8;8;1;4;5;6;1;0;5;3;43;
Kevin Durant;F;29:20;9;11;3;4;8;8;0;1;1;6;2;2;2;0;29;
Kevin Durant;F;29:08;9;13;4;6;9;9;0;4;4;9;1;0;2;4;31;
Kevin Durant;F;39:18;11;26;0;4;6;6;0;7;7;3;0;1;4;1;28;
Kevin Durant;F;43:40;7;19;3;7;11;12;1;11;12;6;0;0;6;1;28;
Kevin Durant;F;43:09;13;28;4;15;8;10;2;9;11;3;2;0;3;0;38;
Kevin Durant;F;31:10;8;13;2;4;5;5;0;4;4;4;0;0;3;1;23;
Kevin Durant;F;41:07;8;26;1;7;10;11;1;2;3;4;2;0;2;3;27;
Kevin Durant;F;30:18;10;18;0;2;7;9;1;5;6;5;1;2;1;1;27;
Kevin Durant;F;42:02;13;27;2;11;10;10;0;4;4;1;1;0;1;1;38;
Kevin Durant;F;42:53;9;23;3;9;4;6;1;6;7;6;1;1;7;1;25;
Kevin Durant;F;45:07;14;30;1;5;13;15;2;2;4;6;0;0;3;3;42;
Kevin Durant;F;39:10;9;24;2;8;22;24;0;6;6;1;3;0;5;1;42;
Kevin Durant;F;27:07;4;11;1;5;4;5;0;4;4;1;0;2;4;3;13;
Kevin Durant;F;39:42;10;19;2;5;11;13;1;9;10;1;2;0;3;1;33;
Kevin Durant;F;36:53;7;16;1;2;8;9;1;2;3;10;2;0;5;2;23;
Kevin Durant;F;44:00;9;15;2;3;17;19;2;6;8;7;3;1;3;3;37;
Kevin Durant;F;46:08;12;23;1;4;8;9;3;10;13;6;0;1;5;3;33;
Kevin Durant;F;41:49;8;18;2;6;15;17;1;5;6;10;2;0;5;4;33;
Kevin Durant;F;41:54;5;13;2;6;8;9;1;6;7;8;0;0;5;5;20;
Kevin Durant;F;37:20;7;15;3;5;7;7;1;4;5;2;1;0;3;1;24;
Kevin Durant;F;42:47;11;27;3;9;13;16;3;5;8;6;1;1;3;2;38;
Kevin Durant;F;38:35;10;19;2;5;6;9;0;6;6;8;1;0;1;0;28;
Kevin Durant;F;26:21;3;9;1;1;12;13;0;9;9;2;2;0;3;1;19;
Kevin Durant;F;38:10;10;23;1;5;3;3;0;13;13;4;0;0;6;1;24;
Kevin Durant;F;43:46;7;22;0;2;11;12;0;13;13;5;0;2;4;3;25;
Kevin Durant;F;44:10;14;21;3;4;1;2;2;8;10;12;4;4;2;3;32;
Kevin Durant;F;38:58;8;21;1;4;10;10;0;11;11;3;2;1;1;3;27;
Kevin Durant;F;38:31;11;23;1;3;10;12;1;6;7;0;1;2;4;1;33;
Kevin Durant;F;36:08;11;17;2;5;5;5;0;8;8;4;2;3;2;1;29;
Kevin Durant;F;34:51;14;23;2;3;6;6;2;8;10;5;1;0;3;1;36;
Kevin Durant;F;37:15;9;21;1;3;11;15;1;9;10;5;1;2;5;2;30;
Kevin Durant;F;34:01;6;12;1;1;5;5;1;5;6;3;2;1;3;3;18;
Kevin Durant;F;31:08;10;13;3;5;8;8;0;8;8;5;4;1;2;2;31;
Kevin Durant;F;37:03;11;18;2;3;4;5;0;9;9;5;1;2;2;1;28;
Kevin Durant;F;37:52;11;23;2;4;6;7;0;6;6;3;2;0;2;3;30;
Kevin Durant;F;33:18;13;20;4;5;2;2;0;9;9;6;3;1;1;2;32;
Kevin Durant;F;38:13;6;14;2;6;3;3;0;5;5;3;2;1;3;3;17;
Kevin Durant;F;37:06;5;16;2;7;12;12;1;7;8;3;0;0;6;2;24;
Kevin Durant;F;32:20;10;16;4;6;5;6;0;7;7;6;2;0;2;3;29;
Kevin Durant;F;40:02;14;28;2;6;4;6;2;10;12;6;0;0;2;3;34;
Kevin Durant;F;38:13;11;17;3;5;8;9;0;13;13;5;1;1;2;3;33;
Kevin Durant;F;40:12;12;26;3;9;10;12;3;11;14;3;1;0;1;3;37;
