╔═══════════════╤═══════════════╗
║Name		│Khris Middleton║
╟───────────────┼───────────────╢
║Number		│22		║
╟───────────────┼───────────────╢
║Position	│F		║
╟───────────────┼───────────────╢
║Height		│6-8		║
╟───────────────┼───────────────╢
║Weight		│217		║
╟───────────────┼───────────────╢
║Birth		│AUG 12, 1991	║
╟───────────────┼───────────────╢
║Age		│22		║
╟───────────────┼───────────────╢
║Exp		│1		║
╟───────────────┼───────────────╢
║School		│Texas A&M	║
╚═══════════════╧═══════════════╝
Khris Middleton;;19:47;1;5;0;2;0;0;1;3;4;1;1;0;1;2;2;
Khris Middleton;;22:25;3;6;0;1;1;2;0;8;8;0;0;0;2;2;7;
Khris Middleton;;30:40;4;7;0;1;2;2;1;3;4;1;1;0;0;2;10;
Khris Middleton;;29:20;1;7;1;1;0;0;1;7;8;2;0;0;1;3;3;
Khris Middleton;F;35:51;3;14;1;3;1;3;4;4;8;3;1;0;1;3;8;
Khris Middleton;F;34:56;1;8;0;2;0;0;0;2;2;5;2;0;2;3;2;
Khris Middleton;;12:07;1;6;0;1;0;0;1;1;2;0;0;0;0;1;2;
Khris Middleton;;28:08;3;9;0;4;0;0;0;1;1;3;2;2;0;2;6;
Khris Middleton;;26:27;4;7;0;2;0;2;0;0;0;2;4;0;0;1;8;
Khris Middleton;;30:01;3;6;2;3;2;2;0;2;2;4;4;2;2;3;10;
Khris Middleton;;28:18;5;7;3;5;0;1;0;3;3;0;2;0;3;3;13;
Khris Middleton;;31:25;5;9;0;3;1;2;1;0;1;1;1;0;2;4;11;
Khris Middleton;F;37:39;7;15;0;3;0;0;0;4;4;3;2;0;2;1;14;
Khris Middleton;F;33:51;6;13;2;5;3;4;2;2;4;2;0;0;3;2;17;
Khris Middleton;F;25:22;5;11;0;1;0;0;1;3;4;2;1;0;3;1;10;
Khris Middleton;F;31:52;3;8;2;4;4;4;1;1;2;1;2;0;3;2;12;
Khris Middleton;F;24:48;6;9;5;6;2;2;0;4;4;3;0;0;1;3;19;
Khris Middleton;F;43:42;10;21;5;8;0;0;2;4;6;3;2;0;4;5;25;
Khris Middleton;F;35:02;7;13;3;5;3;3;0;4;4;8;1;0;2;5;20;
Khris Middleton;F;26:39;2;6;1;3;3;4;0;5;5;1;1;0;2;4;8;
Khris Middleton;F;29:52;5;9;1;2;0;0;2;2;4;4;0;0;3;3;11;
Khris Middleton;F;22:19;5;10;2;3;0;0;0;1;1;2;0;0;0;1;12;
Khris Middleton;G;27:44;2;9;0;5;2;2;0;1;1;1;0;0;0;3;6;
Khris Middleton;F;24:10;5;11;3;7;0;0;0;2;2;2;0;0;2;2;13;
Khris Middleton;F;15:40;4;6;2;3;5;6;0;0;0;2;1;0;2;3;15;
Khris Middleton;F;26:11;9;15;3;4;1;1;1;1;2;1;3;0;1;5;22;
Khris Middleton;F;36:09;8;12;0;1;0;0;0;4;4;3;2;0;1;3;16;
Khris Middleton;F;21:21;4;6;1;1;0;0;0;0;0;2;1;0;3;2;9;
Khris Middleton;F;29:25;4;14;2;4;1;2;0;4;4;1;2;1;0;3;11;
Khris Middleton;F;37:52;10;17;3;8;2;2;2;1;3;4;0;1;2;4;25;
Khris Middleton;F;32:53;7;12;1;2;0;0;3;2;5;2;1;0;2;5;15;
Khris Middleton;F;34:14;5;13;5;8;6;6;2;4;6;7;2;1;1;2;21;
Khris Middleton;F;29:10;4;9;1;4;2;2;2;2;4;2;1;0;3;4;11;
Khris Middleton;F;34:21;4;15;0;4;0;0;0;2;2;4;3;0;1;1;8;
Khris Middleton;F;26:48;3;10;0;3;0;0;0;1;1;2;0;0;1;3;6;
Khris Middleton;F;31:51;3;12;2;7;0;0;1;1;2;0;0;0;1;1;8;
Khris Middleton;F;39:34;7;17;4;7;0;0;0;6;6;5;0;0;0;6;18;
Khris Middleton;F;37:52;4;14;1;3;2;2;2;2;4;4;2;0;1;4;11;
Khris Middleton;F;23:43;3;8;1;4;0;0;2;3;5;0;0;0;0;2;7;
Khris Middleton;F;19:56;2;10;0;3;0;0;1;2;3;2;1;0;1;1;4;
Khris Middleton;F;30:51;6;9;2;3;0;0;1;2;3;1;2;0;3;3;14;
Khris Middleton;F;39:03;4;11;2;2;0;0;0;3;3;0;0;0;1;3;10;
Khris Middleton;F;31:46;6;16;2;7;0;0;0;1;1;1;2;1;2;3;14;
Khris Middleton;F;32:35;2;10;0;5;0;0;1;3;4;2;1;0;3;4;4;
Khris Middleton;F;33:01;2;4;0;1;6;6;0;6;6;2;0;0;3;3;10;
Khris Middleton;F;34:21;6;9;0;2;8;8;1;0;1;3;0;0;2;6;20;
Khris Middleton;F;36:27;6;14;1;5;3;3;1;6;7;2;1;0;2;5;16;
Khris Middleton;F;31:25;7;11;3;5;0;0;0;3;3;2;0;0;1;4;17;
Khris Middleton;F;41:54;6;15;4;5;4;4;1;2;3;1;0;0;1;3;20;
Khris Middleton;F;35:49;4;8;2;3;5;7;0;3;3;4;2;0;3;4;15;
Khris Middleton;F;37:04;6;17;2;6;2;2;1;6;7;1;0;0;3;5;16;
Khris Middleton;F;19:15;1;4;0;1;0;0;0;0;0;1;0;0;3;3;2;
Khris Middleton;;26:59;5;8;0;1;3;3;0;1;1;2;2;0;0;4;13;
Khris Middleton;;18:58;4;9;0;1;0;2;0;1;1;0;2;1;0;4;8;
Khris Middleton;;20:21;2;5;1;3;2;2;0;3;3;1;0;0;2;2;7;
Khris Middleton;;17:32;2;6;2;2;0;0;1;2;3;0;0;0;0;3;6;
Khris Middleton;F;23:04;3;9;1;3;0;0;2;5;7;1;1;1;2;3;7;
Khris Middleton;F;43:04;6;11;1;3;6;6;0;8;8;4;3;0;3;4;19;
Khris Middleton;F;30:51;5;13;1;3;0;0;2;5;7;1;1;1;3;2;11;
Khris Middleton;F;31:38;5;14;2;4;2;2;0;2;2;1;1;0;0;3;14;
Khris Middleton;;19:53;4;4;0;0;0;0;0;2;2;0;0;0;2;3;8;
Khris Middleton;;16:50;1;3;0;2;0;0;0;1;1;1;1;0;1;2;2;
Khris Middleton;;28:16;8;13;2;2;2;3;1;3;4;2;1;0;0;3;20;
Khris Middleton;F;20:39;5;9;2;4;2;2;0;5;5;2;0;0;1;1;14;
Khris Middleton;F;32:59;6;11;1;2;0;0;0;7;7;2;1;0;3;3;13;
Khris Middleton;F;30:27;3;9;1;3;2;2;0;5;5;3;3;2;1;1;9;
Khris Middleton;F;17:32;2;6;0;1;2;2;0;1;1;2;0;0;1;1;6;
Khris Middleton;F;32:34;5;10;3;3;1;2;1;3;4;3;1;0;1;3;14;
Khris Middleton;F;20:21;5;6;4;5;0;0;0;4;4;2;0;0;2;4;14;
Khris Middleton;F;47:14;11;22;4;7;3;3;2;5;7;2;2;1;1;4;29;
Khris Middleton;F;37:29;3;9;1;4;2;2;0;6;6;2;0;0;1;1;9;
Khris Middleton;F;32:48;2;6;1;2;3;3;0;4;4;0;1;1;0;2;8;
Khris Middleton;F;14:48;1;7;0;1;0;0;1;1;2;1;0;0;2;2;2;
Khris Middleton;F;23:42;5;9;0;0;0;0;1;3;4;2;0;1;0;2;10;
Khris Middleton;F;29:47;3;7;2;4;2;2;0;1;1;2;0;0;1;3;10;
Khris Middleton;F;47:04;6;18;2;4;2;3;2;6;8;2;1;0;2;5;16;
Khris Middleton;F;49:38;5;15;4;7;0;0;0;7;7;1;0;0;1;4;14;
Khris Middleton;F;36:05;11;15;1;5;4;4;1;4;5;4;2;1;0;4;27;
Khris Middleton;F;40:31;7;14;3;8;2;2;2;4;6;3;3;0;1;4;19;
Khris Middleton;F;33:15;3;11;2;6;7;7;3;5;8;3;1;1;3;6;15;
Khris Middleton;F;40:55;10;20;3;7;0;0;1;8;9;4;1;2;3;3;23;
Khris Middleton;;17:26;2;7;1;2;0;0;0;1;1;1;1;0;0;0;5;
