╔═══════════════╤═══════════════╗
║Name		│Kirk Hinrich	║
╟───────────────┼───────────────╢
║Number		│12		║
╟───────────────┼───────────────╢
║Position	│G		║
╟───────────────┼───────────────╢
║Height		│6-4		║
╟───────────────┼───────────────╢
║Weight		│190		║
╟───────────────┼───────────────╢
║Birth		│JAN 02, 1981	║
╟───────────────┼───────────────╢
║Age		│33		║
╟───────────────┼───────────────╢
║Exp		│10		║
╟───────────────┼───────────────╢
║School		│Kansas		║
╚═══════════════╧═══════════════╝
Kirk Hinrich;G;28:25;2;7;0;3;0;0;0;1;1;4;0;0;1;3;4;
Kirk Hinrich;G;19:30;2;3;1;2;0;0;0;2;2;2;1;0;0;4;5;
Kirk Hinrich;G;31:25;3;5;2;2;1;2;1;1;2;3;0;2;1;1;9;
Kirk Hinrich;G;33:16;2;9;0;4;2;2;1;1;2;6;0;0;0;3;6;
Kirk Hinrich;G;30:38;3;8;2;5;4;6;1;1;2;5;0;0;2;5;12;
Kirk Hinrich;G;27:39;3;10;0;0;2;2;2;1;3;8;0;0;4;5;8;
Kirk Hinrich;G;23:21;3;11;1;2;0;0;0;1;1;1;1;0;1;3;7;
Kirk Hinrich;G;28:29;8;15;2;6;0;0;0;5;5;5;0;3;2;2;18;
Kirk Hinrich;G;29:31;2;6;0;2;2;2;1;6;7;6;1;1;1;5;6;
Kirk Hinrich;G;19:16;2;4;0;1;0;0;0;2;2;3;1;0;3;3;4;
Kirk Hinrich;;21:39;4;8;1;1;2;2;1;1;2;2;1;0;1;4;11;
Kirk Hinrich;;18:28;2;5;0;1;0;0;0;0;0;0;0;0;0;0;4;
Kirk Hinrich;G;19:08;1;8;0;6;0;0;0;1;1;3;1;0;2;2;2;
Kirk Hinrich;G;24:45;2;7;0;1;4;4;0;2;2;2;2;0;2;4;8;
Kirk Hinrich;G;25:01;7;11;1;1;0;0;0;1;1;1;3;0;2;5;15;
Kirk Hinrich;G;28:37;7;13;3;7;0;0;1;3;4;5;3;0;2;3;17;
Kirk Hinrich;G;29:51;4;12;2;7;0;0;0;2;2;6;2;0;1;1;10;
Kirk Hinrich;G;32:40;3;8;0;2;3;4;1;2;3;7;1;0;1;2;9;
Kirk Hinrich;G;27:39;8;11;3;3;0;0;1;1;2;0;1;1;3;2;19;
Kirk Hinrich;G;24:23;5;8;0;0;0;0;1;5;6;3;1;0;4;3;10;
Kirk Hinrich;G;34:25;4;10;2;2;0;0;1;5;6;3;0;0;3;1;10;
Kirk Hinrich;G;32:13;3;12;2;5;6;7;1;1;2;3;3;0;0;2;14;
Kirk Hinrich;G;24:58;3;8;0;2;3;5;1;3;4;3;2;2;1;1;9;
Kirk Hinrich;G;29:42;7;8;2;2;1;2;0;0;0;3;0;0;5;3;17;
Kirk Hinrich;G;30:50;4;6;3;4;0;0;0;2;2;3;0;1;0;1;11;
Kirk Hinrich;G;31:48;2;7;1;2;0;0;0;3;3;1;0;0;3;4;5;
Kirk Hinrich;G;22:22;4;8;2;5;0;0;0;3;3;2;1;0;0;0;10;
Kirk Hinrich;G;32:33;4;10;1;5;0;0;1;3;4;1;0;0;2;5;9;
Kirk Hinrich;G;34:20;5;11;1;3;0;0;0;3;3;4;2;0;5;5;11;
Kirk Hinrich;G;26:53;1;9;1;5;0;0;0;1;1;3;2;0;1;3;3;
Kirk Hinrich;G;30:19;7;12;5;6;0;0;0;1;1;4;2;1;0;1;19;
Kirk Hinrich;G;31:25;4;11;1;4;1;2;0;2;2;3;0;0;0;4;10;
Kirk Hinrich;G;31:53;3;12;2;5;0;0;0;3;3;3;2;0;1;5;8;
Kirk Hinrich;G;24:27;1;5;1;1;0;2;0;2;2;2;1;0;0;4;3;
Kirk Hinrich;G;28:28;3;6;1;2;0;0;0;2;2;3;1;1;1;2;7;
Kirk Hinrich;G;31:55;3;9;1;3;2;3;1;2;3;3;0;0;2;3;9;
Kirk Hinrich;G;27:34;7;13;2;4;2;2;0;2;2;3;0;1;1;1;18;
Kirk Hinrich;G;17:37;0;6;0;1;0;0;0;2;2;3;0;0;1;4;0;
Kirk Hinrich;G;30:21;4;9;2;3;1;2;0;1;1;4;1;0;3;1;11;
Kirk Hinrich;G;27:21;0;6;0;3;1;2;0;3;3;3;4;1;1;1;1;
Kirk Hinrich;G;30:51;7;13;1;4;2;2;1;2;3;6;2;0;2;1;17;
Kirk Hinrich;G;31:48;4;12;2;5;7;10;1;1;2;1;3;0;1;4;17;
Kirk Hinrich;G;28:07;4;6;3;4;0;0;0;2;2;5;1;0;0;1;11;
Kirk Hinrich;G;25:57;7;9;2;4;0;0;0;3;3;4;0;2;1;1;16;
Kirk Hinrich;G;26:40;5;13;0;3;0;0;1;1;2;5;0;0;0;3;10;
Kirk Hinrich;G;32:56;4;13;1;6;2;2;1;3;4;3;0;0;1;1;11;
Kirk Hinrich;G;21:36;1;5;0;2;1;2;0;0;0;4;3;0;0;2;3;
Kirk Hinrich;G;30:30;4;8;3;5;0;0;0;1;1;6;1;0;1;6;11;
Kirk Hinrich;;29:29;2;6;2;4;0;0;0;1;1;3;0;0;2;6;6;
Kirk Hinrich;;16:30;3;6;0;1;3;3;0;1;1;1;1;0;5;3;9;
Kirk Hinrich;;19:32;3;8;1;4;2;2;0;1;1;6;2;0;3;1;9;
Kirk Hinrich;;30:56;3;5;2;2;4;6;0;3;3;5;0;1;3;4;12;
Kirk Hinrich;;22:22;1;2;0;1;0;0;0;1;1;2;3;0;0;2;2;
Kirk Hinrich;;24:54;1;6;1;4;3;4;1;2;3;7;1;0;1;5;6;
Kirk Hinrich;G;39:58;4;11;2;7;2;3;1;2;3;4;2;1;2;3;12;
Kirk Hinrich;;32:34;4;10;1;3;4;4;0;4;4;8;0;1;3;3;13;
Kirk Hinrich;;25:36;1;5;0;0;0;0;0;3;3;7;0;2;0;0;2;
Kirk Hinrich;;31:03;3;5;0;2;1;1;1;3;4;4;0;0;2;1;7;
Kirk Hinrich;;33:38;4;12;1;3;4;4;1;6;7;3;1;0;0;4;13;
Kirk Hinrich;G;27:48;3;7;1;3;2;3;0;2;2;7;0;0;3;3;9;
Kirk Hinrich;G;35:39;0;4;0;0;1;2;0;2;2;4;0;0;2;3;1;
Kirk Hinrich;G;37:08;4;10;2;7;3;3;0;3;3;7;3;0;4;4;13;
Kirk Hinrich;G;34:57;5;10;1;1;1;2;0;5;5;2;0;1;1;5;12;
Kirk Hinrich;G;43:08;4;14;0;7;5;5;1;5;6;9;2;0;3;3;13;
Kirk Hinrich;G;28:34;4;7;3;4;2;2;1;4;5;7;0;0;2;5;13;
Kirk Hinrich;G;36:18;1;10;1;7;0;0;0;4;4;4;4;1;5;1;3;
Kirk Hinrich;G;39:55;0;10;0;4;1;2;2;2;4;6;3;0;1;3;1;
Kirk Hinrich;G;39:46;3;11;2;5;3;4;1;3;4;3;4;0;3;3;11;
Kirk Hinrich;G;36:13;5;12;3;9;0;0;0;1;1;8;0;0;3;2;13;
Kirk Hinrich;G;20:18;3;5;0;1;0;0;1;2;3;4;1;1;1;2;6;
Kirk Hinrich;G;25:35;2;4;1;1;0;0;0;1;1;3;2;0;0;1;5;
Kirk Hinrich;G;30:48;1;3;1;1;3;6;1;1;2;4;1;1;1;4;6;
Kirk Hinrich;G;27:58;1;9;0;4;2;2;0;3;3;3;0;1;1;2;4;
