╔═══════════════╤═══════════════════════╗
║Name		│Klay Thompson		║
╟───────────────┼───────────────────────╢
║Number		│11			║
╟───────────────┼───────────────────────╢
║Position	│G			║
╟───────────────┼───────────────────────╢
║Height		│6-7			║
╟───────────────┼───────────────────────╢
║Weight		│205			║
╟───────────────┼───────────────────────╢
║Birth		│FEB 08, 1990		║
╟───────────────┼───────────────────────╢
║Age		│24			║
╟───────────────┼───────────────────────╢
║Exp		│2			║
╟───────────────┼───────────────────────╢
║School		│Washington State	║
╚═══════════════╧═══════════════════════╝
Klay Thompson;G;37:41;6;15;4;9;0;0;0;2;2;4;1;0;4;2;16;
Klay Thompson;G;39:37;8;17;3;7;2;2;1;4;5;6;0;1;3;1;21;
Klay Thompson;G;35:44;9;14;6;9;2;2;0;3;3;0;2;1;2;0;26;
Klay Thompson;G;26:20;6;18;1;6;2;4;1;1;2;0;0;0;1;4;15;
Klay Thompson;G;43:29;5;15;4;10;0;0;0;5;5;3;0;0;2;3;14;
Klay Thompson;G;40:59;5;17;3;7;4;4;1;0;1;1;0;0;1;2;17;
Klay Thompson;G;37:49;9;19;1;5;2;2;1;0;1;3;1;0;2;3;21;
Klay Thompson;G;41:10;9;17;6;9;2;2;0;1;1;3;1;1;1;5;26;
Klay Thompson;G;36:38;3;14;2;7;0;0;0;2;2;1;2;0;1;1;8;
Klay Thompson;G;39:26;6;13;5;10;0;0;0;0;0;1;0;0;2;2;17;
Klay Thompson;G;36:40;8;14;2;4;0;0;1;0;1;2;0;0;0;2;18;
Klay Thompson;G;38:29;6;21;2;9;3;3;0;1;1;4;1;0;1;3;17;
Klay Thompson;G;40:23;5;17;3;9;0;0;0;6;6;4;2;1;3;3;13;
Klay Thompson;G;34:15;6;14;1;3;3;4;0;1;1;3;3;0;0;1;16;
Klay Thompson;G;41:42;3;20;2;6;3;4;0;5;5;2;0;1;1;3;11;
Klay Thompson;G;33:54;5;13;2;4;0;0;0;1;1;0;1;1;2;3;12;
Klay Thompson;G;40:02;8;16;3;6;3;3;0;1;1;1;0;1;1;3;22;
Klay Thompson;G;39:25;6;13;2;6;3;4;0;5;5;2;1;0;0;4;17;
Klay Thompson;G;23:07;2;9;1;4;1;1;0;5;5;3;0;1;0;1;6;
Klay Thompson;G;35:28;7;15;2;4;1;2;0;3;3;1;2;1;1;2;17;
Klay Thompson;G;38:21;6;14;1;3;5;5;0;4;4;5;3;1;2;3;18;
Klay Thompson;G;33:59;6;18;0;5;0;0;2;1;3;1;2;0;0;3;12;
Klay Thompson;G;29:43;3;10;0;2;0;0;0;6;6;3;2;1;1;5;6;
Klay Thompson;G;29:28;8;12;2;3;1;1;0;3;3;2;0;0;3;1;19;
Klay Thompson;G;23:32;3;8;2;4;0;0;1;1;2;1;1;0;0;2;8;
Klay Thompson;G;29:03;9;17;5;10;2;3;0;3;3;1;1;0;0;1;25;
Klay Thompson;G;26:31;4;15;2;7;2;2;1;2;3;0;1;0;1;5;12;
Klay Thompson;G;41:14;10;20;3;5;2;2;1;4;5;2;0;1;1;1;25;
Klay Thompson;G;27:46;7;15;1;8;3;3;0;1;1;4;3;0;0;1;18;
Klay Thompson;G;6:09;2;5;0;0;2;2;1;1;2;0;0;0;0;1;6;
Klay Thompson;G;35:07;9;15;4;6;0;2;0;4;4;2;0;1;1;4;22;
Klay Thompson;G;23:50;6;10;2;2;0;0;0;3;3;1;1;0;5;4;14;
Klay Thompson;G;34:09;10;19;4;6;2;4;0;1;1;1;1;0;3;2;26;
Klay Thompson;G;38:50;10;19;3;7;4;6;1;3;4;0;1;2;2;4;27;
Klay Thompson;G;32:42;7;14;4;5;2;2;0;3;3;2;0;0;1;4;20;
Klay Thompson;G;39:56;11;23;3;11;4;4;0;2;2;1;0;1;1;5;29;
Klay Thompson;G;37:09;7;16;1;3;1;2;0;2;2;3;1;0;3;3;16;
Klay Thompson;G;36:10;6;16;0;3;2;2;1;3;4;5;1;0;2;3;14;
Klay Thompson;G;36:40;6;18;3;11;0;0;1;8;9;0;0;0;2;5;15;
Klay Thompson;G;47:10;11;24;4;9;1;1;0;5;5;5;1;0;2;3;27;
Klay Thompson;G;32:43;5;8;3;3;2;2;0;2;2;2;0;0;0;2;15;
Klay Thompson;G;23:32;8;12;2;3;3;3;0;2;2;1;0;1;1;1;21;
Klay Thompson;G;30:36;11;20;7;10;4;4;0;3;3;1;1;0;0;1;33;
Klay Thompson;G;30:14;8;19;3;6;2;2;1;1;2;1;0;0;2;2;21;
Klay Thompson;G;36:35;6;15;2;6;2;5;1;2;3;4;0;1;2;2;16;
Klay Thompson;G;31:59;9;17;6;10;1;2;0;2;2;2;2;0;1;6;25;
Klay Thompson;G;36:01;7;20;2;12;4;4;1;4;5;1;0;1;1;4;20;
Klay Thompson;G;7:36;3;5;2;4;0;0;0;1;1;1;0;0;0;0;8;
Klay Thompson;G;31:04;15;19;5;7;3;4;1;2;3;1;0;0;1;3;38;
Klay Thompson;G;38:09;3;7;1;2;3;3;0;1;1;1;2;0;2;4;10;
Klay Thompson;G;40:14;10;17;3;8;4;4;1;6;7;2;1;0;1;3;27;
Klay Thompson;G;29:38;5;12;4;8;1;2;1;2;3;2;2;0;1;3;15;
Klay Thompson;G;37:18;11;21;6;9;2;2;0;2;2;1;1;2;0;4;30;
Klay Thompson;G;39:28;5;16;1;5;0;0;0;1;1;2;3;1;3;4;11;
Klay Thompson;G;28:26;5;13;2;8;0;0;0;1;1;2;0;1;0;3;12;
Klay Thompson;G;26:54;6;9;2;4;0;0;0;2;2;3;0;0;0;2;14;
Klay Thompson;G;38:02;10;15;6;9;1;1;2;3;5;2;0;3;0;3;27;
Klay Thompson;G;39:53;9;14;5;8;2;2;1;3;4;2;0;0;2;0;25;
Klay Thompson;G;41:20;6;17;3;7;2;4;2;3;5;0;0;0;1;2;17;
Klay Thompson;G;48:04;9;19;2;7;1;2;1;0;1;0;0;0;3;2;21;
Klay Thompson;G;41:13;6;20;4;10;3;5;0;3;3;3;2;0;2;2;19;
Klay Thompson;G;27:07;10;13;2;4;8;8;0;1;1;1;1;0;4;6;30;
Klay Thompson;G;42:55;8;18;3;6;3;6;2;3;5;8;1;1;4;1;22;
Klay Thompson;G;37:52;5;16;3;9;7;8;1;9;10;2;0;0;4;2;20;
Klay Thompson;G;48:20;5;19;2;9;4;7;2;4;6;4;2;1;1;5;16;
Klay Thompson;G;40:52;10;19;8;11;0;0;0;2;2;1;3;0;4;4;28;
Klay Thompson;G;41:08;8;20;6;12;0;0;1;2;3;7;1;0;2;4;22;
Klay Thompson;G;34:59;2;10;0;4;1;1;0;3;3;1;1;0;3;4;5;
Klay Thompson;G;37:52;12;19;3;5;3;3;0;3;3;5;2;0;2;2;30;
Klay Thompson;G;46:02;9;19;4;12;0;0;1;1;2;5;0;1;2;5;22;
Klay Thompson;G;35:08;3;14;3;9;2;2;0;3;3;1;0;0;4;2;11;
Klay Thompson;G;45:02;6;17;1;7;2;3;0;5;5;5;1;2;3;4;15;
Klay Thompson;G;39:23;7;17;2;4;3;3;0;1;1;3;0;0;2;4;19;
Klay Thompson;G;36:47;6;14;1;4;3;4;0;1;1;6;0;0;2;4;16;
Klay Thompson;G;40:43;6;18;1;7;0;0;2;0;2;2;2;1;5;4;13;
Klay Thompson;G;32:46;5;15;4;8;3;4;0;3;3;2;2;0;2;3;17;
Klay Thompson;G;37:60;6;16;1;4;0;0;1;5;6;2;2;0;3;3;13;
Klay Thompson;G;41:49;10;22;3;10;0;2;0;5;5;4;2;2;1;4;23;
Klay Thompson;G;24:24;9;11;2;3;1;1;1;3;4;2;1;0;0;5;21;
Klay Thompson;G;47:38;5;16;3;12;3;4;1;3;4;1;2;1;2;4;16;
Klay Thompson;G;30:17;7;12;1;5;0;0;0;2;2;2;1;2;4;3;15;
