╔═══════════════╤═══════════════╗
║Name		│Kosta Koufos	║
╟───────────────┼───────────────╢
║Number		│41		║
╟───────────────┼───────────────╢
║Position	│C		║
╟───────────────┼───────────────╢
║Height		│7-0		║
╟───────────────┼───────────────╢
║Weight		│265		║
╟───────────────┼───────────────╢
║Birth		│FEB 24, 1989	║
╟───────────────┼───────────────╢
║Age		│25		║
╟───────────────┼───────────────╢
║Exp		│5		║
╟───────────────┼───────────────╢
║School		│Ohio State	║
╚═══════════════╧═══════════════╝
Kosta Koufos;C;20:17;5;10;0;0;0;0;4;5;9;0;0;0;1;1;10;
Kosta Koufos;C;22:14;4;6;0;0;3;4;1;4;5;1;1;2;0;5;11;
Kosta Koufos;C;24:32;3;10;0;0;2;2;5;4;9;0;0;2;1;4;8;
Kosta Koufos;C;13:10;4;6;0;0;0;0;2;4;6;0;0;0;1;3;8;
Kosta Koufos;C;14:55;4;7;0;0;0;0;1;4;5;0;0;2;0;0;8;
Kosta Koufos;C;20:34;5;6;0;0;1;2;2;6;8;1;0;1;1;2;11;
Kosta Koufos;;3:06;0;1;0;0;0;0;0;0;0;0;0;0;2;1;0;
Kosta Koufos;;21:32;4;7;0;0;2;4;0;4;4;3;1;2;1;2;10;
Kosta Koufos;;15:42;1;3;0;0;0;2;0;2;2;0;1;1;0;3;2;
Kosta Koufos;;5:31;0;0;0;0;2;2;1;0;1;0;0;0;0;1;2;
Kosta Koufos;;4:26;0;2;0;0;0;0;1;1;2;0;0;0;1;1;0;
Kosta Koufos;;23:54;7;8;0;0;0;0;2;5;7;1;0;3;2;4;14;
Kosta Koufos;;11:03;3;5;0;0;0;2;1;2;3;0;1;1;0;3;6;
Kosta Koufos;;9:46;2;3;0;0;0;0;1;2;3;0;0;0;0;0;4;
Kosta Koufos;;6:07;0;0;0;0;0;0;1;1;2;0;0;0;1;0;0;
Kosta Koufos;;13:45;3;6;0;0;1;2;3;1;4;0;1;1;0;3;7;
Kosta Koufos;;7:51;2;3;0;0;0;0;0;1;1;0;1;0;0;1;4;
Kosta Koufos;;5:08;2;6;0;0;0;0;2;1;3;0;0;0;0;0;4;
Kosta Koufos;;13:12;3;5;0;0;0;0;2;3;5;0;0;1;1;4;6;
Kosta Koufos;;13:17;2;7;0;0;2;2;2;2;4;0;0;1;0;2;6;
Kosta Koufos;;20:03;3;5;0;0;1;4;1;3;4;0;1;1;0;2;7;
Kosta Koufos;;13:34;2;4;0;0;0;0;1;1;2;0;0;2;0;1;4;
Kosta Koufos;;12:34;3;6;0;0;0;0;1;1;2;1;1;2;1;4;6;
Kosta Koufos;;8:39;2;2;0;0;0;0;0;1;1;1;0;1;1;1;4;
Kosta Koufos;;13:36;3;5;0;0;0;0;4;1;5;1;0;0;1;2;6;
Kosta Koufos;;15:40;4;4;0;0;1;2;1;4;5;0;1;0;2;4;9;
Kosta Koufos;;12:26;1;2;0;0;2;2;1;0;1;0;0;0;0;1;4;
Kosta Koufos;;19:03;2;2;0;0;3;3;0;4;4;1;0;1;2;4;7;
Kosta Koufos;;19:13;6;9;0;0;0;2;4;4;8;0;2;1;1;4;12;
Kosta Koufos;;19:15;6;8;0;0;0;0;4;2;6;1;1;0;1;3;12;
Kosta Koufos;;19:28;5;11;0;0;2;3;2;8;10;0;0;0;2;4;12;
Kosta Koufos;;19:58;1;2;0;0;0;0;1;3;4;0;0;2;3;1;2;
Kosta Koufos;;4:46;1;2;0;0;0;0;0;1;1;0;0;0;0;2;2;
Kosta Koufos;;14:38;2;5;0;0;2;3;2;0;2;0;0;0;0;0;6;
Kosta Koufos;;13:54;4;7;0;0;0;0;2;6;8;1;0;0;2;3;8;
Kosta Koufos;;13:59;3;4;0;0;1;1;4;3;7;0;0;0;1;4;7;
Kosta Koufos;;18:44;4;5;0;0;0;0;2;3;5;0;0;1;0;2;8;
Kosta Koufos;;19:36;1;4;0;0;0;0;1;5;6;1;0;2;0;1;2;
Kosta Koufos;;17:58;4;11;0;0;0;0;2;6;8;0;0;1;1;4;8;
Kosta Koufos;;17:37;3;4;0;0;0;0;1;1;2;0;0;1;0;3;6;
Kosta Koufos;;8:03;3;3;0;0;0;0;0;0;0;0;1;1;0;2;6;
Kosta Koufos;;8:16;1;4;0;0;0;0;1;1;2;0;0;0;0;1;2;
Kosta Koufos;;19:00;2;7;0;0;2;3;4;2;6;0;1;1;0;2;6;
Kosta Koufos;;7:46;1;3;0;0;0;0;1;1;2;0;1;0;0;1;2;
Kosta Koufos;;11:26;0;1;0;0;0;0;1;4;5;0;0;0;1;1;0;
Kosta Koufos;;17:20;4;9;0;0;0;0;2;3;5;0;1;2;1;0;8;
Kosta Koufos;;3:26;0;1;0;0;2;2;0;0;0;0;0;0;0;0;2;
Kosta Koufos;;12:37;2;6;0;0;2;2;1;1;2;2;0;2;1;1;6;
Kosta Koufos;;8:15;2;3;0;0;0;0;1;2;3;1;0;1;1;1;4;
Kosta Koufos;;10:02;0;2;0;0;0;0;3;1;4;1;0;0;0;1;0;
Kosta Koufos;;13:59;3;4;0;0;1;4;1;2;3;0;0;0;0;2;7;
Kosta Koufos;;15:59;3;6;0;0;0;0;0;3;3;1;1;1;1;1;6;
Kosta Koufos;;17:23;3;9;0;0;1;2;6;2;8;0;0;0;1;4;7;
Kosta Koufos;;12:37;1;1;0;0;1;3;0;2;2;2;0;1;0;2;3;
Kosta Koufos;;17:12;2;4;0;0;2;2;1;2;3;1;0;1;0;0;6;
Kosta Koufos;;18:14;4;7;0;0;0;0;1;1;2;1;0;1;4;4;8;
Kosta Koufos;;22:07;3;6;0;0;2;2;0;0;0;0;0;0;1;1;8;
Kosta Koufos;;8:03;0;2;0;0;0;0;1;3;4;0;0;0;1;1;0;
Kosta Koufos;;18:43;2;6;0;0;0;0;3;2;5;2;0;0;1;3;4;
Kosta Koufos;;13:28;2;3;0;0;2;2;0;6;6;0;0;2;0;1;6;
Kosta Koufos;;18:10;5;5;0;0;0;0;1;8;9;2;2;4;1;4;10;
Kosta Koufos;;21:16;3;10;0;0;1;2;3;5;8;0;2;1;2;2;7;
Kosta Koufos;;27:47;3;8;0;0;0;0;2;5;7;0;0;0;1;5;6;
Kosta Koufos;C;30:46;4;7;0;0;0;0;7;6;13;2;0;2;1;3;8;
Kosta Koufos;C;35:20;3;11;0;0;1;2;2;11;13;1;1;3;1;4;7;
Kosta Koufos;C;39:45;5;10;0;0;0;0;3;8;11;2;2;3;3;4;10;
Kosta Koufos;C;32:12;7;12;0;0;0;0;3;9;12;2;1;2;1;2;14;
Kosta Koufos;C;30:27;5;12;0;0;7;9;3;6;9;0;2;0;1;2;17;
Kosta Koufos;C;32:35;4;13;0;0;2;2;9;7;16;1;1;2;2;2;10;
Kosta Koufos;C;26:16;3;10;0;0;1;2;5;6;11;0;0;3;3;5;7;
Kosta Koufos;C;30:55;3;10;0;0;6;6;3;4;7;1;0;1;1;6;12;
Kosta Koufos;C;13:51;3;5;0;0;0;0;2;4;6;0;0;0;0;2;6;
Kosta Koufos;C;15:46;1;4;0;0;0;0;0;2;2;0;0;0;0;2;2;
Kosta Koufos;C;13:03;1;5;0;0;0;0;4;2;6;0;0;0;1;1;2;
Kosta Koufos;C;17:55;3;9;0;0;0;1;4;3;7;1;1;1;1;4;6;
Kosta Koufos;;15:53;5;8;0;0;0;0;1;8;9;1;0;1;0;2;10;
Kosta Koufos;C;19:41;5;7;0;0;0;2;4;3;7;1;0;1;0;2;10;
Kosta Koufos;C;23:07;2;5;0;0;1;2;4;7;11;1;0;0;2;3;5;
Kosta Koufos;C;25:54;4;10;0;0;1;1;7;5;12;0;2;1;2;3;9;
Kosta Koufos;C;30:05;6;8;0;0;0;0;1;2;3;0;1;1;1;5;12;
