╔═══════════════╤═══════════════╗
║Name		│Kris Humphries	║
╟───────────────┼───────────────╢
║Number		│43		║
╟───────────────┼───────────────╢
║Position	│C-F		║
╟───────────────┼───────────────╢
║Height		│6-9		║
╟───────────────┼───────────────╢
║Weight		│235		║
╟───────────────┼───────────────╢
║Birth		│FEB 06, 1985	║
╟───────────────┼───────────────╢
║Age		│29		║
╟───────────────┼───────────────╢
║Exp		│9		║
╟───────────────┼───────────────╢
║School		│Minnesota	║
╚═══════════════╧═══════════════╝
Kris Humphries;;25:33;4;10;0;0;1;2;1;10;11;3;2;4;0;5;9;
Kris Humphries;;23:40;2;6;0;0;3;4;6;6;12;3;0;1;1;3;7;
Kris Humphries;;23:01;5;8;0;0;4;4;1;2;3;2;0;3;1;1;14;
Kris Humphries;C;31:36;3;5;0;0;0;0;4;4;8;4;0;0;2;6;6;
Kris Humphries;C;35:31;5;10;0;0;6;6;3;11;14;0;2;3;0;2;16;
Kris Humphries;C;29:42;4;8;0;0;2;2;3;5;8;2;2;3;1;4;10;
Kris Humphries;C;20:50;2;7;0;0;0;0;2;6;8;2;0;3;1;1;4;
Kris Humphries;C;24:45;5;10;0;0;2;2;4;4;8;0;0;1;1;2;12;
Kris Humphries;C;11:13;1;4;0;0;0;0;3;3;6;1;0;0;1;2;2;
Kris Humphries;C;28:35;8;15;0;0;2;2;5;7;12;0;0;2;1;3;18;
Kris Humphries;C;28:36;7;10;0;0;0;0;4;9;13;2;1;0;2;4;14;
Kris Humphries;C;34:56;3;10;0;1;2;2;0;6;6;3;2;3;0;1;8;
Kris Humphries;C;18:08;3;5;0;0;2;2;1;3;4;0;0;0;0;1;8;
Kris Humphries;;18:29;2;5;0;0;2;2;0;5;5;1;0;0;0;3;6;
Kris Humphries;;21:47;3;7;0;0;6;8;2;3;5;0;1;0;2;4;12;
Kris Humphries;;21:34;3;5;0;0;7;8;3;6;9;0;0;1;1;1;13;
Kris Humphries;;13:16;1;4;0;0;0;0;1;2;3;0;0;0;2;1;2;
Kris Humphries;;13:01;1;4;0;0;1;2;2;5;7;1;1;1;1;1;3;
Kris Humphries;;7:12;0;1;0;0;0;0;0;1;1;0;1;0;2;2;0;
Kris Humphries;;23:22;5;12;0;0;0;0;0;3;3;0;0;1;0;2;10;
Kris Humphries;;14:39;2;4;0;0;0;0;1;2;3;0;0;0;1;3;4;
Kris Humphries;;22:35;5;9;0;0;5;6;0;6;6;2;0;1;1;3;15;
Kris Humphries;;11:39;2;6;0;0;1;4;2;1;3;0;0;0;2;3;5;
Kris Humphries;;15:36;2;3;0;0;2;2;0;2;2;0;1;0;1;1;6;
Kris Humphries;C;36:26;9;15;0;0;1;1;4;4;8;4;2;2;3;3;19;
Kris Humphries;C;20:28;4;10;0;0;1;1;1;2;3;0;0;0;2;1;9;
Kris Humphries;C;16:57;4;8;0;0;2;2;2;3;5;0;1;0;0;2;10;
Kris Humphries;C;36:39;7;15;0;0;4;5;4;6;10;2;0;2;1;2;18;
Kris Humphries;C;15:45;1;5;0;0;0;0;0;3;3;0;0;1;3;0;2;
Kris Humphries;C;26:15;2;6;0;0;3;4;1;6;7;1;1;2;3;2;7;
Kris Humphries;C;27:11;9;13;0;0;2;2;4;7;11;2;2;2;1;3;20;
Kris Humphries;C;25:50;6;10;0;0;3;4;4;5;9;0;1;0;1;2;15;
Kris Humphries;C;20:45;6;9;0;0;3;5;5;0;5;2;0;1;0;1;15;
Kris Humphries;C;24:50;5;8;0;0;1;2;3;10;13;1;0;0;1;2;11;
Kris Humphries;C;35:39;6;13;0;0;4;6;5;7;12;3;1;3;0;3;16;
Kris Humphries;C;23:35;2;8;0;0;1;2;7;7;14;1;1;1;0;3;5;
Kris Humphries;C;14:33;2;4;0;0;3;4;1;1;2;1;0;0;0;2;7;
Kris Humphries;C;24:04;4;11;0;0;4;4;5;3;8;0;1;1;2;1;12;
Kris Humphries;C;16:41;1;6;0;0;2;2;1;3;4;1;0;1;0;1;4;
Kris Humphries;C;19:06;3;6;0;0;2;2;0;4;4;2;0;1;2;4;8;
Kris Humphries;C;22:17;4;5;0;0;6;8;1;7;8;1;1;0;0;3;14;
Kris Humphries;C;25:23;5;7;0;0;1;2;1;2;3;1;1;0;2;2;11;
Kris Humphries;C;10:44;3;5;0;0;0;0;1;0;1;0;0;0;0;0;6;
Kris Humphries;C;15:24;2;5;0;0;0;0;3;0;3;1;0;1;0;2;4;
Kris Humphries;;11:26;2;5;0;0;0;0;2;5;7;0;0;0;0;1;4;
Kris Humphries;;20:48;3;4;0;0;2;3;2;7;9;0;0;2;2;2;8;
Kris Humphries;;5:42;1;3;0;0;0;0;0;0;0;0;0;0;1;0;2;
Kris Humphries;;0:52;0;0;0;0;0;0;0;0;0;0;0;0;0;1;0;
Kris Humphries;;18:34;3;5;0;0;3;3;1;4;5;0;0;2;0;0;9;
Kris Humphries;;9:47;0;1;0;0;1;2;0;0;0;0;0;0;0;0;1;
Kris Humphries;;10:52;1;2;0;0;2;2;0;3;3;0;0;0;0;2;4;
Kris Humphries;;14:08;2;4;0;1;2;2;1;5;6;0;0;2;0;1;6;
Kris Humphries;;4:53;2;2;0;0;0;0;0;1;1;1;0;1;1;1;4;
Kris Humphries;;15:40;1;3;0;0;2;2;1;1;2;1;0;0;0;1;4;
Kris Humphries;;16:30;1;3;0;0;0;0;1;7;8;0;0;1;2;2;2;
Kris Humphries;;16:20;2;4;0;0;0;0;2;3;5;0;0;1;0;1;4;
Kris Humphries;;16:21;4;10;0;0;0;0;3;3;6;0;0;1;0;1;8;
Kris Humphries;;18:09;4;6;0;0;1;1;0;4;4;1;0;1;2;2;9;
Kris Humphries;;13:28;1;4;0;0;0;0;2;2;4;0;0;1;2;2;2;
Kris Humphries;;20:07;2;5;0;0;1;2;1;7;8;3;1;1;0;2;5;
Kris Humphries;;23:32;8;11;0;0;2;2;1;6;7;2;1;1;1;1;18;
Kris Humphries;;24:54;2;5;0;0;2;2;1;6;7;2;0;1;2;2;6;
Kris Humphries;;16:38;2;4;0;0;0;0;2;0;2;1;2;0;0;3;4;
Kris Humphries;;21:11;4;5;0;0;0;0;2;5;7;2;1;0;0;2;8;
Kris Humphries;;17:51;4;6;0;0;2;2;1;2;3;0;0;1;4;3;10;
Kris Humphries;;16:14;4;6;0;0;0;1;1;4;5;3;0;0;1;2;8;
Kris Humphries;;18:36;4;6;0;0;0;0;1;3;4;0;1;0;0;1;8;
Kris Humphries;;17:19;4;7;0;0;2;2;1;2;3;1;0;0;1;1;10;
Kris Humphries;;28:09;7;13;0;0;4;4;0;10;10;1;0;0;0;4;18;
