╔═══════════════╤═══════════════╗
║Name		│Kyle Lowry	║
╟───────────────┼───────────────╢
║Number		│7		║
╟───────────────┼───────────────╢
║Position	│G		║
╟───────────────┼───────────────╢
║Height		│6-0		║
╟───────────────┼───────────────╢
║Weight		│205		║
╟───────────────┼───────────────╢
║Birth		│MAR 25, 1986	║
╟───────────────┼───────────────╢
║Age		│28		║
╟───────────────┼───────────────╢
║Exp		│7		║
╟───────────────┼───────────────╢
║School		│Villanova	║
╚═══════════════╧═══════════════╝
Kyle Lowry;G;33:33;4;9;1;4;4;4;0;4;4;14;2;1;1;3;13;
Kyle Lowry;G;35:15;7;13;4;4;1;2;1;4;5;11;3;0;2;2;19;
Kyle Lowry;G;37:13;5;14;2;8;2;4;0;4;4;9;3;0;1;4;14;
Kyle Lowry;G;33:54;7;13;2;5;0;3;0;3;3;2;0;0;4;4;16;
Kyle Lowry;G;33:58;4;9;4;6;9;9;1;4;5;9;1;0;1;4;21;
Kyle Lowry;G;35:22;4;11;3;7;1;2;1;5;6;4;0;1;2;3;12;
Kyle Lowry;G;29:58;6;8;4;5;7;7;1;1;2;5;4;1;0;3;23;
Kyle Lowry;G;42:07;6;17;3;8;3;4;2;5;7;12;0;1;3;4;18;
Kyle Lowry;G;34:18;7;12;6;9;4;5;0;5;5;6;1;0;2;3;24;
Kyle Lowry;G;35:01;8;13;3;7;2;2;0;2;2;9;0;1;3;2;21;
Kyle Lowry;G;37:32;9;22;3;9;0;1;0;4;4;4;0;0;2;5;21;
Kyle Lowry;G;35:01;0;10;0;6;3;4;0;4;4;5;2;0;1;4;3;
Kyle Lowry;G;35:35;7;11;3;5;1;3;4;6;10;13;0;0;2;3;18;
Kyle Lowry;G;39:21;2;10;1;6;6;9;3;1;4;12;1;1;3;3;11;
Kyle Lowry;G;35:16;10;18;4;7;7;8;0;5;5;7;5;0;4;5;31;
Kyle Lowry;G;37:27;11;20;6;11;5;7;3;4;7;11;0;0;4;3;33;
Kyle Lowry;G;30:49;5;15;3;11;0;0;0;3;3;6;2;0;3;1;13;
Kyle Lowry;G;43:47;7;15;3;7;6;7;0;5;5;8;2;0;2;5;23;
Kyle Lowry;G;24:44;1;8;0;5;0;0;0;4;4;3;1;0;1;0;2;
Kyle Lowry;G;40:45;7;16;2;6;5;6;2;5;7;8;1;2;3;6;21;
Kyle Lowry;G;40:48;6;18;2;7;5;6;3;3;6;3;0;0;3;5;19;
Kyle Lowry;G;38:48;8;13;1;4;2;2;5;2;7;12;2;0;2;2;19;
Kyle Lowry;G;32:22;5;14;1;4;5;6;2;4;6;13;2;0;3;2;16;
Kyle Lowry;G;35:05;8;19;2;5;6;6;1;1;2;11;2;0;3;4;24;
Kyle Lowry;G;34:27;4;13;1;4;7;7;1;4;5;7;1;0;2;6;16;
Kyle Lowry;G;35:15;5;13;1;4;3;4;2;4;6;9;3;0;2;4;14;
Kyle Lowry;G;36:48;7;13;4;5;10;11;0;4;4;6;0;0;7;3;28;
Kyle Lowry;G;35:25;3;15;0;9;7;7;0;5;5;9;1;0;0;4;13;
Kyle Lowry;G;46:05;6;18;1;5;5;7;2;5;7;10;1;1;2;5;18;
Kyle Lowry;G;31:27;3;13;3;6;4;4;2;1;3;8;2;0;2;4;13;
Kyle Lowry;G;38:50;2;11;1;5;7;8;0;3;3;7;1;0;4;3;12;
Kyle Lowry;G;36:20;5;13;1;3;9;10;4;8;12;11;2;0;4;3;20;
Kyle Lowry;G;37:46;8;16;4;8;1;1;2;6;8;7;2;0;4;5;21;
Kyle Lowry;G;34:01;6;13;3;6;4;6;1;3;4;6;0;0;4;2;19;
Kyle Lowry;G;38:48;6;14;4;7;6;7;1;6;7;12;1;1;0;3;22;
Kyle Lowry;G;40:23;9;19;2;8;8;9;1;4;5;13;2;1;3;5;28;
Kyle Lowry;G;40:57;8;16;0;4;4;4;0;7;7;9;1;0;2;5;20;
Kyle Lowry;G;37:13;6;18;3;7;8;10;3;5;8;5;2;0;6;1;23;
Kyle Lowry;G;41:29;6;14;5;9;5;5;1;3;4;4;3;0;2;4;22;
Kyle Lowry;G;27:04;9;17;3;7;4;7;1;1;2;4;4;0;1;2;25;
Kyle Lowry;G;33:30;8;18;3;7;3;7;1;4;5;10;3;0;2;4;22;
Kyle Lowry;G;34:11;8;17;4;8;3;3;1;8;9;4;0;0;2;3;23;
Kyle Lowry;G;33:40;4;13;0;6;1;2;2;4;6;5;0;0;3;2;9;
Kyle Lowry;G;35:31;6;18;2;7;2;2;0;3;3;4;2;0;6;3;16;
Kyle Lowry;G;25:53;4;11;1;5;2;3;1;0;1;4;0;0;5;2;11;
Kyle Lowry;G;37:58;9;19;2;7;9;9;0;5;5;8;0;0;0;3;29;
Kyle Lowry;G;38:53;7;13;4;7;7;9;1;1;2;2;0;0;3;3;25;
Kyle Lowry;G;33:32;9;18;4;7;6;8;1;1;2;7;2;0;2;6;28;
Kyle Lowry;G;36:42;10;24;3;9;1;1;3;2;5;4;1;0;1;3;24;
Kyle Lowry;G;26:24;8;15;3;8;3;5;0;3;3;5;1;0;4;4;22;
Kyle Lowry;G;34:45;2;8;0;3;7;12;2;1;3;8;2;0;2;2;11;
Kyle Lowry;G;33:37;5;7;3;5;3;6;0;3;3;4;0;0;4;2;16;
Kyle Lowry;G;34:08;5;14;2;4;2;4;1;5;6;4;0;0;0;3;14;
Kyle Lowry;G;35:27;4;11;2;8;3;3;2;1;3;5;1;0;1;4;13;
Kyle Lowry;G;33:11;3;7;2;3;0;0;1;2;3;6;1;1;2;5;8;
Kyle Lowry;G;36:43;4;10;2;6;2;2;2;5;7;8;1;0;2;4;12;
Kyle Lowry;G;15:13;3;5;3;4;0;0;1;1;2;4;2;0;1;0;9;
Kyle Lowry;G;44:24;4;13;2;8;0;0;1;1;2;2;1;0;2;5;10;
Kyle Lowry;G;34:52;6;10;3;5;6;8;0;3;3;6;2;0;2;2;21;
Kyle Lowry;G;37:49;3;15;0;7;0;0;1;2;3;8;3;0;1;3;6;
Kyle Lowry;G;45:16;3;11;1;7;3;4;0;7;7;10;4;0;0;3;10;
Kyle Lowry;G;37:31;4;12;3;5;2;2;0;3;3;10;3;1;2;4;13;
Kyle Lowry;G;36:18;4;9;2;5;2;2;2;4;6;9;3;1;3;4;12;
Kyle Lowry;G;37:57;8;15;2;5;6;6;0;0;0;6;2;0;2;5;24;
Kyle Lowry;G;42:59;4;10;3;8;4;4;1;3;4;6;2;0;7;5;15;
Kyle Lowry;G;38:40;5;15;3;9;4;4;0;3;3;7;2;0;5;3;17;
Kyle Lowry;G;37:52;7;13;2;7;4;4;0;4;4;9;2;0;3;5;20;
Kyle Lowry;G;39:25;7;16;2;6;5;6;1;0;1;7;0;0;2;4;21;
Kyle Lowry;G;36:38;8;13;1;5;6;6;1;4;5;8;3;0;3;2;23;
Kyle Lowry;G;32:29;4;10;3;7;0;0;1;6;7;7;1;0;4;3;11;
Kyle Lowry;G;34:00;2;9;0;5;2;2;1;2;3;11;1;0;1;3;6;
Kyle Lowry;G;33:25;7;14;2;5;0;0;0;3;3;6;2;0;1;3;16;
Kyle Lowry;G;40:31;6;14;3;7;2;2;2;2;4;6;2;1;5;5;17;
Kyle Lowry;G;40:51;7;16;3;7;3;3;2;3;5;6;1;0;3;2;20;
Kyle Lowry;G;37:18;6;16;3;6;7;7;2;5;7;9;4;0;2;3;22;
Kyle Lowry;G;39:12;6;15;2;5;9;9;1;3;4;9;1;0;1;2;23;
Kyle Lowry;G;38:28;4;10;2;5;5;8;0;4;4;11;1;0;3;2;15;
Kyle Lowry;G;37:37;10;17;4;7;8;10;1;7;8;11;1;0;1;3;32;
Kyle Lowry;G;32:15;4;10;3;8;2;4;1;3;4;6;2;0;1;2;13;
