╔═══════════════╤═══════════════╗
║Name		│Kyle O'Quinn	║
╟───────────────┼───────────────╢
║Number		│2		║
╟───────────────┼───────────────╢
║Position	│F		║
╟───────────────┼───────────────╢
║Height		│6-10		║
╟───────────────┼───────────────╢
║Weight		│250		║
╟───────────────┼───────────────╢
║Birth		│MAR 26, 1990	║
╟───────────────┼───────────────╢
║Age		│24		║
╟───────────────┼───────────────╢
║Exp		│1		║
╟───────────────┼───────────────╢
║School		│Norfolk State	║
╚═══════════════╧═══════════════╝
Kyle O'Quinn;;8:05;0;0;0;0;0;0;0;0;0;0;0;0;0;4;0;
Kyle O'Quinn;;1:13;0;1;0;0;0;0;0;1;1;0;0;0;0;0;0;
Kyle O'Quinn;;5:10;1;2;0;0;2;2;0;1;1;0;1;0;1;0;4;
Kyle O'Quinn;;21:25;1;2;0;0;2;2;1;4;5;1;0;1;1;2;4;
Kyle O'Quinn;;3:31;0;1;0;0;0;0;0;2;2;1;0;0;1;1;0;
Kyle O'Quinn;;23:59;5;6;0;0;2;2;0;7;7;1;1;3;2;3;12;
Kyle O'Quinn;;16:52;4;8;0;0;0;0;2;5;7;0;0;3;2;2;8;
Kyle O'Quinn;;23:54;4;6;0;0;2;3;3;6;9;1;1;1;2;5;10;
Kyle O'Quinn;;23:57;6;10;0;1;3;6;4;4;8;1;0;2;1;1;15;
Kyle O'Quinn;;21:19;2;7;0;0;1;2;1;2;3;1;0;0;1;2;5;
Kyle O'Quinn;;26:03;3;8;0;0;1;2;1;5;6;1;0;2;2;4;7;
Kyle O'Quinn;;17:36;0;4;0;0;0;0;0;4;4;1;0;1;1;4;0;
Kyle O'Quinn;;26:57;2;7;0;0;0;0;3;8;11;1;4;0;1;5;4;
Kyle O'Quinn;;13:38;2;5;0;0;2;2;1;4;5;0;1;4;0;0;6;
Kyle O'Quinn;;17:23;3;6;0;1;2;2;0;7;7;2;1;0;3;3;8;
Kyle O'Quinn;;21:57;1;3;0;0;2;2;0;2;2;3;2;0;1;2;4;
Kyle O'Quinn;;13:27;2;4;0;0;0;1;0;2;2;1;0;0;0;1;4;
Kyle O'Quinn;;20:10;4;8;0;0;0;0;0;5;5;1;2;6;2;1;8;
Kyle O'Quinn;;18:22;4;7;0;0;1;2;1;2;3;1;2;0;0;2;9;
Kyle O'Quinn;;10:47;1;1;0;0;0;0;0;6;6;1;1;0;0;2;2;
Kyle O'Quinn;;14:37;2;5;0;0;0;0;2;4;6;1;0;3;2;2;4;
Kyle O'Quinn;;21:00;0;2;0;0;0;2;2;7;9;7;0;2;1;2;0;
Kyle O'Quinn;;27:58;5;8;0;0;0;0;2;6;8;0;1;0;2;6;10;
Kyle O'Quinn;;14:56;2;2;0;0;0;0;0;2;2;1;0;1;0;3;4;
Kyle O'Quinn;;23:48;5;11;0;0;0;0;2;3;5;4;1;0;0;3;10;
Kyle O'Quinn;;21:16;4;6;0;0;2;2;4;5;9;1;0;1;0;5;10;
Kyle O'Quinn;;14:23;1;3;0;0;0;0;0;4;4;1;1;4;1;5;2;
Kyle O'Quinn;;22:19;6;10;0;0;2;2;6;9;15;2;2;1;2;4;14;
Kyle O'Quinn;;19:11;4;6;0;0;0;0;3;5;8;2;2;1;4;2;8;
Kyle O'Quinn;;16:08;4;13;0;0;0;0;2;6;8;1;1;3;1;4;8;
Kyle O'Quinn;F;17:42;4;8;0;0;1;2;2;3;5;1;1;1;0;1;9;
Kyle O'Quinn;F;20:16;5;8;0;0;0;0;2;5;7;1;0;2;1;3;10;
Kyle O'Quinn;F;27:27;5;8;0;0;0;0;2;6;8;1;0;2;2;0;10;
Kyle O'Quinn;F;22:43;3;5;0;0;0;0;1;5;6;2;0;4;3;5;6;
Kyle O'Quinn;F;21:03;4;7;0;0;2;4;0;5;5;3;0;2;3;2;10;
Kyle O'Quinn;F;31:37;2;9;0;0;2;3;4;7;11;4;2;1;4;1;6;
Kyle O'Quinn;F;25:13;2;5;0;0;2;2;1;6;7;1;1;2;2;4;6;
Kyle O'Quinn;F;20:26;7;10;0;0;0;0;5;2;7;0;0;1;0;4;14;
Kyle O'Quinn;F;22:41;3;8;0;0;0;0;3;3;6;0;1;1;0;2;6;
Kyle O'Quinn;F;23:50;5;10;0;0;3;5;5;2;7;3;0;2;0;2;13;
Kyle O'Quinn;F;15:03;0;2;0;0;0;0;0;3;3;2;1;0;0;3;0;
Kyle O'Quinn;F;18:03;3;5;0;0;2;2;1;4;5;2;0;3;2;4;8;
Kyle O'Quinn;F;29:38;5;20;0;0;0;0;2;4;6;1;3;5;2;4;10;
Kyle O'Quinn;F;30:40;6;7;0;0;2;3;4;9;13;1;1;4;4;5;14;
Kyle O'Quinn;F;27:52;6;9;0;0;1;2;5;3;8;1;1;2;1;4;13;
Kyle O'Quinn;F;24:32;6;9;0;0;1;4;2;7;9;1;0;3;1;2;13;
Kyle O'Quinn;F;22:27;5;7;0;0;0;0;1;3;4;2;2;0;1;3;10;
Kyle O'Quinn;F;28:05;9;11;0;1;2;2;1;6;7;1;0;1;2;3;20;
Kyle O'Quinn;F;20:56;1;6;0;0;4;6;1;4;5;0;0;1;3;1;6;
Kyle O'Quinn;;14:23;3;7;0;0;0;0;0;4;4;0;0;3;1;2;6;
Kyle O'Quinn;;2:27;0;0;0;0;0;0;0;0;0;0;0;0;1;1;0;
Kyle O'Quinn;;22:13;6;8;0;0;2;2;0;6;6;1;0;4;0;2;14;
Kyle O'Quinn;;12:38;1;2;0;0;2;2;1;3;4;0;0;0;1;5;4;
Kyle O'Quinn;;9:34;1;1;0;0;0;0;0;3;3;2;0;0;1;3;2;
Kyle O'Quinn;;11:55;2;6;0;0;1;2;4;5;9;0;1;1;2;2;5;
Kyle O'Quinn;;14:19;4;6;0;0;0;0;1;2;3;0;1;1;0;2;8;
Kyle O'Quinn;;23:08;0;2;0;0;2;2;2;4;6;3;0;1;1;0;2;
Kyle O'Quinn;;10:42;3;5;0;0;1;2;2;2;4;0;0;0;0;1;7;
Kyle O'Quinn;;4:57;0;1;0;0;0;0;0;0;0;0;0;0;0;1;0;
Kyle O'Quinn;;5:44;1;1;0;0;0;0;0;1;1;0;0;0;0;0;2;
Kyle O'Quinn;;8:13;0;0;0;0;0;0;1;2;3;2;0;1;1;2;0;
Kyle O'Quinn;;8:56;1;4;0;0;0;0;1;2;3;0;0;0;1;1;2;
Kyle O'Quinn;;1:15;0;0;0;0;0;0;0;0;0;0;0;0;1;1;0;
Kyle O'Quinn;;2:58;1;1;0;0;0;0;0;0;0;0;0;0;0;1;2;
Kyle O'Quinn;;4:24;0;1;0;0;0;0;0;1;1;1;0;0;1;3;0;
Kyle O'Quinn;;16:02;1;1;0;0;2;2;0;3;3;0;0;0;1;1;4;
Kyle O'Quinn;;15:22;0;4;0;0;0;0;4;5;9;2;0;1;0;3;0;
Kyle O'Quinn;;2:54;0;0;0;0;1;2;1;1;2;1;0;0;0;0;1;
Kyle O'Quinn;;12:16;2;4;0;0;0;0;1;5;6;1;0;0;1;1;4;
