╔═══════════════╤═══════════════╗
║Name		│Kyle Korver	║
╟───────────────┼───────────────╢
║Number		│26		║
╟───────────────┼───────────────╢
║Position	│G-F		║
╟───────────────┼───────────────╢
║Height		│6-7		║
╟───────────────┼───────────────╢
║Weight		│212		║
╟───────────────┼───────────────╢
║Birth		│MAR 17, 1981	║
╟───────────────┼───────────────╢
║Age		│33		║
╟───────────────┼───────────────╢
║Exp		│10		║
╟───────────────┼───────────────╢
║School		│Creighton	║
╚═══════════════╧═══════════════╝
Kyle Korver;G;32:06;2;7;1;5;0;0;0;3;3;4;1;1;0;1;5;
Kyle Korver;G;36:06;3;9;2;7;0;0;1;4;5;3;1;0;1;3;8;
Kyle Korver;G;36:49;1;5;1;3;4;4;1;6;7;6;1;0;1;2;7;
Kyle Korver;G;36:32;6;8;3;5;2;2;0;2;2;2;1;0;1;3;17;
Kyle Korver;G;37:28;6;11;4;7;4;4;2;3;5;2;3;1;3;1;20;
Kyle Korver;G;34:27;4;10;1;2;0;0;1;6;7;5;2;0;2;0;9;
Kyle Korver;F;28:47;1;9;1;8;0;0;0;0;0;4;0;1;1;0;3;
Kyle Korver;G;39:14;3;10;3;9;3;3;1;6;7;6;2;0;3;4;12;
Kyle Korver;G;35:51;5;11;2;5;0;0;0;5;5;7;1;1;0;2;12;
Kyle Korver;F;25:49;1;3;1;2;0;0;0;4;4;0;1;0;1;3;3;
Kyle Korver;G;25:55;3;7;3;4;3;3;0;3;3;2;1;0;0;1;12;
Kyle Korver;G;34:48;5;9;3;7;1;1;1;2;3;4;0;0;1;1;14;
Kyle Korver;G;26:48;3;4;3;4;2;2;0;3;3;1;1;0;3;1;11;
Kyle Korver;G;35:57;7;9;3;5;7;8;0;4;4;3;0;1;1;1;24;
Kyle Korver;G;31:34;4;9;1;5;0;0;0;4;4;3;1;0;0;3;9;
Kyle Korver;G;33:28;2;6;2;5;0;0;0;2;2;1;1;0;0;1;6;
Kyle Korver;G;38:34;3;9;3;6;0;0;2;2;4;4;0;1;5;1;9;
Kyle Korver;G;35:21;2;7;2;4;1;1;0;3;3;4;1;1;0;0;7;
Kyle Korver;F;26:36;3;7;2;4;0;0;1;3;4;2;2;0;1;3;8;
Kyle Korver;G;33:04;7;10;5;7;0;0;1;3;4;5;1;0;3;3;19;
Kyle Korver;G;33:54;4;5;2;3;0;0;0;2;2;4;0;0;2;1;10;
Kyle Korver;G;37:35;4;10;2;6;1;2;1;6;7;4;3;0;3;4;11;
Kyle Korver;F;27:38;2;8;2;4;1;1;0;5;5;1;0;1;1;3;7;
Kyle Korver;F;38:48;4;10;4;9;4;4;0;7;7;3;2;0;2;4;16;
Kyle Korver;F;31:17;6;9;4;5;1;1;0;2;2;1;1;0;1;4;17;
Kyle Korver;G;37:03;6;10;6;7;0;0;1;3;4;3;1;1;1;3;18;
Kyle Korver;G;28:01;1;9;0;5;3;3;0;2;2;3;0;1;0;1;5;
Kyle Korver;G;25:21;3;7;1;5;0;0;0;0;0;2;1;0;0;2;7;
Kyle Korver;G;34:32;6;7;3;3;2;2;0;4;4;6;2;0;2;4;17;
Kyle Korver;G;32:30;8;12;4;4;6;6;0;2;2;1;2;0;1;3;26;
Kyle Korver;G;35:27;4;6;3;5;4;4;0;2;2;1;2;0;1;1;15;
Kyle Korver;G;36:56;6;8;4;4;2;2;0;4;4;1;1;0;1;2;18;
Kyle Korver;G;36:03;3;8;2;6;2;2;0;9;9;4;0;2;0;1;10;
Kyle Korver;G;35:51;5;14;3;8;3;3;0;1;1;2;0;0;0;2;16;
Kyle Korver;G;26:51;3;10;1;6;4;5;0;2;2;2;0;0;3;2;11;
Kyle Korver;G;33:30;4;9;4;6;0;0;0;4;4;1;0;0;4;0;12;
Kyle Korver;G;39:05;3;9;2;6;0;0;0;4;4;6;0;1;2;2;8;
Kyle Korver;G;35:59;5;7;1;3;0;0;0;6;6;5;0;0;1;2;11;
Kyle Korver;G;37:43;4;16;4;12;0;0;0;5;5;5;2;0;3;3;12;
Kyle Korver;G;36:57;5;8;4;6;3;3;0;5;5;4;1;1;2;1;17;
Kyle Korver;G;37:29;1;8;0;5;1;1;0;7;7;2;0;1;3;2;3;
Kyle Korver;G;25:18;1;3;1;2;1;1;0;3;3;0;0;0;2;4;4;
Kyle Korver;G;22:25;3;4;0;0;1;2;0;2;2;4;1;0;1;0;7;
Kyle Korver;G;35:42;3;9;1;4;1;1;0;5;5;3;2;0;0;1;8;
Kyle Korver;G;34:37;6;12;5;8;0;0;0;4;4;3;3;0;3;2;17;
Kyle Korver;G;37:19;8;10;6;6;0;0;0;2;2;4;2;1;0;3;22;
Kyle Korver;G;31:42;3;4;1;2;2;2;0;1;1;1;0;1;3;3;9;
Kyle Korver;G;34:21;6;10;2;4;2;2;0;5;5;4;2;2;3;2;16;
Kyle Korver;G;39:36;6;10;2;5;0;0;2;6;8;5;1;0;2;2;14;
Kyle Korver;G;32:59;4;9;2;6;1;1;0;3;3;2;2;0;2;2;11;
Kyle Korver;G;36:31;3;7;2;6;0;1;0;8;8;2;0;1;2;3;8;
Kyle Korver;G;33:38;3;6;3;5;4;4;1;5;6;2;0;1;2;4;13;
Kyle Korver;G;33:02;5;11;3;8;2;2;0;4;4;1;0;0;1;2;15;
Kyle Korver;G;25:37;3;5;3;5;0;0;0;3;3;2;0;1;3;2;9;
Kyle Korver;G;32:10;2;5;2;3;2;2;0;5;5;2;2;1;2;0;8;
Kyle Korver;G;32:54;5;8;4;6;0;0;0;3;3;2;0;0;1;3;14;
Kyle Korver;G;31:40;4;8;1;2;0;0;1;3;4;3;2;0;1;4;9;
Kyle Korver;G;31:23;1;6;1;6;0;0;0;2;2;3;2;0;3;3;3;
Kyle Korver;G;32:46;8;12;6;9;1;1;0;3;3;5;0;0;0;1;23;
Kyle Korver;G;31:59;4;6;2;3;0;0;0;1;1;2;0;0;0;1;10;
Kyle Korver;G;37:11;4;10;1;6;0;2;1;5;6;3;1;0;0;2;9;
Kyle Korver;G;38:55;6;13;4;8;0;0;1;3;4;3;2;0;2;2;16;
Kyle Korver;G;32:54;4;10;4;9;1;1;1;1;2;1;1;0;2;2;13;
Kyle Korver;G;38:24;4;10;3;8;0;0;1;2;3;2;1;0;0;2;11;
Kyle Korver;G;36:23;10;15;8;10;0;0;0;4;4;2;1;0;0;3;28;
Kyle Korver;G;23:32;2;5;2;3;0;0;0;3;3;2;0;0;1;1;6;
Kyle Korver;G;39:58;5;9;5;8;0;0;0;4;4;1;2;0;2;4;15;
Kyle Korver;G;38:35;5;11;2;8;1;1;0;5;5;4;1;0;2;1;13;
Kyle Korver;G;41:43;3;11;2;6;0;0;0;8;8;3;1;0;2;3;8;
Kyle Korver;F;37:37;3;5;2;4;0;0;1;3;4;2;1;0;0;1;8;
Kyle Korver;G;38:56;5;11;1;6;3;3;0;3;3;5;1;1;0;3;14;
