╔═══════════════╤═══════════════╗
║Name		│Kyle Singler	║
╟───────────────┼───────────────╢
║Number		│25		║
╟───────────────┼───────────────╢
║Position	│F		║
╟───────────────┼───────────────╢
║Height		│6-8		║
╟───────────────┼───────────────╢
║Weight		│230		║
╟───────────────┼───────────────╢
║Birth		│MAY 04, 1988	║
╟───────────────┼───────────────╢
║Age		│26		║
╟───────────────┼───────────────╢
║Exp		│1		║
╟───────────────┼───────────────╢
║School		│Duke		║
╚═══════════════╧═══════════════╝
Kyle Singler;;13:45;2;3;1;1;2;4;1;1;2;0;0;0;2;5;7;
Kyle Singler;;29:53;5;12;1;3;0;0;1;4;5;2;1;0;0;2;11;
Kyle Singler;;25:32;2;3;0;1;0;0;1;2;3;0;0;0;1;2;4;
Kyle Singler;;35:44;6;17;1;6;3;4;5;3;8;3;1;1;2;3;16;
Kyle Singler;;26:23;3;9;0;3;0;0;5;3;8;1;0;1;6;4;6;
Kyle Singler;;31:31;4;8;1;2;4;5;1;2;3;0;0;0;1;2;13;
Kyle Singler;;22:23;5;6;2;3;2;4;3;1;4;1;1;0;0;5;14;
Kyle Singler;;28:31;3;10;0;3;2;2;2;2;4;1;2;0;1;1;8;
Kyle Singler;;19:08;0;7;0;4;0;0;0;1;1;0;0;0;1;3;0;
Kyle Singler;;24:16;1;5;1;3;0;0;0;3;3;0;0;0;2;4;3;
Kyle Singler;;32:08;4;11;1;2;0;0;3;2;5;0;2;0;1;4;9;
Kyle Singler;;22:46;4;7;1;2;3;4;3;1;4;0;0;1;0;3;12;
Kyle Singler;;35:23;6;12;3;5;5;6;5;5;10;1;1;1;1;3;20;
Kyle Singler;;33:17;1;5;0;2;0;0;3;0;3;1;2;0;1;3;2;
Kyle Singler;G;32:08;3;5;3;4;2;2;0;0;0;0;1;1;2;1;11;
Kyle Singler;G;39:08;6;13;3;5;1;2;2;3;5;1;3;2;4;4;16;
Kyle Singler;G;45:43;4;10;1;3;1;2;1;2;3;1;2;0;0;1;10;
Kyle Singler;G;32:08;3;11;2;6;2;4;3;3;6;0;2;0;2;2;10;
Kyle Singler;G;40:36;2;9;0;4;8;8;1;6;7;1;0;0;0;4;12;
Kyle Singler;G;39:33;5;9;3;3;0;0;0;2;2;3;3;0;1;5;13;
Kyle Singler;G;28:59;3;8;2;4;2;2;0;0;0;0;1;0;0;5;10;
Kyle Singler;G;34:02;7;11;4;6;2;2;1;1;2;3;1;0;0;1;20;
Kyle Singler;G;33:56;3;8;1;3;0;2;1;4;5;2;3;0;1;0;7;
Kyle Singler;G;44:27;7;11;2;4;2;2;0;3;3;2;1;2;0;5;18;
Kyle Singler;G;34:23;7;8;1;1;0;0;1;4;5;1;1;0;1;3;15;
Kyle Singler;G;22:43;2;4;1;2;2;2;2;0;2;1;0;1;2;5;7;
Kyle Singler;G;32:06;3;8;2;5;0;0;1;3;4;2;2;1;1;2;8;
Kyle Singler;G;35:43;5;11;0;5;6;7;0;6;6;1;0;0;1;1;16;
Kyle Singler;G;29:32;3;8;1;3;0;0;2;0;2;1;0;1;0;3;7;
Kyle Singler;G;38:23;2;7;0;3;4;5;2;1;3;2;0;2;3;4;8;
Kyle Singler;G;39:52;4;10;2;4;1;1;2;5;7;3;5;1;1;3;11;
Kyle Singler;G;27:45;1;5;0;2;0;0;1;2;3;1;1;0;3;1;2;
Kyle Singler;G;46:17;3;7;2;5;6;6;2;4;6;1;0;0;0;4;14;
Kyle Singler;F;26:02;5;8;3;3;0;0;3;6;9;0;0;1;1;3;13;
Kyle Singler;G;33:54;4;11;1;3;0;0;2;4;6;1;2;0;2;0;9;
Kyle Singler;G;19:15;2;7;2;4;0;0;0;3;3;0;0;0;1;2;6;
Kyle Singler;G;28:05;2;5;1;1;0;0;1;2;3;1;0;1;2;3;5;
Kyle Singler;G;29:54;7;11;4;6;0;0;1;2;3;2;1;1;0;4;18;
Kyle Singler;G;25:24;4;9;0;4;3;3;1;0;1;2;0;0;1;2;11;
Kyle Singler;G;24:51;3;6;2;3;2;2;2;2;4;0;1;1;2;2;10;
Kyle Singler;G;28:25;5;10;2;5;2;2;3;2;5;2;0;1;2;3;14;
Kyle Singler;G;39:28;3;11;1;4;3;3;3;2;5;3;0;0;1;1;10;
Kyle Singler;G;38:55;5;9;2;5;4;4;1;0;1;1;2;2;0;1;16;
Kyle Singler;G;37:07;0;5;0;2;6;6;2;1;3;0;2;0;0;2;6;
Kyle Singler;F;33:54;1;6;0;3;0;0;1;3;4;0;2;0;1;0;2;
Kyle Singler;F;28:16;3;6;2;5;0;0;3;2;5;1;1;0;0;3;8;
Kyle Singler;F;42:46;3;10;0;1;2;2;3;1;4;2;1;0;0;2;8;
Kyle Singler;F;40:32;4;9;2;4;4;6;2;4;6;3;0;0;0;3;14;
Kyle Singler;F;38:08;6;9;2;4;6;6;0;0;0;2;0;0;1;4;20;
Kyle Singler;;27:20;2;6;1;5;3;3;2;6;8;1;0;0;0;2;8;
Kyle Singler;;19:49;3;5;0;0;0;0;1;0;1;0;0;0;1;2;6;
Kyle Singler;;20:47;2;6;0;1;3;3;0;0;0;0;0;1;0;0;7;
Kyle Singler;;26:30;3;7;0;2;7;8;1;2;3;0;2;0;0;1;13;
Kyle Singler;;22:56;2;9;1;4;0;0;1;1;2;1;0;0;0;6;5;
Kyle Singler;;23:25;0;2;0;2;2;2;1;3;4;0;0;0;0;1;2;
Kyle Singler;;17:32;1;2;0;1;2;2;0;0;0;1;0;0;2;3;4;
Kyle Singler;;22:31;5;11;1;5;0;0;1;2;3;1;0;1;0;3;11;
Kyle Singler;;19:42;1;3;0;1;0;0;0;1;1;2;0;0;0;1;2;
Kyle Singler;;23:13;2;4;1;3;0;0;0;2;2;0;0;0;0;2;5;
Kyle Singler;;22:26;2;6;0;1;2;2;3;4;7;1;0;1;2;0;6;
Kyle Singler;F;41:14;9;13;1;2;3;4;0;3;3;1;1;1;2;4;22;
Kyle Singler;;26:17;3;7;1;2;4;6;3;3;6;0;0;1;1;4;11;
Kyle Singler;;2:25;0;0;0;0;0;0;0;1;1;0;0;0;0;0;0;
Kyle Singler;;21:32;1;1;0;0;0;0;1;3;4;0;0;1;1;3;2;
Kyle Singler;;33:22;3;9;1;3;0;0;0;5;5;1;1;0;0;5;7;
Kyle Singler;;16:26;1;7;1;2;2;4;2;2;4;0;1;0;1;1;5;
Kyle Singler;;26:38;6;10;4;7;2;2;2;3;5;2;1;0;0;1;18;
Kyle Singler;;20:37;5;6;2;3;3;3;1;2;3;0;0;0;0;6;15;
Kyle Singler;;22:29;4;5;2;3;2;3;1;3;4;0;2;1;1;2;12;
Kyle Singler;;20:22;3;4;1;2;3;4;2;0;2;1;1;0;1;3;10;
Kyle Singler;;11:11;0;0;0;0;0;0;0;2;2;0;0;0;0;4;0;
Kyle Singler;;29:09;1;5;0;3;6;8;1;1;2;2;1;3;2;3;8;
Kyle Singler;;23:23;5;8;1;2;5;5;0;2;2;0;0;1;0;2;16;
Kyle Singler;;14:29;2;3;1;2;0;0;2;1;3;0;0;0;2;4;5;
Kyle Singler;;26:29;1;3;0;1;2;2;1;6;7;1;0;1;0;4;4;
Kyle Singler;;25:28;3;8;1;5;4;5;0;0;0;0;1;0;2;2;11;
Kyle Singler;;25:46;3;7;3;4;1;2;3;3;6;1;0;0;1;2;10;
Kyle Singler;;31:19;5;9;0;2;2;2;0;2;2;1;0;1;0;1;12;
Kyle Singler;;26:46;4;9;2;2;0;0;2;6;8;1;0;1;1;1;10;
Kyle Singler;;26:05;3;5;1;2;0;0;0;3;3;1;0;0;1;1;7;
Kyle Singler;;21:18;4;7;1;3;0;0;1;0;1;0;1;1;2;1;9;
Kyle Singler;;25:31;4;5;1;2;2;4;1;2;3;0;1;1;1;3;11;
