╔═══════════════╤═══════════════╗
║Name		│Kyrie Irving	║
╟───────────────┼───────────────╢
║Number		│2		║
╟───────────────┼───────────────╢
║Position	│G		║
╟───────────────┼───────────────╢
║Height		│6-3		║
╟───────────────┼───────────────╢
║Weight		│193		║
╟───────────────┼───────────────╢
║Birth		│MAR 23, 1992	║
╟───────────────┼───────────────╢
║Age		│22		║
╟───────────────┼───────────────╢
║Exp		│2		║
╟───────────────┼───────────────╢
║School		│Duke		║
╚═══════════════╧═══════════════╝
Kyrie Irving;G;30:01;6;9;2;4;2;2;0;1;1;8;0;3;1;3;16;
Kyrie Irving;G;37:02;9;18;3;3;4;5;0;6;6;8;5;0;2;3;25;
Kyrie Irving;G;31:30;3;14;0;3;1;4;1;3;4;5;2;0;1;2;7;
Kyrie Irving;G;30:08;5;12;2;2;1;2;0;1;1;4;2;0;1;5;13;
Kyrie Irving;G;39:37;7;20;1;7;6;6;0;2;2;4;1;0;3;3;21;
Kyrie Irving;G;33:12;9;16;1;3;4;5;1;3;4;6;0;1;1;4;23;
Kyrie Irving;G;40:11;10;27;2;6;4;4;0;2;2;9;2;0;4;4;26;
Kyrie Irving;G;37:22;10;19;5;7;1;1;3;3;6;5;1;0;1;2;26;
Kyrie Irving;G;28:25;4;10;1;3;1;1;1;2;3;10;1;0;0;3;10;
Kyrie Irving;G;36:50;8;23;0;3;8;8;0;2;2;9;2;0;2;2;24;
Kyrie Irving;G;34:39;8;17;1;4;6;6;0;3;3;5;2;0;0;1;23;
Kyrie Irving;G;39:07;10;25;1;5;3;5;2;4;6;3;0;0;2;2;24;
Kyrie Irving;G;38:50;8;19;2;7;3;3;1;3;4;7;3;0;6;4;21;
Kyrie Irving;G;39:42;8;18;4;9;7;8;0;3;3;8;0;1;3;2;27;
Kyrie Irving;G;27:37;5;14;0;5;1;1;4;2;6;4;4;0;2;0;11;
Kyrie Irving;G;32:43;5;11;0;2;13;13;1;2;3;12;0;0;4;3;23;
Kyrie Irving;G;40:22;9;17;4;4;6;8;1;4;5;6;1;1;5;3;28;
Kyrie Irving;G;33:25;5;12;3;6;0;0;0;2;2;6;1;0;1;3;13;
Kyrie Irving;G;35:30;6;16;2;3;9;9;2;3;5;4;3;0;2;2;23;
Kyrie Irving;G;23:45;5;8;1;1;3;3;0;1;1;3;1;0;2;4;14;
Kyrie Irving;G;37:56;8;18;3;7;3;4;1;6;7;7;1;0;2;2;22;
Kyrie Irving;G;41:22;3;16;1;6;10;12;0;3;3;9;0;1;2;1;17;
Kyrie Irving;G;38:04;6;17;1;5;2;2;1;4;5;5;1;0;3;1;15;
Kyrie Irving;G;45:11;10;22;1;5;4;4;2;2;4;9;2;0;2;2;25;
Kyrie Irving;G;42:52;10;19;4;7;7;7;0;5;5;9;4;0;3;2;31;
Kyrie Irving;G;38:32;7;16;1;3;6;6;0;10;10;12;0;1;5;1;21;
Kyrie Irving;G;41:05;11;19;3;8;3;4;0;1;1;3;3;0;3;3;28;
Kyrie Irving;G;38:59;8;17;3;6;5;5;0;4;4;6;2;0;5;2;24;
Kyrie Irving;G;35:46;5;17;0;7;3;6;3;3;6;5;2;0;4;5;13;
Kyrie Irving;G;42:55;11;25;3;9;5;6;2;6;8;8;2;0;3;3;30;
Kyrie Irving;G;39:25;9;19;3;6;2;2;1;8;9;6;2;1;3;3;23;
Kyrie Irving;G;37:20;6;12;3;5;1;2;0;2;2;4;4;1;5;2;16;
Kyrie Irving;G;9:40;0;5;0;0;2;2;1;3;4;2;0;0;0;0;2;
Kyrie Irving;G;28:27;7;8;0;1;3;4;0;6;6;8;1;0;4;1;17;
Kyrie Irving;G;37:42;6;15;0;3;1;2;0;7;7;4;6;0;2;1;13;
Kyrie Irving;G;42:35;16;31;5;9;7;8;2;5;7;8;3;0;3;3;44;
Kyrie Irving;G;23:07;3;6;0;1;2;2;2;3;5;5;3;0;2;2;8;
Kyrie Irving;G;31:32;4;12;0;5;4;4;2;0;2;2;3;1;1;1;12;
Kyrie Irving;G;31:00;3;15;1;4;8;8;0;1;1;2;0;0;1;2;15;
Kyrie Irving;G;27:09;6;12;0;2;3;3;0;2;2;5;3;1;2;3;15;
Kyrie Irving;G;30:55;4;16;0;2;7;9;0;7;7;9;2;0;2;4;15;
Kyrie Irving;G;30:53;7;17;0;3;2;5;2;2;4;7;0;0;3;3;16;
Kyrie Irving;G;33:50;6;17;1;3;2;4;0;3;3;5;0;0;1;3;15;
Kyrie Irving;G;32:48;7;15;1;3;0;0;0;8;8;6;1;2;9;4;15;
Kyrie Irving;G;35:25;10;20;4;6;5;5;1;4;5;8;0;0;2;2;29;
Kyrie Irving;G;33:38;4;17;1;6;1;2;3;0;3;9;1;0;1;1;10;
Kyrie Irving;G;43:15;13;29;4;11;2;3;1;4;5;12;0;0;3;1;32;
Kyrie Irving;G;41:05;5;19;2;5;4;5;0;2;2;4;0;0;3;3;16;
Kyrie Irving;G;27:23;8;17;1;5;3;3;0;1;1;2;1;1;3;2;20;
Kyrie Irving;G;38:09;5;16;1;5;7;7;0;2;2;10;2;0;6;4;18;
Kyrie Irving;G;41:43;14;28;4;7;9;9;0;4;4;5;2;0;6;2;41;
Kyrie Irving;G;29:38;9;14;3;4;7;7;0;0;0;6;1;0;3;3;28;
Kyrie Irving;G;32:49;9;22;1;6;3;5;2;3;5;2;3;1;4;1;22;
Kyrie Irving;G;26:34;7;17;0;1;1;2;0;0;0;4;1;0;1;1;15;
Kyrie Irving;G;34:10;6;19;0;5;4;4;2;1;3;3;1;0;4;3;16;
Kyrie Irving;G;36:13;7;16;0;4;3;6;0;3;3;3;0;0;4;2;17;
Kyrie Irving;G;38:38;7;21;1;5;4;5;2;1;3;6;2;0;0;3;19;
Kyrie Irving;G;37:09;9;20;2;5;3;3;1;1;2;4;1;0;3;2;23;
Kyrie Irving;G;20:28;0;9;0;3;0;3;0;4;4;4;0;0;0;1;0;
Kyrie Irving;G;40:09;6;15;1;2;7;8;0;3;3;6;0;1;7;4;20;
Kyrie Irving;G;36:10;14;23;4;7;5;6;0;1;1;11;1;0;1;0;37;
Kyrie Irving;G;35:46;12;24;2;6;5;5;1;2;3;5;2;0;2;1;31;
Kyrie Irving;G;30:50;6;16;3;9;4;4;0;0;0;3;4;0;3;4;19;
Kyrie Irving;G;33:42;9;22;3;7;4;4;0;3;3;10;1;0;0;3;25;
Kyrie Irving;G;42:13;13;25;2;7;11;12;0;3;3;6;0;4;4;2;39;
Kyrie Irving;G;35:10;5;16;1;5;3;3;0;2;2;5;0;0;2;2;14;
Kyrie Irving;G;29:25;7;14;3;6;4;4;2;1;3;7;1;0;4;1;21;
Kyrie Irving;G;40:05;12;27;1;5;3;4;0;2;2;8;3;1;6;2;28;
Kyrie Irving;G;41:14;13;22;4;6;2;2;0;2;2;3;1;0;2;1;32;
Kyrie Irving;G;40:29;9;19;3;3;6;6;0;1;1;9;1;0;1;2;27;
Kyrie Irving;G;35:09;3;9;0;2;4;4;1;4;5;5;2;1;2;0;10;
