╔═══════════════╤═══════════════════════╗
║Name		│LaMarcus Aldridge	║
╟───────────────┼───────────────────────╢
║Number		│12			║
╟───────────────┼───────────────────────╢
║Position	│F			║
╟───────────────┼───────────────────────╢
║Height		│6-11			║
╟───────────────┼───────────────────────╢
║Weight		│240			║
╟───────────────┼───────────────────────╢
║Birth		│JUL 19, 1985		║
╟───────────────┼───────────────────────╢
║Age		│28			║
╟───────────────┼───────────────────────╢
║Exp		│7			║
╟───────────────┼───────────────────────╢
║School		│Texas			║
╚═══════════════╧═══════════════════════╝
LaMarcus Aldridge;F;28:24;5;13;0;1;0;0;2;13;15;3;0;0;0;3;10;
LaMarcus Aldridge;F;36:52;13;30;0;0;3;3;0;14;14;3;0;5;3;0;29;
LaMarcus Aldridge;F;39:07;8;20;0;0;8;10;3;5;8;5;0;1;4;4;24;
LaMarcus Aldridge;F;34:54;16;25;0;0;4;4;0;9;9;1;1;3;0;1;36;
LaMarcus Aldridge;F;37:34;8;15;0;0;5;6;2;11;13;4;0;1;0;1;21;
LaMarcus Aldridge;F;35:13;12;26;1;1;7;7;3;15;18;4;1;0;2;3;32;
LaMarcus Aldridge;F;38:25;11;22;0;0;4;4;1;12;13;1;0;1;2;3;26;
LaMarcus Aldridge;F;31:30;11;18;0;0;8;9;3;9;12;2;3;1;4;2;30;
LaMarcus Aldridge;F;36:49;11;26;0;1;5;6;8;12;20;3;2;1;0;1;27;
LaMarcus Aldridge;F;37:01;12;26;0;0;5;8;5;11;16;2;0;0;3;0;29;
LaMarcus Aldridge;F;38:15;15;29;0;0;14;17;4;9;13;5;0;2;2;2;44;
LaMarcus Aldridge;F;33:59;9;21;0;0;3;3;3;3;6;1;1;1;2;4;21;
LaMarcus Aldridge;F;34:11;2;14;0;0;6;6;1;10;11;1;1;1;3;4;10;
LaMarcus Aldridge;F;38:47;11;23;0;0;5;7;4;12;16;2;0;2;3;3;27;
LaMarcus Aldridge;F;36:24;8;22;0;1;11;14;2;13;15;1;2;0;4;2;27;
LaMarcus Aldridge;F;42:07;10;18;0;0;0;0;0;10;10;6;0;1;1;2;20;
LaMarcus Aldridge;F;38:38;5;17;0;0;5;7;1;11;12;5;0;1;0;1;15;
LaMarcus Aldridge;F;40:12;9;24;0;0;4;5;2;7;9;1;0;1;2;6;22;
LaMarcus Aldridge;F;34:07;12;16;0;0;2;2;1;8;9;3;2;2;1;2;26;
LaMarcus Aldridge;F;37:22;5;22;0;0;2;2;2;10;12;1;0;1;4;2;12;
LaMarcus Aldridge;F;36:37;10;18;1;1;4;4;1;2;3;3;1;0;1;4;25;
LaMarcus Aldridge;F;30:02;7;15;0;1;2;2;1;6;7;3;1;1;4;4;16;
LaMarcus Aldridge;F;32:27;9;19;0;1;3;4;1;5;6;1;2;0;4;1;21;
LaMarcus Aldridge;F;29:02;1;13;0;0;8;8;2;4;6;1;0;2;2;2;10;
LaMarcus Aldridge;F;37:08;13;28;0;1;4;6;5;12;17;3;3;0;3;4;30;
LaMarcus Aldridge;F;42:06;10;27;1;1;7;10;4;8;12;0;0;2;0;3;28;
LaMarcus Aldridge;F;37:34;8;23;0;0;3;4;5;5;10;1;0;2;1;3;19;
LaMarcus Aldridge;F;20:56;6;11;0;0;2;2;1;3;4;1;0;0;2;2;14;
LaMarcus Aldridge;F;32:14;9;21;0;0;7;7;5;11;16;2;1;1;1;2;25;
LaMarcus Aldridge;F;29:27;2;10;0;0;1;2;0;13;13;1;4;0;1;2;5;
LaMarcus Aldridge;F;33:18;10;20;0;0;8;8;1;3;4;0;1;0;0;3;28;
LaMarcus Aldridge;F;32:32;12;20;0;0;7;8;1;14;15;6;1;2;2;2;31;
LaMarcus Aldridge;F;36:45;8;18;0;1;2;2;1;6;7;0;0;0;1;3;18;
LaMarcus Aldridge;F;36:18;11;25;0;0;3;4;8;10;18;4;0;4;3;1;25;
LaMarcus Aldridge;F;37:05;9;20;0;0;4;6;2;6;8;2;2;1;1;0;22;
LaMarcus Aldridge;F;33:34;8;19;0;0;2;2;3;11;14;2;0;0;1;2;18;
LaMarcus Aldridge;F;38:08;11;23;0;0;4;6;1;5;6;2;3;0;2;0;26;
LaMarcus Aldridge;F;39:26;12;22;0;0;4;5;1;3;4;2;0;0;2;2;28;
LaMarcus Aldridge;F;36:11;12;26;0;0;1;4;2;7;9;4;1;1;1;2;25;
LaMarcus Aldridge;F;38:15;11;17;0;0;2;2;0;7;7;4;1;2;3;1;24;
LaMarcus Aldridge;F;36:24;9;19;0;0;3;5;2;3;5;1;2;1;3;4;21;
LaMarcus Aldridge;F;35:56;10;20;0;0;0;0;1;6;7;1;0;1;2;1;20;
LaMarcus Aldridge;F;35:27;10;19;0;0;2;4;2;12;14;3;1;0;1;2;22;
LaMarcus Aldridge;F;36:55;8;19;0;1;2;2;1;11;12;4;1;1;2;2;18;
LaMarcus Aldridge;F;37:50;5;19;0;0;2;2;3;9;12;1;1;1;4;2;12;
LaMarcus Aldridge;F;34:07;11;18;0;0;5;6;3;9;12;1;2;0;4;1;27;
LaMarcus Aldridge;F;42:22;11;27;0;0;3;7;2;9;11;4;2;0;0;1;25;
LaMarcus Aldridge;F;35:01;9;16;0;0;9;9;2;6;8;0;0;2;4;4;27;
LaMarcus Aldridge;F;35:11;10;22;0;1;1;2;3;4;7;3;2;1;2;1;21;
LaMarcus Aldridge;F;40:26;4;20;0;0;4;4;2;4;6;4;3;1;2;1;12;
LaMarcus Aldridge;F;40:13;7;21;0;0;16;19;6;15;21;3;2;3;5;2;30;
LaMarcus Aldridge;F;36:37;7;20;0;0;4;4;2;12;14;3;0;1;2;3;18;
LaMarcus Aldridge;F;36:55;10;18;0;0;4;5;1;3;4;0;1;0;1;2;24;
LaMarcus Aldridge;F;35:32;11;19;0;0;5;6;0;9;9;3;0;0;1;2;27;
LaMarcus Aldridge;F;36:46;11;19;0;0;6;8;0;10;10;3;1;1;0;0;28;
LaMarcus Aldridge;F;37:03;17;28;0;0;4;4;3;10;13;5;2;0;0;1;38;
LaMarcus Aldridge;F;29:07;7;14;0;0;6;7;3;12;15;4;2;0;0;0;20;
LaMarcus Aldridge;F;38:15;7;16;0;0;5;6;4;9;13;2;1;0;3;2;19;
LaMarcus Aldridge;F;34:13;10;18;0;0;4;4;3;3;6;4;0;0;0;0;24;
LaMarcus Aldridge;F;41:03;12;22;0;0;7;9;5;20;25;2;2;2;1;3;31;
LaMarcus Aldridge;F;28:44;10;15;0;0;0;1;6;10;16;5;1;1;3;3;20;
LaMarcus Aldridge;F;42:59;11;25;0;0;5;6;3;9;12;2;0;3;3;3;27;
LaMarcus Aldridge;F;36:39;11;22;0;0;4;6;4;11;15;4;1;1;3;3;26;
LaMarcus Aldridge;F;42:20;7;22;0;1;1;1;4;10;14;3;1;0;0;3;15;
LaMarcus Aldridge;F;37:44;8;24;0;1;2;2;1;7;8;4;1;0;0;2;18;
LaMarcus Aldridge;F;40:20;15;31;0;1;2;2;3;7;10;4;0;0;0;4;32;
LaMarcus Aldridge;F;36:52;9;20;0;0;4;4;1;6;7;4;0;1;2;2;22;
LaMarcus Aldridge;F;39:14;13;25;0;0;2;3;2;6;8;3;0;2;0;1;28;
LaMarcus Aldridge;F;39:43;10;23;0;0;5;6;2;12;14;2;0;2;0;3;25;
