╔═══════════════╤═══════════════════════╗
║Name		│Lance Stephenson	║
╟───────────────┼───────────────────────╢
║Number		│1			║
╟───────────────┼───────────────────────╢
║Position	│G			║
╟───────────────┼───────────────────────╢
║Height		│6-5			║
╟───────────────┼───────────────────────╢
║Weight		│230			║
╟───────────────┼───────────────────────╢
║Birth		│SEP 05, 1990		║
╟───────────────┼───────────────────────╢
║Age		│23			║
╟───────────────┼───────────────────────╢
║Exp		│3			║
╟───────────────┼───────────────────────╢
║School		│Cincinnati		║
╚═══════════════╧═══════════════════════╝
Lance Stephenson;G;34:20;4;9;0;1;0;1;1;5;6;4;0;0;3;3;8;
Lance Stephenson;G;36:14;8;12;0;1;3;4;2;4;6;4;1;0;4;2;19;
Lance Stephenson;G;34:03;4;8;2;4;0;0;0;4;4;2;1;0;2;2;10;
Lance Stephenson;G;35:59;6;12;0;3;1;2;2;8;10;8;1;0;3;3;13;
Lance Stephenson;G;33:57;5;9;1;1;0;2;1;9;10;5;0;0;5;3;11;
Lance Stephenson;G;29:54;5;7;0;1;3;4;1;4;5;5;1;0;2;0;13;
Lance Stephenson;G;35:14;10;17;3;7;5;5;1;3;4;4;1;0;0;4;28;
Lance Stephenson;G;41:06;8;17;0;3;6;7;5;7;12;7;1;0;4;4;22;
Lance Stephenson;G;42:58;6;17;1;4;1;2;4;6;10;7;0;0;1;1;14;
Lance Stephenson;G;28:52;3;9;0;0;0;1;1;4;5;4;1;0;2;2;6;
Lance Stephenson;G;45:34;9;19;1;4;5;8;5;5;10;6;0;0;2;3;24;
Lance Stephenson;G;40:18;10;16;1;2;2;2;2;8;10;7;1;0;6;4;23;
Lance Stephenson;G;37:30;6;9;0;0;3;9;0;14;14;6;2;0;0;3;15;
Lance Stephenson;G;36:53;6;12;1;3;1;1;2;8;10;10;0;0;5;5;14;
Lance Stephenson;G;34:40;5;8;0;0;4;4;1;6;7;4;1;0;4;4;14;
Lance Stephenson;G;37:21;5;11;1;3;4;5;4;8;12;5;1;1;3;1;15;
Lance Stephenson;G;23:02;4;5;1;2;1;1;0;4;4;2;1;0;6;2;10;
Lance Stephenson;G;39:27;6;11;2;4;2;3;1;8;9;3;2;0;5;1;16;
Lance Stephenson;G;28:17;5;8;0;2;2;2;0;6;6;3;0;0;3;2;12;
Lance Stephenson;G;37:59;6;16;0;3;1;1;1;9;10;2;1;0;3;2;13;
Lance Stephenson;G;35:43;5;11;2;7;1;2;0;5;5;7;0;0;3;1;13;
Lance Stephenson;G;37:15;5;15;0;4;0;2;2;8;10;4;0;0;2;3;10;
Lance Stephenson;G;37:17;7;13;3;4;7;10;2;7;9;8;0;0;0;3;24;
Lance Stephenson;G;32:33;6;12;0;2;1;2;2;7;9;3;0;0;3;3;13;
Lance Stephenson;G;41:24;7;11;2;3;2;2;1;5;6;3;2;0;4;2;18;
Lance Stephenson;G;42:59;5;8;1;2;5;6;1;8;9;6;0;0;2;2;16;
Lance Stephenson;G;41:40;4;12;1;3;2;2;2;6;8;5;1;0;1;2;11;
Lance Stephenson;G;38:29;6;14;0;4;0;0;2;7;9;3;2;1;2;2;12;
Lance Stephenson;G;34:34;4;9;2;5;2;2;0;8;8;3;0;0;2;2;12;
Lance Stephenson;G;29:19;2;8;0;0;0;0;0;2;2;6;1;0;1;2;4;
Lance Stephenson;G;36:21;8;10;3;3;2;2;1;4;5;3;2;0;6;4;21;
Lance Stephenson;G;36:03;4;12;1;5;0;0;0;5;5;1;0;0;2;5;9;
Lance Stephenson;G;40:14;6;8;1;3;0;0;0;12;12;4;1;0;4;3;13;
Lance Stephenson;G;35:35;5;15;3;8;0;0;2;7;9;6;0;1;1;3;13;
Lance Stephenson;G;37:56;8;16;1;6;8;9;2;3;5;1;1;0;5;2;25;
Lance Stephenson;G;37:06;8;16;2;7;3;6;2;7;9;2;2;0;3;2;21;
Lance Stephenson;G;28:26;7;11;0;0;1;1;0;3;3;0;1;0;4;2;15;
Lance Stephenson;G;31:18;6;11;2;4;1;2;0;8;8;4;0;0;0;1;15;
Lance Stephenson;G;30:11;3;9;1;1;1;1;1;9;10;0;0;0;4;2;8;
Lance Stephenson;G;33:28;6;12;3;4;0;0;0;2;2;2;1;0;2;4;15;
Lance Stephenson;G;35:29;3;13;0;5;7;8;4;10;14;4;0;0;2;2;13;
Lance Stephenson;G;33:27;4;9;2;5;1;2;2;5;7;3;0;0;1;2;11;
Lance Stephenson;G;27:30;6;13;3;5;0;0;0;3;3;3;0;0;2;1;15;
Lance Stephenson;G;34:00;5;10;1;3;0;0;0;5;5;4;0;0;3;2;11;
Lance Stephenson;G;28:13;2;5;1;1;1;2;0;3;3;1;1;0;2;4;6;
Lance Stephenson;G;29:56;1;6;0;2;1;2;0;5;5;3;0;0;2;4;3;
Lance Stephenson;G;34:55;4;7;1;1;2;2;0;4;4;3;1;0;4;3;11;
Lance Stephenson;G;41:20;7;10;2;5;1;2;1;9;10;11;0;1;4;3;17;
Lance Stephenson;G;35:38;8;12;2;3;1;2;2;5;7;5;0;1;1;2;19;
Lance Stephenson;G;41:20;7;12;2;4;0;0;2;6;8;4;0;0;2;1;16;
Lance Stephenson;G;31:47;7;13;5;7;3;5;0;5;5;3;0;0;2;3;22;
Lance Stephenson;G;38:40;4;12;2;6;0;2;1;5;6;7;1;0;5;3;10;
Lance Stephenson;G;31:49;5;17;3;6;2;4;2;3;5;4;0;0;3;4;15;
Lance Stephenson;G;29:12;2;5;0;2;0;0;0;2;2;4;1;0;2;3;4;
Lance Stephenson;G;39:26;7;12;1;2;0;1;2;1;3;7;0;0;2;2;15;
Lance Stephenson;G;34:09;5;11;3;5;0;0;0;11;11;12;0;0;1;3;13;
Lance Stephenson;G;24:17;4;10;0;1;3;4;1;3;4;1;1;0;2;1;11;
Lance Stephenson;G;32:04;5;14;0;4;2;2;0;1;1;3;2;0;0;4;12;
Lance Stephenson;G;42:17;3;10;0;3;3;3;2;7;9;5;0;1;4;4;9;
Lance Stephenson;G;41:25;5;10;0;0;0;0;3;8;11;10;4;0;1;0;10;
Lance Stephenson;G;37:12;8;11;0;1;2;3;2;3;5;3;0;1;6;2;18;
Lance Stephenson;G;29:36;5;12;1;2;0;0;3;5;8;2;1;0;3;3;11;
Lance Stephenson;G;36:36;5;10;0;3;5;7;1;9;10;3;2;0;3;2;15;
Lance Stephenson;G;36:37;3;7;1;3;0;0;3;8;11;10;0;0;8;3;7;
Lance Stephenson;G;39:25;3;6;0;2;1;3;3;7;10;6;1;0;3;3;7;
Lance Stephenson;G;29:05;1;3;0;0;0;0;0;4;4;2;0;0;3;6;2;
Lance Stephenson;G;33:23;6;11;0;1;3;5;0;5;5;4;2;0;2;2;15;
Lance Stephenson;G;36:08;5;11;2;4;3;3;0;3;3;4;0;0;3;2;15;
Lance Stephenson;G;26:25;4;11;0;3;0;0;1;2;3;3;0;0;0;3;8;
Lance Stephenson;G;33:55;5;10;1;3;1;1;0;6;6;5;1;0;2;4;12;
Lance Stephenson;G;35:25;9;14;1;3;1;2;0;11;11;7;2;0;3;2;20;
Lance Stephenson;G;39:32;9;14;1;2;4;5;1;6;7;6;0;0;0;1;23;
Lance Stephenson;G;41:05;5;9;1;3;2;2;0;9;9;2;1;0;2;4;13;
Lance Stephenson;G;35:28;7;16;2;5;0;0;3;3;6;6;0;0;4;3;16;
Lance Stephenson;G;34:48;5;15;1;3;1;2;0;10;10;10;1;0;3;0;12;
Lance Stephenson;G;39:12;10;16;4;7;2;2;2;5;7;5;2;0;3;1;26;
Lance Stephenson;G;37:35;7;11;1;3;8;8;0;9;9;7;0;0;3;0;23;
Lance Stephenson;G;32:16;3;7;0;3;0;0;0;4;4;8;0;0;0;2;6;
