╔═══════════════╤═══════════════╗
║Name		│Landry Fields	║
╟───────────────┼───────────────╢
║Number		│2		║
╟───────────────┼───────────────╢
║Position	│F		║
╟───────────────┼───────────────╢
║Height		│6-7		║
╟───────────────┼───────────────╢
║Weight		│215		║
╟───────────────┼───────────────╢
║Birth		│JUN 27, 1988	║
╟───────────────┼───────────────╢
║Age		│26		║
╟───────────────┼───────────────╢
║Exp		│3		║
╟───────────────┼───────────────╢
║School		│Stanford	║
╚═══════════════╧═══════════════╝
Landry Fields;;3:36;0;0;0;0;0;0;0;0;0;1;0;0;0;0;0;
Landry Fields;;1:08;1;1;0;0;0;0;0;0;0;0;0;0;0;0;2;
Landry Fields;;4:14;0;2;0;0;0;0;0;1;1;1;0;0;1;1;0;
Landry Fields;;4:22;0;0;0;0;0;0;0;0;0;0;0;0;0;0;0;
Landry Fields;;0:43;0;0;0;0;0;0;0;0;0;0;0;0;1;0;0;
Landry Fields;;0:12;0;0;0;0;0;0;0;0;0;0;0;0;0;0;0;
Landry Fields;F;24:48;4;5;0;0;0;0;1;5;6;0;1;0;0;0;8;
Landry Fields;;2:35;0;0;0;0;0;0;0;0;0;0;0;0;1;0;0;
Landry Fields;;0:05;0;0;0;0;0;0;0;0;0;0;0;0;0;0;0;
Landry Fields;;0:30;0;0;0;0;0;0;0;0;0;0;0;0;0;0;0;
Landry Fields;;17:07;2;3;0;0;0;0;0;2;2;1;2;1;1;0;4;
Landry Fields;;2:17;0;0;0;0;0;0;0;0;0;0;0;0;0;0;0;
Landry Fields;;18:14;4;7;0;0;0;1;3;3;6;0;0;0;0;4;8;
Landry Fields;;23:13;2;5;0;0;0;0;3;6;9;2;1;0;0;3;4;
Landry Fields;;28:25;3;7;0;2;5;6;1;4;5;4;0;0;1;2;11;
Landry Fields;;28:18;2;6;0;0;1;3;2;1;3;1;0;0;1;2;5;
Landry Fields;;16:55;2;3;0;0;0;0;1;4;5;2;0;1;0;3;4;
Landry Fields;;13:38;2;2;0;0;1;3;0;2;2;1;0;0;0;1;5;
Landry Fields;;18:02;1;4;0;0;2;2;0;1;1;3;0;0;1;1;4;
Landry Fields;;11:38;0;1;0;0;1;2;0;3;3;0;0;0;2;1;1;
Landry Fields;;1:20;0;0;0;0;0;0;0;0;0;0;0;0;0;0;0;
Landry Fields;;6:13;0;2;0;0;0;0;0;1;1;1;2;0;0;0;0;
Landry Fields;;8:55;1;1;0;0;1;2;1;1;2;0;0;0;0;2;3;
Landry Fields;;3:18;0;1;0;0;0;0;0;0;0;0;0;0;0;1;0;
Landry Fields;;5:11;0;1;0;0;0;0;0;0;0;0;0;0;0;0;0;
Landry Fields;;4:27;0;1;0;0;0;0;0;2;2;0;0;0;0;1;0;
Landry Fields;;18:05;2;4;0;0;1;1;0;0;0;0;2;1;0;0;5;
Landry Fields;F;30:52;0;6;0;3;0;0;0;5;5;1;1;0;1;2;0;
Landry Fields;;18:57;1;5;0;0;2;2;3;2;5;2;1;0;1;0;4;
Landry Fields;;1:00;0;0;0;0;0;0;0;1;1;0;0;0;0;0;0;
