╔═══════════════╤═══════════════╗
║Name		│Larry Sanders	║
╟───────────────┼───────────────╢
║Number		│8		║
╟───────────────┼───────────────╢
║Position	│C		║
╟───────────────┼───────────────╢
║Height		│6-11		║
╟───────────────┼───────────────╢
║Weight		│235		║
╟───────────────┼───────────────╢
║Birth		│NOV 21, 1988	║
╟───────────────┼───────────────╢
║Age		│25		║
╟───────────────┼───────────────╢
║Exp		│3		║
╟───────────────┼───────────────╢
║School		│Va Commonwealth║
╚═══════════════╧═══════════════╝
Larry Sanders;C;34:37;7;7;0;0;2;2;0;8;8;2;2;2;1;3;16;
Larry Sanders;C;26:28;3;5;0;0;1;2;0;2;2;0;0;1;3;4;7;
Larry Sanders;C;29:51;2;10;0;0;1;2;3;3;6;2;0;0;1;3;5;
Larry Sanders;C;22:55;0;2;0;0;1;2;3;6;9;0;0;2;1;6;1;
Larry Sanders;C;6:30;0;1;0;0;0;0;0;4;4;0;0;1;1;3;0;
Larry Sanders;C;27:29;2;8;0;0;2;4;4;4;8;1;0;0;3;3;6;
Larry Sanders;C;37:19;4;12;0;1;2;2;5;7;12;1;0;3;1;3;10;
Larry Sanders;C;30:45;5;8;0;0;2;6;3;2;5;1;2;5;0;4;12;
Larry Sanders;C;20:36;4;8;0;0;2;4;3;4;7;0;4;1;0;2;10;
Larry Sanders;;20:51;3;5;0;0;1;2;3;2;5;0;0;3;0;1;7;
Larry Sanders;C;20:41;0;5;0;0;1;2;1;3;4;0;0;0;2;2;1;
Larry Sanders;;33:28;7;11;0;0;0;0;6;3;9;0;0;2;0;5;14;
Larry Sanders;C;33:09;4;11;0;0;2;4;4;5;9;2;4;4;2;3;10;
Larry Sanders;C;29:33;4;7;0;0;2;2;2;6;8;0;0;2;1;3;10;
Larry Sanders;C;29:35;3;4;0;0;2;2;1;10;11;0;0;1;0;6;8;
Larry Sanders;C;33:40;12;19;0;0;1;5;8;7;15;2;1;1;2;1;25;
Larry Sanders;C;4:23;1;3;0;0;0;0;2;2;4;0;0;0;1;0;2;
Larry Sanders;C;12:21;0;3;0;0;0;0;1;3;4;0;0;1;2;5;0;
Larry Sanders;C;18:24;2;5;0;0;0;0;1;2;3;1;0;4;1;2;4;
Larry Sanders;C;21:37;2;8;0;0;0;0;1;3;4;1;0;1;0;2;4;
Larry Sanders;;22:11;4;5;0;0;2;6;2;5;7;1;1;2;1;6;10;
Larry Sanders;C;33:31;4;7;0;0;1;4;3;7;10;0;2;0;3;3;9;
Larry Sanders;C;34:32;3;8;0;0;1;4;4;7;11;5;2;4;0;4;7;
