╔═══════════════╤═══════════════╗
║Name		│Lavoy Allen	║
╟───────────────┼───────────────╢
║Number		│5		║
╟───────────────┼───────────────╢
║Position	│F-C		║
╟───────────────┼───────────────╢
║Height		│6-9		║
╟───────────────┼───────────────╢
║Weight		│255		║
╟───────────────┼───────────────╢
║Birth		│FEB 04, 1989	║
╟───────────────┼───────────────╢
║Age		│25		║
╟───────────────┼───────────────╢
║Exp		│2		║
╟───────────────┼───────────────╢
║School		│Temple		║
╚═══════════════╧═══════════════╝
Lavoy Allen;;16:18;6;9;1;1;0;0;0;5;5;3;0;0;1;3;13;
Lavoy Allen;;15:10;5;7;0;1;0;0;2;4;6;1;0;0;1;6;10;
Lavoy Allen;;14:29;3;6;0;0;0;0;1;2;3;2;0;1;2;3;6;
Lavoy Allen;;9:09;0;2;0;0;0;0;0;2;2;1;0;0;1;3;0;
Lavoy Allen;;18:11;1;2;0;0;0;0;1;2;3;2;0;1;0;2;2;
Lavoy Allen;;15:15;3;7;0;1;0;0;2;1;3;1;0;2;1;1;6;
Lavoy Allen;;14:11;0;1;0;0;0;0;0;2;2;1;0;1;0;2;0;
Lavoy Allen;;23:11;3;3;0;0;0;0;0;4;4;3;0;3;2;1;6;
Lavoy Allen;;17:19;1;4;0;0;0;0;1;1;2;3;0;1;1;1;2;
Lavoy Allen;;16:33;2;5;0;0;1;2;6;1;7;1;1;0;1;3;5;
Lavoy Allen;;18:00;1;2;0;1;0;0;2;2;4;1;1;1;0;5;2;
Lavoy Allen;;13:52;1;8;0;0;0;0;5;0;5;0;0;0;1;4;2;
Lavoy Allen;;21:18;5;10;0;0;1;2;5;5;10;2;1;1;0;1;11;
Lavoy Allen;;14:53;1;4;0;1;2;2;1;3;4;2;0;0;0;3;4;
Lavoy Allen;;17:42;2;2;0;0;1;2;1;4;5;1;0;0;2;5;5;
Lavoy Allen;;28:21;4;9;0;1;2;2;5;5;10;3;0;0;0;3;10;
Lavoy Allen;;28:16;4;12;0;0;2;2;6;3;9;3;2;1;1;3;10;
Lavoy Allen;;19:18;2;10;0;1;2;3;4;4;8;0;2;0;0;0;6;
Lavoy Allen;;24:48;2;5;0;1;0;0;1;5;6;1;1;1;0;3;4;
Lavoy Allen;;15:20;3;5;0;0;0;0;1;1;2;0;0;0;0;3;6;
Lavoy Allen;;24:27;3;6;0;0;0;0;4;3;7;3;0;0;1;3;6;
Lavoy Allen;;4:34;0;1;0;0;0;0;2;1;3;1;0;0;1;1;0;
Lavoy Allen;;2:48;0;2;0;0;0;0;2;0;2;0;0;0;0;0;0;
Lavoy Allen;;5:32;0;0;0;0;0;0;1;0;1;1;0;0;0;1;0;
Lavoy Allen;;17:36;6;6;0;0;1;2;0;4;4;0;0;2;0;2;13;
Lavoy Allen;;3:52;0;0;0;0;1;2;0;0;0;0;0;0;0;0;1;
Lavoy Allen;;1:52;0;1;0;0;0;0;0;0;0;0;0;0;0;0;0;
Lavoy Allen;;1:03;1;1;0;0;0;0;0;0;0;0;0;0;0;1;2;
Lavoy Allen;;2:03;0;0;0;0;0;0;0;0;0;0;0;0;0;0;0;
Lavoy Allen;;1:20;0;0;0;0;0;0;0;0;0;0;0;0;0;0;0;
Lavoy Allen;;3:37;0;0;0;0;2;2;0;1;1;0;0;1;0;0;2;
Lavoy Allen;;10:22;1;2;0;0;0;0;1;3;4;0;0;1;1;1;2;
Lavoy Allen;;28:22;3;9;0;0;2;4;2;6;8;1;1;1;1;4;8;
Lavoy Allen;;0:33;0;0;0;0;0;0;0;0;0;0;0;0;0;0;0;
Lavoy Allen;;27:57;6;12;0;0;0;0;5;6;11;3;1;1;1;1;12;
Lavoy Allen;;17:25;1;3;0;0;2;2;0;3;3;0;0;0;0;2;4;
Lavoy Allen;;19:16;5;6;0;0;0;0;2;2;4;2;0;0;1;0;10;
Lavoy Allen;;17:34;3;5;0;0;0;0;1;3;4;0;0;1;2;5;6;
Lavoy Allen;;18:28;1;3;0;0;0;0;0;8;8;1;0;0;2;2;2;
Lavoy Allen;;16:47;1;1;0;0;1;2;1;6;7;0;0;0;2;2;3;
Lavoy Allen;;20:15;3;10;0;0;0;0;3;1;4;0;0;0;2;0;6;
Lavoy Allen;;20:01;3;6;0;0;0;0;2;2;4;0;1;1;0;0;6;
Lavoy Allen;;19:25;2;4;0;0;0;1;0;6;6;0;0;1;1;2;4;
Lavoy Allen;;16:46;0;2;0;0;1;2;3;2;5;3;3;2;0;0;1;
Lavoy Allen;;16:05;3;5;0;1;1;2;1;3;4;0;0;2;0;3;7;
Lavoy Allen;;22:24;2;5;0;0;0;0;1;4;5;2;0;1;0;2;4;
Lavoy Allen;;11:32;2;5;0;0;2;2;4;0;4;1;0;0;2;1;6;
Lavoy Allen;;24:27;3;5;0;0;1;4;2;4;6;1;1;0;1;3;7;
Lavoy Allen;;34:08;4;6;0;1;1;2;1;7;8;3;0;1;1;2;9;
Lavoy Allen;C;26:17;1;4;0;0;2;2;6;3;9;2;1;2;2;5;4;
Lavoy Allen;F;30:59;3;8;0;0;0;0;3;4;7;2;1;0;2;2;6;
Lavoy Allen;;19:51;3;5;0;0;0;0;2;1;3;2;0;0;0;1;6;
Lavoy Allen;;15:24;1;2;0;0;0;0;1;4;5;0;0;0;1;2;2;
Lavoy Allen;;14:17;0;4;0;0;0;0;1;2;3;0;0;0;0;4;0;
Lavoy Allen;;21:15;3;6;0;0;2;2;4;6;10;0;1;1;0;1;8;
Lavoy Allen;;10:55;3;5;0;0;0;0;1;1;2;0;0;0;0;5;6;
Lavoy Allen;;22:54;3;7;0;0;0;0;3;3;6;1;1;0;0;3;6;
Lavoy Allen;;16:27;1;3;0;0;0;0;1;3;4;1;0;0;1;0;2;
Lavoy Allen;;17:10;2;3;0;0;0;0;1;7;8;0;2;0;0;0;4;
Lavoy Allen;;18:34;1;7;1;1;0;0;4;4;8;0;0;1;0;1;3;
Lavoy Allen;;21:01;3;4;0;0;1;2;2;6;8;1;2;0;3;2;7;
Lavoy Allen;;23:30;5;7;0;1;0;0;2;5;7;4;0;0;0;1;10;
Lavoy Allen;;12:52;2;4;0;0;0;0;3;1;4;2;0;0;1;3;4;
Lavoy Allen;;12:26;0;4;0;1;0;0;1;8;9;2;0;0;1;0;0;
Lavoy Allen;;15:28;1;8;0;0;2;2;2;3;5;1;1;1;0;3;4;
