╔═══════════════╤═══════════════════════╗
║Name		│Leandro Barbosa	║
╟───────────────┼───────────────────────╢
║Number		│10			║
╟───────────────┼───────────────────────╢
║Position	│G			║
╟───────────────┼───────────────────────╢
║Height		│6-3			║
╟───────────────┼───────────────────────╢
║Weight		│194			║
╟───────────────┼───────────────────────╢
║Birth		│NOV 28, 1982		║
╟───────────────┼───────────────────────╢
║Age		│31			║
╟───────────────┼───────────────────────╢
║Exp		│10			║
╟───────────────┼───────────────────────╢
║School		│Sau Paulo, Brazil	║
╚═══════════════╧═══════════════════════╝
Leandro Barbosa;;13:24;1;6;0;0;1;2;1;2;3;3;0;1;2;2;3;
Leandro Barbosa;;21:53;2;7;0;1;0;0;1;1;2;0;1;0;0;1;4;
Leandro Barbosa;;20:29;3;9;1;3;2;2;0;2;2;4;2;1;0;1;9;
Leandro Barbosa;;30:10;8;15;0;3;5;6;1;2;3;2;0;0;1;2;21;
Leandro Barbosa;;26:56;6;13;0;1;1;2;0;4;4;3;0;0;0;2;13;
Leandro Barbosa;;22:35;2;8;0;0;0;0;0;2;2;2;0;0;1;3;4;
Leandro Barbosa;;20:45;4;8;0;0;2;2;1;0;1;1;1;0;1;3;10;
Leandro Barbosa;;15:32;2;6;0;2;1;2;0;1;1;1;1;0;3;0;5;
Leandro Barbosa;;20:57;3;5;1;2;2;2;0;2;2;2;0;1;0;1;9;
Leandro Barbosa;;21:26;2;8;0;2;3;4;0;1;1;4;0;0;2;1;7;
Leandro Barbosa;;15:16;3;4;1;1;2;2;1;3;4;1;0;0;1;0;9;
Leandro Barbosa;;8:57;2;3;0;0;0;0;0;2;2;0;0;0;1;1;4;
Leandro Barbosa;;22:56;3;6;0;0;7;8;0;1;1;2;0;0;1;4;13;
Leandro Barbosa;;20:11;5;7;2;4;1;2;0;2;2;2;0;1;0;2;13;
Leandro Barbosa;;22:47;2;4;0;1;2;2;0;0;0;0;0;0;1;2;6;
Leandro Barbosa;;14:49;2;3;0;0;1;1;0;1;1;1;0;0;2;0;5;
Leandro Barbosa;;17:40;1;7;0;1;0;0;0;2;2;1;1;0;1;2;2;
Leandro Barbosa;;7:23;1;3;1;3;1;2;0;1;1;1;0;0;1;1;4;
Leandro Barbosa;;12:39;3;6;1;1;0;0;0;1;1;2;0;0;0;1;7;
Leandro Barbosa;;10:52;1;3;0;0;0;0;0;2;2;0;1;0;1;1;2;
