╔═══════════════╤═══════════════════════════════╗
║Name		│LeBron James			║
╟───────────────┼───────────────────────────────╢
║Number		│6				║
╟───────────────┼───────────────────────────────╢
║Position	│F				║
╟───────────────┼───────────────────────────────╢
║Height		│6-8				║
╟───────────────┼───────────────────────────────╢
║Weight		│250				║
╟───────────────┼───────────────────────────────╢
║Birth		│DEC 30, 1984			║
╟───────────────┼───────────────────────────────╢
║Age		│29				║
╟───────────────┼───────────────────────────────╢
║Exp		│10				║
╟───────────────┼───────────────────────────────╢
║School		│St. Vincent-St. Mary HS (OH)	║
╚═══════════════╧═══════════════════════════════╝
LeBron James;F;39:34;10;16;1;4;5;8;0;5;5;5;0;1;8;0;26;
LeBron James;F;35:55;5;13;0;1;5;8;1;7;8;8;1;0;3;1;15;
LeBron James;F;37:47;12;18;0;0;6;7;1;3;4;5;1;0;1;1;30;
LeBron James;F;35:15;13;22;3;6;3;3;1;2;3;5;2;0;3;1;32;
LeBron James;F;41:25;12;17;1;4;7;11;0;5;5;6;1;1;6;2;32;
LeBron James;F;49:22;12;21;2;5;10;12;3;4;7;5;0;0;4;6;36;
LeBron James;F;41:04;8;18;0;4;9;10;2;6;8;7;2;0;4;1;25;
LeBron James;F;36:31;7;13;0;1;7;8;1;7;8;10;2;1;3;3;21;
LeBron James;F;44:52;13;25;0;3;8;10;2;6;8;6;1;0;2;4;34;
LeBron James;F;38:43;11;21;3;7;5;8;1;3;4;6;1;0;3;1;30;
LeBron James;F;38:48;10;19;0;4;9;11;1;7;8;4;2;0;3;1;29;
LeBron James;F;37:18;9;15;2;4;7;13;2;11;13;6;1;0;5;1;27;
LeBron James;F;27:43;8;15;1;3;1;1;0;7;7;6;1;0;4;4;18;
LeBron James;F;42:10;12;20;1;5;9;9;1;2;3;3;0;0;3;1;34;
LeBron James;F;39:06;13;22;1;3;3;6;1;7;8;7;6;0;2;3;30;
LeBron James;F;38:19;9;19;0;3;6;8;1;7;8;11;2;2;1;1;24;
LeBron James;F;40:47;11;20;3;7;6;8;1;7;8;12;3;1;7;2;31;
LeBron James;F;39:21;4;13;1;6;4;6;0;7;7;5;0;0;5;2;13;
LeBron James;F;40:59;12;22;2;5;11;14;1;8;9;3;5;0;4;2;37;
LeBron James;F;42:16;14;26;4;8;4;7;1;12;13;9;2;0;2;1;36;
LeBron James;F;38:28;16;23;4;8;6;8;2;7;9;6;2;0;3;2;42;
LeBron James;F;33:24;15;22;1;5;2;5;1;6;7;3;4;0;8;1;33;
LeBron James;F;36:38;13;19;1;2;4;6;0;4;4;4;0;0;1;0;31;
LeBron James;F;31:13;8;12;0;2;4;5;1;8;9;7;4;0;2;1;20;
LeBron James;F;41:12;22;33;8;10;9;12;3;4;7;4;0;0;2;2;61;
LeBron James;F;36:38;9;18;0;3;4;6;1;0;1;6;3;0;1;1;22;
LeBron James;F;38:04;6;18;0;3;7;9;3;5;8;7;2;0;5;5;19;
LeBron James;F;45:19;8;23;1;3;0;0;1;8;9;8;3;1;4;1;17;
LeBron James;F;36:45;10;15;3;4;0;0;2;5;7;8;3;0;3;3;23;
LeBron James;F;38:03;6;13;1;4;6;9;0;5;5;7;3;0;5;1;19;
LeBron James;F;39:50;8;17;0;4;5;7;0;6;6;6;1;0;4;3;21;
LeBron James;F;42:52;8;17;1;3;7;8;0;5;5;6;2;0;5;3;24;
LeBron James;F;41:40;14;19;6;8;9;13;0;6;6;4;2;3;0;1;43;
LeBron James;F;38:01;7;14;0;2;1;2;1;5;6;7;2;1;3;0;15;
LeBron James;F;41:59;10;18;2;4;3;3;1;7;8;9;0;1;3;1;25;
LeBron James;F;38:22;13;23;0;1;6;9;4;2;6;5;4;0;5;2;32;
LeBron James;F;43:24;11;19;2;6;14;15;0;8;8;5;0;0;6;3;38;
LeBron James;F;29:46;7;13;1;3;2;2;2;8;10;12;1;0;1;0;17;
LeBron James;F;30:03;5;10;1;3;2;4;2;5;7;2;0;0;4;1;13;
LeBron James;F;38:53;11;20;1;6;9;11;0;7;7;8;1;0;6;2;32;
LeBron James;F;29:21;7;12;1;3;2;5;0;4;4;8;1;1;2;0;17;
LeBron James;F;42:57;11;22;2;4;5;6;1;4;5;5;4;1;3;3;29;
LeBron James;F;42:47;13;22;3;7;9;12;0;5;5;6;1;0;5;0;38;
LeBron James;F;37:08;9;16;0;3;11;14;1;9;10;6;2;0;3;0;29;
LeBron James;F;41:22;14;23;3;5;6;7;1;5;6;5;2;0;5;1;37;
LeBron James;F;34:52;11;20;2;4;12;13;1;5;6;1;1;1;2;1;36;
LeBron James;F;37:21;10;22;3;7;4;8;3;5;8;5;0;1;3;2;27;
LeBron James;F;38:01;5;11;0;1;7;9;0;6;6;8;1;0;2;0;17;
LeBron James;F;36:38;9;17;4;7;3;4;0;4;4;13;0;0;4;3;25;
LeBron James;F;42:14;11;19;1;2;3;5;1;6;7;6;2;1;5;2;26;
LeBron James;F;34:41;9;14;3;5;4;5;0;3;3;5;1;0;6;2;25;
LeBron James;F;36:01;13;20;1;3;8;8;2;6;8;8;0;1;1;2;35;
LeBron James;F;37:09;6;13;1;3;5;9;0;5;5;6;1;0;4;4;18;
LeBron James;F;36:32;9;13;0;0;7;9;1;7;8;10;0;0;5;1;25;
LeBron James;F;29:58;13;21;4;7;3;6;0;3;3;2;0;0;3;0;33;
LeBron James;F;36:58;14;18;1;1;10;11;0;6;6;4;1;0;6;0;39;
LeBron James;F;31:55;13;18;0;0;4;4;1;3;4;7;1;1;3;1;30;
LeBron James;F;30:42;6;13;0;0;1;3;2;4;6;5;1;0;3;0;13;
LeBron James;F;29:05;5;11;0;2;11;11;1;5;6;7;1;1;4;0;21;
LeBron James;F;37:35;7;13;3;6;5;7;0;9;9;7;3;0;3;0;22;
LeBron James;F;33:21;11;14;2;4;11;11;0;5;5;4;1;1;4;0;35;
LeBron James;F;37:06;9;19;1;3;9;11;0;8;8;8;3;0;1;3;28;
LeBron James;F;36:27;10;17;3;5;4;6;1;5;6;3;1;1;3;2;27;
LeBron James;F;38:16;8;13;1;3;9;10;0;5;5;4;1;1;3;0;26;
LeBron James;F;36:58;8;15;2;5;5;8;3;2;5;6;2;1;6;2;23;
LeBron James;F;33:18;7;17;1;4;6;8;0;5;5;2;3;0;1;2;21;
LeBron James;F;30:34;9;12;0;0;3;5;4;10;14;8;2;0;7;3;21;
LeBron James;F;35:01;10;15;0;2;4;5;1;6;7;9;2;0;6;2;24;
LeBron James;F;38:32;6;16;1;4;4;6;1;13;14;6;2;0;5;3;17;
LeBron James;F;40:37;9;12;0;2;7;10;2;7;9;9;4;0;2;2;25;
LeBron James;F;33:49;13;17;0;1;4;5;1;8;9;9;1;0;3;1;30;
LeBron James;F;36:14;8;14;1;3;7;7;0;9;9;7;3;0;3;3;24;
LeBron James;F;30:40;8;11;1;2;1;2;2;4;6;8;1;1;1;1;18;
LeBron James;F;45:38;16;28;4;9;2;6;4;4;8;6;2;0;0;2;38;
LeBron James;F;35:48;7;14;0;4;5;9;0;8;8;4;0;0;2;2;19;
LeBron James;F;43:43;12;23;4;9;5;6;0;8;8;8;0;0;2;3;33;
LeBron James;F;39:44;8;15;5;9;5;8;1;5;6;10;0;1;4;0;26;
