Lorenzo Brown;;15:36;1;7;1;3;1;2;0;4;4;4;0;0;2;2;4;
Lorenzo Brown;;11:20;1;3;0;1;1;2;0;3;3;1;1;0;2;0;3;
Lorenzo Brown;;4:16;1;4;0;1;2;2;0;0;0;2;0;0;0;0;4;
Lorenzo Brown;;4:30;1;2;0;0;1;2;1;0;1;3;1;0;0;1;3;
Lorenzo Brown;;3:01;0;1;0;0;0;0;1;1;2;0;0;0;0;0;0;
Lorenzo Brown;;0:05;0;0;0;0;0;0;0;0;0;0;0;0;0;0;0;
Lorenzo Brown;;0:11;0;0;0;0;0;0;0;0;0;0;0;0;0;0;0;
Lorenzo Brown;;12:00;1;6;1;4;0;0;1;1;2;4;1;0;0;0;3;
Lorenzo Brown;;3:31;1;2;0;1;0;0;0;3;3;1;0;0;0;1;2;
Lorenzo Brown;;2:59;0;0;0;0;0;0;0;0;0;0;0;0;0;0;0;
Lorenzo Brown;;15:38;2;5;0;3;0;1;0;0;0;1;0;0;0;2;4;
Lorenzo Brown;;0:54;0;0;0;0;0;0;0;0;0;1;0;0;0;0;0;
Lorenzo Brown;;7:54;0;2;0;1;0;0;0;3;3;0;0;0;1;0;0;
Lorenzo Brown;;0:58;2;2;1;1;0;0;0;0;0;0;0;0;0;0;5;
Lorenzo Brown;;4:52;0;1;0;1;0;0;0;1;1;2;0;0;0;0;0;
Lorenzo Brown;;10:10;2;6;0;0;0;0;2;1;3;0;1;0;0;1;4;
Lorenzo Brown;;8:12;0;4;0;0;0;0;0;0;0;0;1;0;0;0;0;
Lorenzo Brown;;1:14;0;0;0;0;0;0;0;0;0;0;0;0;0;0;0;
Lorenzo Brown;;3:06;0;1;0;0;0;0;0;1;1;0;0;0;0;0;0;
Lorenzo Brown;;13:16;2;8;0;3;0;0;0;1;1;0;1;0;0;0;4;
Lorenzo Brown;;15:17;3;6;0;1;0;0;1;1;2;4;0;0;0;1;6;
Lorenzo Brown;;11:31;1;6;0;2;2;2;1;0;1;4;1;0;1;4;4;
Lorenzo Brown;;19:17;2;3;0;1;0;0;1;0;1;6;1;2;5;5;4;
Lorenzo Brown;;10:41;0;2;0;1;0;0;0;0;0;2;0;0;3;0;0;
Lorenzo Brown;;23:46;3;9;0;3;2;2;0;0;0;5;3;1;2;1;8;
Lorenzo Brown;;19:29;3;6;0;3;0;0;0;0;0;1;2;0;0;1;6;
