╔═══════════════╤═══════════════════════╗
║Name		│Lou Williams		║
╟───────────────┼───────────────────────╢
║Number		│3			║
╟───────────────┼───────────────────────╢
║Position	│G			║
╟───────────────┼───────────────────────╢
║Height		│6-1			║
╟───────────────┼───────────────────────╢
║Weight		│175			║
╟───────────────┼───────────────────────╢
║Birth		│OCT 27, 1986		║
╟───────────────┼───────────────────────╢
║Age		│27			║
╟───────────────┼───────────────────────╢
║Exp		│8			║
╟───────────────┼───────────────────────╢
║School		│South Gwinnett HS (GA)	║
╚═══════════════╧═══════════════════════╝
Lou Williams;;22:15;3;9;2;6;0;0;0;4;4;4;1;0;3;1;8;
Lou Williams;;19:05;2;6;0;1;1;1;0;2;2;2;0;0;2;0;5;
Lou Williams;;21:22;1;6;1;4;2;2;0;4;4;3;1;0;2;1;5;
Lou Williams;;20:54;2;6;1;1;1;2;0;2;2;4;1;0;3;1;6;
Lou Williams;;24:35;3;7;0;1;0;0;0;3;3;8;0;0;0;0;6;
Lou Williams;;22:34;0;6;0;3;4;6;0;1;1;4;2;0;2;1;4;
Lou Williams;G;25:05;3;7;1;2;2;2;0;4;4;4;1;0;2;1;9;
Lou Williams;;20:51;2;4;2;3;6;6;0;0;0;5;1;0;3;1;12;
Lou Williams;;21:43;1;4;0;1;0;0;0;0;0;6;0;0;3;2;2;
Lou Williams;G;37:29;4;11;1;2;3;3;0;3;3;7;2;0;2;0;12;
Lou Williams;;24:14;6;9;3;5;3;4;0;0;0;5;0;0;1;0;18;
Lou Williams;;22:56;3;8;1;3;3;3;0;2;2;3;1;0;4;1;10;
Lou Williams;;20:45;3;10;1;4;5;5;0;1;1;5;1;0;2;1;12;
Lou Williams;;22:37;2;5;1;2;2;2;1;3;4;5;1;0;1;3;7;
Lou Williams;;20:01;1;4;1;2;0;0;0;1;1;2;0;0;2;0;3;
Lou Williams;;21:17;3;6;1;3;4;4;0;0;0;2;1;1;2;2;11;
Lou Williams;;26:19;2;8;1;4;1;3;1;4;5;3;2;0;2;1;6;
Lou Williams;;29:49;6;11;1;3;0;0;0;3;3;4;1;0;1;1;13;
Lou Williams;G;30:29;2;8;0;4;1;2;0;1;1;2;0;0;1;2;5;
Lou Williams;;29:33;6;9;2;3;4;4;0;0;0;3;1;0;3;3;18;
Lou Williams;;31:12;3;9;1;5;7;9;0;2;2;2;1;0;3;0;14;
Lou Williams;;28:59;5;12;3;7;2;2;0;1;1;8;3;0;0;2;15;
Lou Williams;;30:24;3;12;3;7;5;6;1;8;9;7;0;0;1;0;14;
Lou Williams;;26:09;4;10;2;5;2;2;0;2;2;1;1;0;1;1;12;
Lou Williams;;32:22;5;13;1;3;2;4;0;3;3;4;0;0;1;1;13;
Lou Williams;;25:12;3;7;2;6;7;8;0;0;0;3;0;0;2;0;15;
Lou Williams;;5:12;0;1;0;1;4;4;0;0;0;0;0;0;0;1;4;
Lou Williams;;14:45;1;4;0;1;0;0;0;0;0;0;0;0;2;1;2;
Lou Williams;;19:26;1;3;0;2;2;2;0;1;1;3;0;0;1;0;4;
Lou Williams;;27:31;5;8;2;3;5;7;0;4;4;0;0;0;2;2;17;
Lou Williams;;31:42;3;10;1;5;3;3;0;2;2;6;0;0;2;4;10;
Lou Williams;;29:41;5;12;1;5;5;7;0;4;4;4;1;0;0;0;16;
Lou Williams;;32:07;4;10;0;4;4;5;0;2;2;1;1;0;0;1;12;
Lou Williams;;24:55;7;12;2;7;6;6;1;4;5;5;1;0;1;1;22;
Lou Williams;;21:03;1;4;0;2;4;5;0;2;2;5;1;0;5;1;6;
Lou Williams;;21:07;6;9;3;5;1;1;0;3;3;6;0;0;3;0;16;
Lou Williams;;16:43;3;4;0;0;3;3;0;1;1;2;0;0;0;3;9;
Lou Williams;;19:22;1;4;0;0;3;4;0;2;2;2;1;0;2;1;5;
Lou Williams;;22:32;7;9;4;4;5;5;0;1;1;3;0;0;0;1;23;
Lou Williams;G;34:13;5;13;0;7;3;3;1;4;5;6;1;0;1;1;13;
Lou Williams;;18:58;1;6;0;3;7;7;0;4;4;3;0;0;0;0;9;
Lou Williams;;16:01;3;8;1;3;0;0;1;2;3;2;1;0;0;1;7;
Lou Williams;;14:39;2;6;1;2;1;1;0;0;0;5;0;0;0;0;6;
Lou Williams;;17:40;2;7;0;0;2;2;1;1;2;2;0;0;0;1;6;
Lou Williams;;24:05;3;9;3;5;2;2;1;2;3;8;0;0;1;1;11;
Lou Williams;G;24:48;4;8;1;4;3;4;0;2;2;2;0;1;1;0;12;
Lou Williams;G;27:20;5;14;0;6;0;0;0;0;0;4;1;1;0;2;10;
Lou Williams;;17:17;1;5;1;3;0;0;1;3;4;2;1;0;2;1;3;
Lou Williams;;26:45;5;11;2;6;1;3;0;1;1;3;0;0;3;2;13;
Lou Williams;;19:14;3;6;2;3;0;0;0;0;0;1;1;0;2;0;8;
Lou Williams;;22:36;2;7;1;3;0;0;0;0;0;2;3;0;3;2;5;
Lou Williams;;28:38;9;16;6;13;3;3;0;2;2;3;1;1;4;1;27;
Lou Williams;;21:58;2;8;1;2;0;0;0;2;2;8;1;0;2;1;5;
Lou Williams;;20:26;1;5;0;2;0;0;0;1;1;3;0;0;0;0;2;
Lou Williams;;23:59;8;13;6;10;3;4;0;2;2;2;4;0;0;1;25;
Lou Williams;;33:45;3;9;1;4;2;2;0;0;0;5;0;0;1;0;9;
Lou Williams;;21:33;3;9;0;4;1;2;0;0;0;1;1;0;1;3;7;
Lou Williams;;34:11;7;12;4;7;10;12;0;5;5;1;1;0;1;3;28;
Lou Williams;G;36:26;6;16;4;11;2;2;0;3;3;3;1;0;2;3;18;
Lou Williams;;15:47;0;8;0;4;0;0;1;0;1;1;1;0;1;0;0;
