╔═══════════════╤═══════════════╗
║Name		│Lou Amundson	║
╟───────────────┼───────────────╢
║Number		│17		║
╟───────────────┼───────────────╢
║Position	│F		║
╟───────────────┼───────────────╢
║Height		│6-9		║
╟───────────────┼───────────────╢
║Weight		│225		║
╟───────────────┼───────────────╢
║Birth		│DEC 07, 1982	║
╟───────────────┼───────────────╢
║Age		│31		║
╟───────────────┼───────────────╢
║Exp		│7		║
╟───────────────┼───────────────╢
║School		│UNLV		║
╚═══════════════╧═══════════════╝
Lou Amundson;;1:04;0;0;0;0;0;0;0;0;0;0;0;0;0;0;0;
Lou Amundson;;8:24;1;2;0;0;1;4;1;2;3;1;0;1;0;2;3;
Lou Amundson;;17:56;2;3;0;0;1;2;0;0;0;0;1;0;2;5;5;
Lou Amundson;;13:55;1;2;0;0;0;0;1;2;3;0;2;2;0;3;2;
Lou Amundson;;4:30;1;1;0;0;0;2;1;0;1;0;0;0;0;1;2;
Lou Amundson;;3:36;0;0;0;0;0;0;0;0;0;0;0;0;0;1;0;
Lou Amundson;;8:27;0;3;0;0;1;2;3;2;5;0;0;0;0;2;1;
Lou Amundson;;3:19;0;1;0;0;0;0;1;1;2;0;0;1;1;3;0;
Lou Amundson;;5:00;0;0;0;0;0;0;0;2;2;0;0;1;0;1;0;
Lou Amundson;;6:36;1;2;0;0;0;0;0;1;1;0;0;0;0;1;2;
Lou Amundson;;12:57;0;0;0;0;0;2;0;3;3;0;0;1;0;5;0;
Lou Amundson;;11:00;0;0;0;0;0;0;1;0;1;1;0;0;2;3;0;
Lou Amundson;;8:03;1;3;0;0;0;0;3;1;4;0;1;1;1;1;2;
Lou Amundson;;14:08;2;3;0;0;1;2;4;2;6;0;1;1;1;3;5;
Lou Amundson;;18:19;3;4;0;0;1;2;4;3;7;0;0;0;2;3;7;
Lou Amundson;;18:52;1;3;0;0;0;2;5;3;8;2;2;1;2;5;2;
Lou Amundson;;16:16;2;4;0;0;1;6;3;4;7;2;2;0;3;6;5;
Lou Amundson;;4:57;0;0;0;0;0;0;0;0;0;0;0;0;0;2;0;
Lou Amundson;;4:52;1;1;0;0;0;0;1;0;1;0;0;1;0;1;2;
