╔═══════════════╤═══════════════════════╗
║Name		│Luc Mbah a Moute	║
╟───────────────┼───────────────────────╢
║Number		│12			║
╟───────────────┼───────────────────────╢
║Position	│F			║
╟───────────────┼───────────────────────╢
║Height		│6-8			║
╟───────────────┼───────────────────────╢
║Weight		│230			║
╟───────────────┼───────────────────────╢
║Birth		│SEP 09, 1986		║
╟───────────────┼───────────────────────╢
║Age		│27			║
╟───────────────┼───────────────────────╢
║Exp		│5			║
╟───────────────┼───────────────────────╢
║School		│UCLA			║
╚═══════════════╧═══════════════════════╝
Luc Mbah a Moute;;15:10;1;1;0;0;1;1;0;1;1;0;0;0;2;0;3;
Luc Mbah a Moute;;5:37;2;2;0;0;0;0;0;1;1;0;0;0;1;0;4;
Luc Mbah a Moute;;3:54;0;3;0;1;0;0;0;0;0;0;0;0;0;0;0;
Luc Mbah a Moute;;18:02;1;2;0;0;0;0;0;3;3;0;0;0;0;1;2;
Luc Mbah a Moute;;13:57;1;3;0;0;0;0;0;1;1;0;1;0;1;1;2;
Luc Mbah a Moute;;6:25;0;0;0;0;0;0;0;0;0;0;0;0;0;0;0;
Luc Mbah a Moute;;0:08;0;0;0;0;0;0;0;0;0;0;0;0;0;0;0;
Luc Mbah a Moute;;1:12;0;0;0;0;0;0;0;0;0;0;0;0;0;0;0;
Luc Mbah a Moute;;4:23;0;0;0;0;0;0;0;0;0;0;0;0;0;0;0;
Luc Mbah a Moute;;22:40;0;2;0;0;3;4;2;1;3;0;1;1;0;3;3;
Luc Mbah a Moute;;10:00;1;3;0;0;2;2;0;1;1;0;0;1;0;2;4;
Luc Mbah a Moute;;17:53;1;5;0;0;2;2;3;0;3;2;0;0;1;1;4;
Luc Mbah a Moute;F;26:37;3;7;0;1;2;2;2;2;4;0;0;0;2;2;8;
Luc Mbah a Moute;;10:19;0;1;0;0;0;0;1;0;1;1;0;0;0;0;0;
Luc Mbah a Moute;;4:06;0;1;0;0;0;0;1;0;1;0;1;0;1;0;0;
Luc Mbah a Moute;;28:36;5;6;0;0;0;0;1;1;2;1;1;0;1;2;10;
Luc Mbah a Moute;;9:32;1;1;0;0;0;0;0;1;1;0;0;0;1;0;2;
Luc Mbah a Moute;;24:31;0;2;0;1;0;0;0;1;1;1;1;0;1;4;0;
Luc Mbah a Moute;;23:43;2;4;0;0;4;5;1;2;3;0;0;0;1;2;8;
Luc Mbah a Moute;;22:43;1;3;0;1;0;0;0;3;3;1;0;1;1;2;2;
Luc Mbah a Moute;;16:00;1;4;0;0;0;0;1;3;4;0;0;0;0;1;2;
Luc Mbah a Moute;;3:49;0;1;0;0;0;0;0;0;0;0;0;0;0;0;0;
Luc Mbah a Moute;;4:59;0;0;0;0;0;0;0;0;0;1;0;0;0;1;0;
Luc Mbah a Moute;;3:24;0;0;0;0;0;0;0;1;1;0;1;0;0;0;0;
Luc Mbah a Moute;;7:50;3;3;0;0;0;0;2;2;4;0;0;0;0;1;6;
Luc Mbah a Moute;;3:50;0;1;0;0;0;0;1;0;1;0;0;0;1;0;0;
Luc Mbah a Moute;;7:48;0;1;0;0;2;2;1;0;1;0;0;0;1;0;2;
Luc Mbah a Moute;;6:02;0;0;0;0;0;0;0;0;0;0;0;0;0;1;0;
Luc Mbah a Moute;;24:35;5;7;1;1;0;2;2;1;3;1;1;1;1;0;11;
Luc Mbah a Moute;;8:27;0;1;0;0;0;0;0;0;0;0;0;0;0;0;0;
Luc Mbah a Moute;;3:56;1;2;0;0;0;0;0;2;2;0;0;0;1;0;2;
Luc Mbah a Moute;;14:30;1;2;0;1;0;0;0;1;1;0;0;0;0;2;2;
Luc Mbah a Moute;;9:13;0;4;0;0;0;0;2;0;2;0;0;0;0;0;0;
Luc Mbah a Moute;;20:21;1;2;0;1;5;6;0;0;0;1;0;0;0;4;7;
Luc Mbah a Moute;;31:25;4;6;0;0;2;2;1;2;3;0;1;0;1;0;10;
Luc Mbah a Moute;;19:16;5;7;1;1;0;0;1;0;1;0;0;0;0;2;11;
Luc Mbah a Moute;;20:37;1;1;0;0;0;0;0;3;3;0;0;0;0;0;2;
Luc Mbah a Moute;;27:17;1;8;0;1;2;2;2;4;6;1;1;2;3;3;4;
Luc Mbah a Moute;;25:27;6;9;0;0;0;0;1;2;3;0;1;1;1;1;12;
Luc Mbah a Moute;;17:51;2;6;0;0;0;0;3;1;4;2;1;0;1;0;4;
Luc Mbah a Moute;;8:30;0;1;0;0;0;0;0;1;1;1;0;0;0;1;0;
Luc Mbah a Moute;;6:21;0;1;0;0;2;2;2;0;2;1;0;0;0;0;2;
Luc Mbah a Moute;;15:26;0;0;0;0;0;0;0;1;1;2;1;0;1;5;0;
Luc Mbah a Moute;;4:20;0;0;0;0;0;0;0;0;0;0;1;0;0;1;0;
Luc Mbah a Moute;;29:05;4;7;1;2;0;0;0;2;2;1;1;1;0;1;9;
Luc Mbah a Moute;F;26:16;1;6;0;1;2;4;3;0;3;2;0;1;0;2;4;
Luc Mbah a Moute;F;26:57;2;4;0;0;0;0;2;5;7;2;2;0;0;2;4;
Luc Mbah a Moute;F;28:15;4;5;0;0;3;3;0;2;2;3;1;2;1;1;11;
Luc Mbah a Moute;F;27:45;2;4;0;0;2;2;1;3;4;3;1;1;1;6;6;
Luc Mbah a Moute;F;31:42;2;5;0;0;0;2;1;5;6;1;2;0;1;0;4;
Luc Mbah a Moute;;26:09;2;5;0;0;0;3;4;3;7;1;0;2;3;1;4;
Luc Mbah a Moute;;17:27;1;3;0;0;0;0;1;1;2;0;1;0;0;1;2;
Luc Mbah a Moute;F;26:20;4;9;0;1;3;4;1;1;2;1;1;0;1;2;11;
Luc Mbah a Moute;;12:20;0;1;0;0;0;2;1;1;2;1;1;0;0;1;0;
Luc Mbah a Moute;;12:34;2;6;0;0;0;0;3;1;4;0;0;0;2;0;4;
Luc Mbah a Moute;;10:28;0;1;0;0;0;0;0;1;1;0;0;0;1;1;0;
Luc Mbah a Moute;;5:45;1;2;0;0;1;1;0;0;0;0;0;0;0;0;3;
Luc Mbah a Moute;;28:45;4;4;1;1;0;0;0;6;6;2;1;0;1;1;9;
Luc Mbah a Moute;;14:07;2;2;0;0;2;2;1;4;5;0;0;0;0;0;6;
Luc Mbah a Moute;;20:27;2;3;0;0;0;0;0;2;2;1;3;0;1;2;4;
Luc Mbah a Moute;;25:16;1;5;0;2;0;2;3;3;6;2;2;0;1;1;2;
Luc Mbah a Moute;;20:22;1;2;0;0;2;2;0;4;4;0;0;0;0;0;4;
Luc Mbah a Moute;;15:26;2;5;0;0;4;8;5;3;8;0;0;0;1;0;8;
Luc Mbah a Moute;;14:17;0;1;0;1;0;0;0;1;1;0;0;0;2;1;0;
