╔═══════════════╤═══════════════════════╗
║Name		│Luis Scola		║
╟───────────────┼───────────────────────╢
║Number		│4			║
╟───────────────┼───────────────────────╢
║Position	│F			║
╟───────────────┼───────────────────────╢
║Height		│6-9			║
╟───────────────┼───────────────────────╢
║Weight		│240			║
╟───────────────┼───────────────────────╢
║Birth		│APR 30, 1980		║
╟───────────────┼───────────────────────╢
║Age		│34			║
╟───────────────┼───────────────────────╢
║Exp		│6			║
╟───────────────┼───────────────────────╢
║School		│Buenos Aires, Argentina║
╚═══════════════╧═══════════════════════╝
Luis Scola;;20:24;3;10;0;0;1;2;1;3;4;1;1;0;2;2;7;
Luis Scola;;17:18;4;7;0;0;0;0;2;7;9;0;0;0;4;2;8;
Luis Scola;;13:56;3;8;0;0;0;0;2;6;8;0;0;0;2;2;6;
Luis Scola;;15:47;4;11;0;0;0;0;2;7;9;1;0;1;2;0;8;
Luis Scola;;18:41;2;6;0;0;0;0;2;3;5;3;0;1;1;2;4;
Luis Scola;;18:26;4;11;0;0;2;2;1;5;6;1;0;0;1;1;10;
Luis Scola;;15:33;4;6;0;0;1;2;2;5;7;2;0;0;0;2;9;
Luis Scola;;15:30;4;8;0;1;2;2;0;7;7;1;0;0;0;2;10;
Luis Scola;;15:21;2;5;0;0;4;4;1;3;4;0;0;0;1;4;8;
Luis Scola;;17:17;3;9;0;0;0;0;2;4;6;1;1;0;1;1;6;
Luis Scola;;14:37;2;5;0;0;1;2;1;4;5;0;0;0;2;3;5;
Luis Scola;;17:06;3;10;0;0;0;0;0;3;3;1;0;0;0;0;6;
Luis Scola;;21:21;3;9;0;0;0;0;3;4;7;0;0;0;0;1;6;
Luis Scola;;18:56;4;11;0;0;0;0;2;4;6;2;0;0;0;2;8;
Luis Scola;;15:14;1;5;0;0;1;2;3;4;7;0;0;0;0;4;3;
Luis Scola;;15:49;1;3;0;0;0;0;1;6;7;2;1;0;5;2;2;
Luis Scola;;21:49;4;13;0;0;2;2;1;3;4;4;0;0;0;3;10;
Luis Scola;;15:59;3;6;0;0;2;4;1;1;2;2;0;0;1;2;8;
Luis Scola;;13:01;3;7;0;0;1;2;1;1;2;0;1;0;1;1;7;
Luis Scola;;15:18;1;6;0;0;0;0;0;5;5;1;1;0;0;0;2;
Luis Scola;;13:55;4;8;0;0;3;4;1;7;8;0;0;0;0;1;11;
Luis Scola;;13:05;0;5;0;0;0;0;0;6;6;0;0;1;1;3;0;
Luis Scola;;14:55;3;4;0;0;3;4;0;5;5;1;1;0;1;3;9;
Luis Scola;;9:56;1;2;0;0;0;0;1;2;3;0;0;0;3;1;2;
Luis Scola;;14:51;2;7;0;0;1;2;1;3;4;1;0;0;1;1;5;
Luis Scola;;13:50;3;8;0;0;3;4;3;6;9;2;2;0;2;2;9;
Luis Scola;;15:53;2;4;0;0;0;0;1;2;3;2;0;0;1;1;4;
Luis Scola;;17:09;3;3;0;0;2;2;0;2;2;0;1;1;1;2;8;
Luis Scola;;18:36;2;6;0;1;0;0;2;1;3;1;1;2;2;3;4;
Luis Scola;;14:27;4;7;0;0;0;0;0;1;1;0;0;0;1;2;8;
Luis Scola;;14:04;3;5;0;0;2;2;0;5;5;3;0;0;1;2;8;
Luis Scola;;19:22;4;7;0;0;2;2;0;3;3;1;0;0;0;3;10;
Luis Scola;;15:24;0;3;0;0;1;2;0;4;4;0;0;0;1;1;1;
Luis Scola;;13:01;5;7;0;0;1;1;0;5;5;0;0;0;3;2;11;
Luis Scola;;15:14;2;3;0;0;5;8;1;2;3;1;0;0;1;3;9;
Luis Scola;;17:27;1;6;0;0;0;0;4;4;8;1;0;0;0;4;2;
Luis Scola;;13:36;1;4;0;0;3;6;0;3;3;1;1;0;1;1;5;
Luis Scola;;11:33;1;2;0;0;2;4;0;2;2;0;0;0;2;4;4;
Luis Scola;;20:29;9;12;0;0;1;2;1;5;6;0;0;1;1;3;19;
Luis Scola;;16:06;2;6;0;0;2;2;2;1;3;1;0;0;1;3;6;
Luis Scola;;14:42;1;4;0;0;0;0;0;1;1;0;0;1;2;4;2;
Luis Scola;;11:13;0;5;0;0;0;0;1;3;4;0;0;0;0;2;0;
Luis Scola;;13:39;5;8;0;0;0;0;1;2;3;1;0;0;0;3;10;
Luis Scola;;17:38;3;6;0;0;0;0;0;2;2;2;0;0;0;0;6;
Luis Scola;;15:25;1;6;0;0;0;0;1;0;1;3;1;0;0;3;2;
Luis Scola;;14:50;3;7;0;0;3;4;5;3;8;2;0;0;2;4;9;
Luis Scola;;13:39;3;7;0;0;0;2;1;4;5;1;0;0;0;1;6;
Luis Scola;;15:39;4;7;0;1;2;2;0;0;0;1;1;0;0;2;10;
Luis Scola;F;30:58;11;17;0;0;2;2;2;7;9;3;0;0;1;1;24;
Luis Scola;;18:51;5;8;0;0;2;2;1;4;5;1;0;0;2;3;12;
Luis Scola;;14:59;5;7;0;0;0;0;0;2;2;1;0;0;3;1;10;
Luis Scola;F;24:11;4;10;0;0;2;2;4;4;8;4;0;0;2;1;10;
Luis Scola;;20:43;4;7;0;0;0;0;0;1;1;1;0;0;1;2;8;
Luis Scola;;16:35;3;4;0;0;0;0;1;1;2;0;0;1;3;2;6;
Luis Scola;;19:26;2;6;0;1;0;0;1;2;3;1;0;0;3;1;4;
Luis Scola;;14:18;3;5;0;0;0;2;0;3;3;0;0;1;2;1;6;
Luis Scola;;15:43;6;8;0;0;0;0;0;3;3;0;2;0;1;1;12;
Luis Scola;;18:30;4;6;0;0;0;0;1;3;4;0;0;2;2;3;8;
Luis Scola;;15:17;2;6;0;0;2;3;1;4;5;2;0;1;1;2;6;
Luis Scola;;18:56;5;10;0;1;2;3;2;2;4;0;1;0;0;4;12;
Luis Scola;;21:18;3;7;0;0;2;2;2;5;7;3;0;0;0;3;8;
Luis Scola;;20:24;4;8;0;0;0;0;0;4;4;1;0;0;0;2;8;
Luis Scola;;16:08;3;4;0;0;2;2;1;3;4;0;1;0;2;1;8;
Luis Scola;;25:17;7;9;0;0;3;4;3;1;4;1;2;0;4;3;17;
Luis Scola;;20:39;0;4;0;0;3;4;0;5;5;1;0;0;2;2;3;
Luis Scola;;19:29;4;10;0;0;1;1;0;8;8;1;0;0;2;2;9;
Luis Scola;;20:42;3;6;0;0;2;2;1;6;7;3;0;0;1;3;8;
Luis Scola;;20:51;4;8;0;0;0;0;0;6;6;0;1;0;2;3;8;
Luis Scola;;13:17;1;5;0;0;1;2;1;4;5;0;0;0;2;1;3;
Luis Scola;;15:31;5;10;0;1;0;0;0;5;5;0;1;0;2;2;10;
Luis Scola;;16:27;6;12;0;0;2;2;3;3;6;0;0;0;0;2;14;
Luis Scola;;28:28;5;9;0;0;2;2;1;9;10;0;1;0;4;2;12;
Luis Scola;;17:55;2;4;0;0;2;2;0;1;1;0;0;0;0;0;6;
Luis Scola;;15:47;3;5;0;0;1;2;1;5;6;1;0;0;4;4;7;
Luis Scola;;16:07;5;8;0;0;1;3;0;2;2;0;0;1;1;2;11;
Luis Scola;;19:32;8;11;0;0;2;4;3;1;4;2;0;0;0;1;18;
Luis Scola;;14:22;3;8;0;0;2;2;0;2;2;0;1;0;3;2;8;
Luis Scola;;16:12;5;7;1;1;2;2;0;6;6;1;1;1;1;1;13;
Luis Scola;;18:51;2;3;0;0;5;6;0;2;2;2;0;0;1;1;9;
Luis Scola;;19:20;2;5;0;0;1;1;2;7;9;0;0;1;2;2;5;
Luis Scola;;17:38;2;2;0;0;0;0;0;7;7;3;0;0;1;2;4;
Luis Scola;;19:25;2;6;0;0;2;2;1;8;9;2;2;0;2;1;6;
