╔═══════════════╤═══════════════╗
║Name		│Luke Ridnour	║
╟───────────────┼───────────────╢
║Number		│13		║
╟───────────────┼───────────────╢
║Position	│G		║
╟───────────────┼───────────────╢
║Height		│6-2		║
╟───────────────┼───────────────╢
║Weight		│175		║
╟───────────────┼───────────────╢
║Birth		│FEB 13, 1981	║
╟───────────────┼───────────────╢
║Age		│33		║
╟───────────────┼───────────────╢
║Exp		│10		║
╟───────────────┼───────────────╢
║School		│Oregon		║
╚═══════════════╧═══════════════╝
Luke Ridnour;G;37:03;4;8;0;2;4;4;1;2;3;8;1;0;3;1;12;
Luke Ridnour;G;20:55;1;4;0;0;0;0;1;1;2;1;0;0;3;1;2;
Luke Ridnour;G;25:38;2;9;0;0;0;0;0;1;1;3;1;1;0;0;4;
Luke Ridnour;G;40:20;6;14;2;5;0;0;1;4;5;8;1;0;1;4;14;
Luke Ridnour;;28:08;6;11;4;5;0;0;0;1;1;5;0;0;2;1;16;
Luke Ridnour;;23:55;2;6;2;3;1;2;0;1;1;7;0;0;1;2;7;
Luke Ridnour;G;42:38;4;8;1;3;0;0;0;6;6;9;1;0;3;3;9;
Luke Ridnour;G;30:13;5;8;4;4;0;0;0;1;1;5;0;0;3;3;14;
Luke Ridnour;G;11:02;1;5;0;0;0;0;0;0;0;3;0;0;0;1;2;
Luke Ridnour;;18:39;3;7;2;4;0;0;1;2;3;3;1;0;2;1;8;
Luke Ridnour;;18:38;1;7;0;3;2;2;0;0;0;2;0;0;1;2;4;
Luke Ridnour;G;14:58;1;3;0;2;0;0;0;0;0;3;0;0;2;3;2;
Luke Ridnour;;15:24;1;3;0;0;0;0;1;0;1;3;0;0;2;1;2;
Luke Ridnour;;8:50;0;3;0;1;0;0;0;1;1;0;0;0;0;2;0;
Luke Ridnour;;20:38;0;3;0;1;0;0;0;1;1;2;1;0;2;4;0;
Luke Ridnour;;4:03;0;0;0;0;0;0;0;0;0;0;0;0;1;1;0;
Luke Ridnour;;13:11;1;2;0;1;0;1;0;0;0;1;0;0;1;0;2;
Luke Ridnour;;12:06;1;1;1;1;2;2;0;1;1;2;0;0;2;2;5;
Luke Ridnour;;14:22;1;3;1;2;0;0;0;1;1;2;0;0;1;1;3;
Luke Ridnour;;13:02;0;1;0;1;0;0;0;1;1;2;0;0;0;2;0;
Luke Ridnour;;12:59;0;3;0;3;0;0;1;2;3;1;0;0;4;2;0;
Luke Ridnour;;15:22;1;6;0;2;0;0;2;1;3;3;1;1;1;1;2;
Luke Ridnour;;6:49;1;4;0;1;0;0;1;0;1;0;0;0;0;1;2;
Luke Ridnour;;11:08;2;7;0;2;0;0;0;0;0;1;0;0;0;1;4;
Luke Ridnour;;14:01;3;3;0;0;0;0;1;2;3;3;1;1;3;1;6;
Luke Ridnour;;16:42;1;5;0;2;0;0;1;1;2;2;0;0;0;1;2;
Luke Ridnour;;15:20;1;3;1;1;0;0;0;3;3;4;1;0;0;1;3;
Luke Ridnour;;14:08;2;5;0;2;0;0;0;2;2;2;0;0;0;2;4;
Luke Ridnour;;14:49;3;7;0;1;0;0;1;1;2;2;0;2;1;0;6;
Luke Ridnour;;9:23;0;3;0;1;0;0;0;0;0;0;1;1;0;2;0;
Luke Ridnour;;16:39;4;5;1;2;0;0;1;2;3;2;0;0;0;2;9;
Luke Ridnour;;14:42;1;5;0;0;0;0;0;0;0;4;1;0;1;2;2;
Luke Ridnour;;9:48;0;2;0;2;0;0;0;1;1;1;0;0;2;1;0;
Luke Ridnour;;20:02;3;8;2;3;0;0;0;2;2;1;0;0;1;1;8;
Luke Ridnour;;13:11;1;2;0;0;0;0;0;0;0;1;1;0;0;2;2;
Luke Ridnour;;12:23;2;3;2;2;0;0;0;1;1;3;0;0;0;2;6;
Luke Ridnour;;9:24;0;2;0;0;0;0;0;1;1;0;0;0;0;3;0;
Luke Ridnour;G;31:09;4;9;1;3;0;0;0;2;2;5;3;0;0;1;9;
Luke Ridnour;G;30:43;4;8;2;4;2;4;0;2;2;8;0;1;1;3;12;
Luke Ridnour;;23:21;5;8;0;2;0;0;0;0;0;4;0;0;2;1;10;
Luke Ridnour;;13:05;1;3;1;2;0;0;0;1;1;0;0;0;0;2;3;
Luke Ridnour;;21:00;2;6;0;0;0;0;0;0;0;1;0;1;1;0;4;
Luke Ridnour;;20:11;1;4;0;2;0;0;0;2;2;5;1;0;2;1;2;
Luke Ridnour;G;29:47;6;14;0;1;1;3;2;3;5;5;1;0;1;1;13;
Luke Ridnour;G;34:13;1;7;1;2;1;2;1;3;4;9;2;0;3;1;4;
Luke Ridnour;G;19:14;1;5;0;2;0;0;1;0;1;3;1;0;2;2;2;
Luke Ridnour;;10:07;0;2;0;0;0;0;0;0;0;4;0;0;1;1;0;
Luke Ridnour;;22:57;3;5;2;2;0;0;0;0;0;1;0;0;2;1;8;
Luke Ridnour;;13:45;1;6;0;1;0;0;0;2;2;0;1;0;0;2;2;
Luke Ridnour;;20:57;2;6;1;4;1;2;0;1;1;3;2;0;0;2;6;
Luke Ridnour;;17:06;3;6;0;0;0;0;1;1;2;3;1;0;1;0;6;
Luke Ridnour;;28:24;4;10;0;1;2;2;1;2;3;8;3;0;2;2;10;
Luke Ridnour;;3:17;0;1;0;0;0;0;0;0;0;0;0;0;0;0;0;
Luke Ridnour;;26:06;3;10;0;1;1;2;0;4;4;2;1;0;3;3;7;
Luke Ridnour;;16:27;3;4;2;3;0;0;0;0;0;2;1;0;0;0;8;
Luke Ridnour;;16:25;1;3;0;1;0;0;1;0;1;1;0;0;1;1;2;
Luke Ridnour;;21:21;5;8;1;4;0;0;1;3;4;2;1;0;0;1;11;
Luke Ridnour;;13:25;3;5;1;1;0;0;0;0;0;2;1;0;1;0;7;
Luke Ridnour;;11:54;0;2;0;1;0;0;0;1;1;1;0;0;0;2;0;
Luke Ridnour;;19:44;3;5;1;3;0;0;1;1;2;5;0;0;0;2;7;
Luke Ridnour;G;34:55;5;11;1;6;0;0;1;3;4;3;1;0;0;3;11;
