╔═══════════════╤═══════════════╗
║Name		│Luke Babbitt	║
╟───────────────┼───────────────╢
║Number		│8		║
╟───────────────┼───────────────╢
║Position	│F		║
╟───────────────┼───────────────╢
║Height		│6-9		║
╟───────────────┼───────────────╢
║Weight		│225		║
╟───────────────┼───────────────╢
║Birth		│JUN 20, 1989	║
╟───────────────┼───────────────╢
║Age		│25		║
╟───────────────┼───────────────╢
║Exp		│3		║
╟───────────────┼───────────────╢
║School		│Nevada-Reno	║
╚═══════════════╧═══════════════╝
Luke Babbitt;;19:29;2;7;1;5;0;0;3;3;6;2;0;2;0;4;5;
Luke Babbitt;;19:16;3;8;3;6;0;0;0;4;4;1;1;0;1;2;9;
Luke Babbitt;;19:36;2;4;2;4;0;0;0;3;3;0;0;3;1;4;6;
Luke Babbitt;;27:03;4;8;2;5;0;0;1;4;5;1;0;0;0;3;10;
Luke Babbitt;;18:43;3;6;1;4;0;0;2;2;4;0;0;0;1;2;7;
Luke Babbitt;;17:59;2;5;2;4;0;0;0;2;2;1;0;0;1;5;6;
Luke Babbitt;;7:21;0;2;0;1;0;0;0;1;1;0;0;0;0;0;0;
Luke Babbitt;;14:04;1;3;1;1;0;0;1;1;2;2;0;2;1;1;3;
Luke Babbitt;;25:34;4;6;2;4;0;0;1;2;3;1;0;0;1;2;10;
Luke Babbitt;;13:45;2;4;1;2;0;0;0;3;3;1;1;0;0;2;5;
Luke Babbitt;;11:18;0;5;0;3;0;0;0;4;4;0;0;0;0;0;0;
Luke Babbitt;;11:05;1;5;0;3;0;0;1;2;3;0;0;0;1;1;2;
Luke Babbitt;;4:12;0;0;0;0;1;2;1;1;2;0;0;0;0;0;1;
Luke Babbitt;;12:12;4;6;3;5;0;0;0;1;1;1;0;0;1;4;11;
Luke Babbitt;F;27:41;4;10;3;8;0;0;0;2;2;2;0;0;1;1;11;
Luke Babbitt;;16:42;1;5;1;4;2;2;1;3;4;0;0;0;0;2;5;
Luke Babbitt;;14:03;0;3;0;2;1;2;1;1;2;2;0;0;0;0;1;
Luke Babbitt;;24:39;3;6;1;3;2;2;1;2;3;2;2;1;0;3;9;
Luke Babbitt;;19:22;3;7;2;2;0;0;0;2;2;0;0;1;0;1;8;
Luke Babbitt;;4:32;0;2;0;2;0;0;0;2;2;0;0;0;0;0;0;
Luke Babbitt;;8:31;0;2;0;2;0;0;0;1;1;1;1;0;2;2;0;
Luke Babbitt;;11:28;0;4;0;3;0;0;0;2;2;1;0;1;0;2;0;
Luke Babbitt;;28:25;4;8;2;3;2;2;0;4;4;2;0;1;0;2;12;
Luke Babbitt;;19:02;2;3;1;2;0;0;1;4;5;5;0;0;0;1;5;
Luke Babbitt;F;34:09;8;18;4;8;4;4;2;5;7;2;0;0;3;4;24;
Luke Babbitt;;25:44;4;7;3;6;1;2;0;3;3;2;1;0;0;4;12;
Luke Babbitt;;17:27;3;10;1;3;1;2;2;6;8;0;1;0;1;0;8;
