╔═══════════════╤═══════════════╗
║Name		│Luol Deng	║
╟───────────────┼───────────────╢
║Number		│9		║
╟───────────────┼───────────────╢
║Position	│F		║
╟───────────────┼───────────────╢
║Height		│6-9		║
╟───────────────┼───────────────╢
║Weight		│220		║
╟───────────────┼───────────────╢
║Birth		│APR 16, 1985	║
╟───────────────┼───────────────╢
║Age		│29		║
╟───────────────┼───────────────╢
║Exp		│9		║
╟───────────────┼───────────────╢
║School		│Duke		║
╚═══════════════╧═══════════════╝
Luol Deng;F;28:38;6;12;0;2;2;2;1;2;3;3;1;0;1;0;14;
Luol Deng;F;29:42;5;15;1;1;6;6;7;4;11;1;3;0;3;1;17;
Luol Deng;F;21:07;4;8;0;0;2;2;0;1;1;0;1;0;4;0;10;
Luol Deng;F;24:01;5;11;1;3;1;2;2;3;5;2;1;0;3;1;12;
Luol Deng;F;38:00;9;15;5;5;4;4;1;4;5;4;1;0;2;3;27;
Luol Deng;F;39:18;10;20;2;7;3;4;1;5;6;2;3;0;3;2;25;
Luol Deng;F;30:08;6;17;0;1;6;7;3;0;3;2;1;1;0;2;18;
Luol Deng;F;35:14;5;8;2;4;8;9;0;2;2;3;1;0;2;3;20;
Luol Deng;F;39:53;2;11;0;2;7;9;1;4;5;1;1;0;1;4;11;
Luol Deng;F;29:13;4;9;0;2;1;1;3;2;5;1;0;1;2;0;9;
Luol Deng;F;40:32;7;18;0;2;4;6;3;7;10;5;1;1;3;4;18;
Luol Deng;F;31:28;3;10;0;1;0;2;2;0;2;3;1;0;1;0;6;
Luol Deng;F;31:57;3;9;1;2;6;6;3;8;11;2;0;0;1;3;13;
Luol Deng;F;36:04;10;19;3;8;1;2;1;3;4;2;2;0;0;3;24;
Luol Deng;F;42:02;8;16;0;4;2;5;4;4;8;3;4;0;2;3;18;
Luol Deng;F;24:19;1;10;0;2;1;2;1;2;3;2;0;0;0;0;3;
Luol Deng;F;32:14;4;9;1;2;0;0;1;4;5;0;1;0;0;1;9;
Luol Deng;F;33:21;9;17;4;5;0;0;1;2;3;4;1;0;1;2;22;
Luol Deng;F;35:52;0;9;0;3;4;6;2;5;7;1;1;0;2;1;4;
Luol Deng;F;27:43;5;13;1;2;2;2;1;3;4;2;1;0;0;0;13;
Luol Deng;F;33:07;6;14;1;2;4;4;1;2;3;3;1;0;1;0;17;
Luol Deng;F;38:29;6;15;2;4;7;8;5;6;11;1;2;0;3;2;21;
Luol Deng;F;37:45;4;13;0;2;9;9;1;6;7;2;1;0;0;1;17;
Luol Deng;F;39:57;3;14;0;5;2;5;3;6;9;5;2;0;1;3;8;
Luol Deng;F;37:14;5;16;1;5;2;2;0;3;3;2;1;0;2;0;13;
Luol Deng;F;30:00;8;12;0;0;0;2;0;3;3;1;1;0;0;0;16;
Luol Deng;F;35:10;5;14;0;1;1;2;2;4;6;2;0;0;1;0;11;
Luol Deng;F;35:02;3;10;0;2;3;4;1;1;2;3;0;0;4;3;9;
Luol Deng;F;33:53;8;15;0;2;3;4;3;3;6;1;1;0;2;2;19;
Luol Deng;F;39:08;3;12;2;3;2;2;3;4;7;4;1;1;2;1;10;
Luol Deng;F;39:09;7;12;3;6;1;1;0;9;9;3;0;0;2;3;18;
Luol Deng;F;33:16;6;10;2;3;2;4;0;6;6;0;1;0;0;1;16;
Luol Deng;F;30:54;8;16;3;7;4;4;3;3;6;1;1;0;0;0;23;
Luol Deng;F;32:28;5;8;3;4;0;0;1;3;4;0;2;0;1;3;13;
Luol Deng;F;39:56;7;13;2;4;3;4;0;6;6;7;1;1;1;1;19;
Luol Deng;F;34:07;3;14;0;4;1;1;2;4;6;4;0;0;2;0;7;
Luol Deng;F;37:55;7;15;1;5;5;6;2;4;6;7;1;0;1;2;20;
Luol Deng;F;35:30;6;12;0;2;3;5;1;4;5;3;1;0;3;1;15;
Luol Deng;F;21:02;4;7;0;1;0;0;0;2;2;2;0;0;0;0;8;
Luol Deng;F;35:02;4;13;0;3;5;6;1;1;2;0;0;0;0;0;13;
Luol Deng;F;36:44;2;10;0;3;1;1;0;3;3;1;0;0;0;1;5;
Luol Deng;F;24:36;6;12;0;4;1;1;0;2;2;7;0;0;2;2;13;
Luol Deng;F;29:28;2;8;0;5;0;0;1;4;5;4;2;0;3;4;4;
Luol Deng;F;39:49;8;15;1;4;0;0;1;2;3;6;0;0;0;1;17;
Luol Deng;F;36:41;8;21;0;3;4;5;3;4;7;4;2;0;1;3;20;
Luol Deng;F;36:03;6;18;0;3;5;5;0;3;3;1;1;0;1;1;17;
Luol Deng;F;38:08;7;9;0;0;5;5;2;9;11;9;5;0;5;2;19;
Luol Deng;F;36:36;3;12;0;3;6;6;2;3;5;3;1;0;1;0;12;
Luol Deng;F;37:43;8;15;2;4;1;1;0;9;9;3;0;0;3;4;19;
Luol Deng;F;32:27;8;14;1;2;6;7;1;6;7;2;2;0;3;3;23;
Luol Deng;F;39:06;5;10;1;2;10;12;1;7;8;1;0;2;2;2;21;
Luol Deng;F;32:34;3;18;0;1;0;0;5;8;13;2;1;0;4;4;6;
Luol Deng;F;42:53;6;17;0;2;3;3;6;8;14;0;1;0;3;1;15;
Luol Deng;F;32:28;6;11;1;2;9;13;0;2;2;6;1;0;3;3;22;
Luol Deng;F;44:44;7;18;0;4;10;13;1;9;10;2;0;0;2;3;24;
Luol Deng;F;40:47;11;17;1;2;4;4;0;6;6;5;2;1;0;2;27;
Luol Deng;F;38:56;12;20;2;5;1;1;0;4;4;11;0;0;3;1;27;
Luol Deng;F;45:46;13;23;0;0;3;5;2;5;7;6;0;0;5;4;29;
Luol Deng;F;41:40;5;12;4;7;6;8;2;3;5;5;0;1;4;4;20;
Luol Deng;F;35:15;8;19;1;2;0;0;3;4;7;4;0;0;3;2;17;
Luol Deng;F;41:53;8;16;1;2;9;12;2;6;8;2;0;0;1;3;26;
Luol Deng;F;35:08;7;15;1;3;3;5;0;5;5;4;1;0;2;2;18;
Luol Deng;F;33:34;6;15;0;2;4;5;0;4;4;0;1;0;4;2;16;
