╔═══════════════╤═══════════════════════╗
║Name		│Manu Ginobili		║
╟───────────────┼───────────────────────╢
║Number		│20			║
╟───────────────┼───────────────────────╢
║Position	│G			║
╟───────────────┼───────────────────────╢
║Height		│6-6			║
╟───────────────┼───────────────────────╢
║Weight		│205			║
╟───────────────┼───────────────────────╢
║Birth		│JUL 28, 1977		║
╟───────────────┼───────────────────────╢
║Age		│36			║
╟───────────────┼───────────────────────╢
║Exp		│11			║
╟───────────────┼───────────────────────╢
║School		│Bahia Blanca, Argentina║
╚═══════════════╧═══════════════════════╝
Manu Ginobili;;28:24;4;11;1;6;2;3;0;2;2;12;2;1;3;2;11;
Manu Ginobili;;23:42;6;11;1;4;2;3;1;1;2;6;2;0;0;1;15;
Manu Ginobili;;32:39;3;12;0;5;3;5;1;1;2;6;2;0;1;2;9;
Manu Ginobili;G;24:38;4;9;0;2;6;6;0;2;2;2;2;1;3;1;14;
Manu Ginobili;G;20:43;4;11;2;4;3;4;1;2;3;3;1;1;1;0;13;
Manu Ginobili;;25:09;9;17;4;5;7;7;1;6;7;5;0;1;1;2;29;
Manu Ginobili;;22:09;0;3;0;1;1;2;0;2;2;7;1;0;3;2;1;
Manu Ginobili;;26:53;3;9;2;7;2;4;0;4;4;3;1;0;3;1;10;
Manu Ginobili;;18:09;1;3;0;1;1;2;0;1;1;6;1;0;5;2;3;
Manu Ginobili;;24:39;1;7;0;2;1;1;0;1;1;1;0;1;2;2;3;
Manu Ginobili;;14:23;2;6;0;3;5;6;0;1;1;1;0;0;1;2;9;
Manu Ginobili;;14:57;2;5;0;1;5;6;1;0;1;3;1;0;3;3;9;
Manu Ginobili;;19:16;6;10;0;2;4;5;1;4;5;4;1;0;3;2;16;
Manu Ginobili;;13:16;2;5;0;1;2;2;1;2;3;1;1;0;2;1;6;
Manu Ginobili;;27:50;6;11;1;3;3;3;0;1;1;9;3;1;4;3;16;
Manu Ginobili;;25:49;6;13;2;6;1;1;0;0;0;5;0;2;3;4;15;
Manu Ginobili;;22:28;2;7;2;5;9;10;0;4;4;7;1;0;2;1;15;
Manu Ginobili;;20:48;3;5;3;5;2;2;0;1;1;6;1;0;1;0;11;
Manu Ginobili;;19:57;3;6;0;2;0;0;0;0;0;4;0;0;1;4;6;
Manu Ginobili;;27:13;10;17;2;7;2;3;1;2;3;5;1;0;1;1;24;
Manu Ginobili;;20:31;9;11;4;5;0;0;0;2;2;1;0;0;1;2;22;
Manu Ginobili;;17:47;4;11;1;2;4;5;1;0;1;4;4;0;1;3;13;
Manu Ginobili;;14:03;3;6;1;3;0;0;0;3;3;4;1;0;1;3;7;
Manu Ginobili;;24:33;8;11;2;5;3;4;0;1;1;2;1;0;2;1;21;
Manu Ginobili;;21:46;5;12;3;6;0;0;0;0;0;6;0;0;0;3;13;
Manu Ginobili;;23:31;4;11;0;6;6;7;0;3;3;1;1;1;1;2;14;
Manu Ginobili;G;26:22;3;7;1;3;2;4;0;5;5;3;1;0;5;0;9;
Manu Ginobili;;24:36;4;10;0;2;2;4;1;0;1;7;1;1;3;2;10;
Manu Ginobili;;18:24;2;7;0;3;3;4;0;3;3;4;0;0;2;2;7;
Manu Ginobili;;20:54;7;10;0;1;1;1;0;5;5;4;3;1;2;0;15;
Manu Ginobili;;16:49;2;6;0;1;2;2;1;1;2;2;2;0;2;3;6;
Manu Ginobili;;19:08;4;8;1;3;4;4;2;4;6;5;1;1;2;2;13;
Manu Ginobili;;25:34;8;11;4;6;6;6;0;4;4;3;0;0;2;1;26;
Manu Ginobili;;14:37;3;7;0;1;1;2;0;2;2;1;1;0;1;0;7;
Manu Ginobili;;28:37;4;8;2;4;0;0;0;2;2;7;2;0;5;2;10;
Manu Ginobili;;21:56;4;12;0;4;2;2;0;3;3;2;0;1;1;2;10;
Manu Ginobili;;22:56;4;9;2;4;0;0;0;1;1;5;1;0;2;3;10;
Manu Ginobili;;24:11;6;9;0;1;0;0;0;4;4;5;2;0;1;2;12;
Manu Ginobili;;27:08;7;14;3;7;3;3;0;3;3;3;1;0;1;2;20;
Manu Ginobili;;26:02;5;12;1;4;0;0;1;2;3;3;1;0;2;2;11;
Manu Ginobili;;26:57;1;9;0;4;4;4;0;3;3;5;3;0;1;1;6;
Manu Ginobili;;26:41;4;11;1;4;0;0;1;4;5;3;2;0;1;3;9;
Manu Ginobili;;21:53;3;11;0;5;0;0;1;2;3;2;0;1;2;2;6;
Manu Ginobili;;22:57;4;10;1;6;0;0;0;5;5;5;0;0;3;3;9;
Manu Ginobili;;13:02;3;4;2;2;0;0;0;1;1;1;0;0;0;1;8;
Manu Ginobili;;22:54;4;8;2;5;0;0;0;5;5;3;1;0;3;1;10;
Manu Ginobili;;30:08;3;9;1;3;2;2;2;7;9;5;1;0;3;2;9;
Manu Ginobili;;24:00;2;5;1;1;0;0;0;3;3;7;1;1;0;1;5;
Manu Ginobili;;27:00;6;13;3;7;0;0;2;3;5;7;0;0;1;3;15;
Manu Ginobili;;14:49;3;5;1;1;1;1;0;1;1;2;1;0;1;1;8;
Manu Ginobili;;19:06;6;7;4;5;0;0;0;5;5;6;0;0;2;2;16;
Manu Ginobili;;25:19;5;10;1;5;1;2;0;2;2;2;2;0;3;3;12;
Manu Ginobili;;19:37;4;9;1;3;2;2;0;3;3;5;2;0;4;3;11;
Manu Ginobili;;27:11;4;9;1;3;0;0;0;1;1;11;2;0;4;2;9;
Manu Ginobili;;22:51;2;7;1;4;5;6;0;4;4;7;0;1;1;4;10;
Manu Ginobili;;18:34;6;9;4;6;0;0;1;1;2;3;0;0;0;3;16;
Manu Ginobili;;23:10;5;10;4;7;2;2;0;5;5;9;1;1;1;1;16;
Manu Ginobili;;17:42;2;3;0;1;0;0;0;1;1;3;0;0;4;1;4;
Manu Ginobili;;25:28;6;10;2;4;6;8;2;2;4;9;1;0;2;1;20;
Manu Ginobili;;21:29;2;6;0;3;2;2;0;6;6;3;1;0;2;1;6;
Manu Ginobili;;24:47;8;11;0;1;0;0;0;4;4;2;0;0;4;1;16;
Manu Ginobili;;27:23;9;17;1;5;5;5;3;3;6;7;2;0;5;0;24;
Manu Ginobili;;27:00;3;9;2;3;3;3;0;1;1;5;1;0;2;4;11;
Manu Ginobili;;24:42;4;7;1;2;9;9;3;2;5;2;2;0;3;3;18;
Manu Ginobili;;24:36;8;17;3;7;3;3;0;3;3;1;0;0;2;2;22;
Manu Ginobili;;28:00;2;7;1;4;3;4;1;3;4;3;1;0;2;3;8;
Manu Ginobili;;30:15;9;16;4;9;6;6;0;3;3;3;2;0;1;1;28;
Manu Ginobili;;20:32;3;8;3;5;6;6;0;4;4;4;0;0;2;2;15;
