╔═══════════════╤═══════════════╗
║Name		│Marcus Morris	║
╟───────────────┼───────────────╢
║Number		│15		║
╟───────────────┼───────────────╢
║Position	│F		║
╟───────────────┼───────────────╢
║Height		│6-9		║
╟───────────────┼───────────────╢
║Weight		│235		║
╟───────────────┼───────────────╢
║Birth		│SEP 02, 1989	║
╟───────────────┼───────────────╢
║Age		│24		║
╟───────────────┼───────────────╢
║Exp		│2		║
╟───────────────┼───────────────╢
║School		│Kansas		║
╚═══════════════╧═══════════════╝
Marcus Morris;;15:35;0;5;0;2;2;5;2;3;5;1;0;0;0;0;2;
Marcus Morris;;30:03;3;12;1;4;0;0;2;3;5;1;0;0;1;4;7;
Marcus Morris;;17:21;1;4;0;1;2;2;1;1;2;1;1;1;1;3;4;
Marcus Morris;;24:23;4;6;2;4;0;0;2;3;5;0;1;0;2;2;10;
Marcus Morris;;25:11;3;11;1;5;2;2;2;3;5;3;0;1;1;3;9;
Marcus Morris;;20:41;5;10;1;4;6;6;5;1;6;0;2;0;2;4;17;
Marcus Morris;;24:17;4;9;1;4;3;4;0;2;2;0;0;0;1;3;12;
Marcus Morris;;18:05;1;5;0;0;0;0;1;2;3;2;3;0;1;1;2;
Marcus Morris;;21:18;4;11;3;6;2;2;4;3;7;3;2;0;0;3;13;
Marcus Morris;;18:42;4;10;1;5;1;1;1;0;1;1;0;0;0;1;10;
Marcus Morris;;19:19;2;6;0;1;1;2;0;3;3;2;2;0;1;1;5;
Marcus Morris;;17:06;1;3;0;1;2;2;0;2;2;1;0;0;3;1;4;
Marcus Morris;;13:25;3;4;0;1;1;2;2;0;2;1;0;0;1;3;7;
Marcus Morris;;23:25;1;3;0;1;2;2;0;3;3;1;3;0;1;1;4;
Marcus Morris;;28:35;5;10;2;5;4;4;1;3;4;4;1;0;0;1;16;
Marcus Morris;;20:59;7;12;1;1;1;1;2;4;6;2;0;0;0;1;16;
Marcus Morris;;25:22;5;9;2;4;3;4;0;3;3;0;0;0;1;1;15;
Marcus Morris;;20:22;1;3;1;1;2;3;0;4;4;0;0;0;1;1;5;
Marcus Morris;;15:54;5;9;1;3;0;0;2;2;4;0;1;0;1;1;11;
Marcus Morris;;24:11;4;8;0;2;6;6;2;4;6;0;1;1;3;4;14;
Marcus Morris;;7:30;0;3;0;2;0;0;0;0;0;0;0;0;1;1;0;
Marcus Morris;;25:01;4;9;1;2;1;2;1;1;2;1;2;0;1;1;10;
Marcus Morris;;21:31;4;8;2;5;1;2;0;2;2;1;0;0;1;2;11;
Marcus Morris;;24:35;5;11;2;6;1;1;0;2;2;0;1;0;2;0;13;
Marcus Morris;;19:27;2;6;1;3;3;3;1;2;3;3;2;0;0;3;8;
Marcus Morris;;24:20;4;8;1;1;0;0;0;4;4;4;2;1;2;5;9;
Marcus Morris;;17:49;2;7;1;1;0;2;0;2;2;2;0;0;2;4;5;
Marcus Morris;;25:14;4;8;2;4;5;6;2;5;7;1;1;2;1;2;15;
Marcus Morris;;27:27;8;14;2;3;0;0;1;8;9;0;1;1;3;4;18;
Marcus Morris;;20:19;5;9;1;3;1;1;1;1;2;3;0;0;3;0;12;
Marcus Morris;;28:43;5;7;3;4;2;2;0;3;3;2;0;0;0;2;15;
Marcus Morris;;28:37;4;9;1;5;2;2;1;3;4;4;0;0;2;3;11;
Marcus Morris;;30:53;5;10;1;2;0;0;1;1;2;2;1;0;2;1;11;
Marcus Morris;F;38:24;5;8;3;5;1;4;1;2;3;2;2;0;4;1;14;
Marcus Morris;;10:17;1;4;0;1;1;1;1;0;1;0;1;0;0;1;3;
Marcus Morris;;22:26;4;8;2;4;0;0;1;2;3;0;0;0;2;2;10;
Marcus Morris;;19:32;2;4;0;1;2;4;2;2;4;2;0;0;1;1;6;
Marcus Morris;;22:19;2;8;2;5;2;2;0;2;2;3;0;0;0;1;8;
Marcus Morris;;22:11;0;3;0;2;1;2;0;4;4;0;1;0;0;1;1;
Marcus Morris;;22:55;4;6;2;4;1;2;1;2;3;0;0;0;2;3;11;
Marcus Morris;;18:33;3;8;1;5;0;0;1;4;5;0;1;0;1;1;7;
Marcus Morris;;13:56;1;2;1;2;0;0;0;2;2;0;0;1;0;0;3;
Marcus Morris;;19:54;4;12;1;4;0;0;2;3;5;1;0;1;0;0;9;
Marcus Morris;;26:46;6;11;2;6;1;2;2;4;6;1;4;0;1;0;15;
Marcus Morris;;19:10;6;12;0;2;4;5;1;3;4;1;1;0;1;2;16;
Marcus Morris;;9:36;0;5;0;1;0;0;2;1;3;0;0;0;0;1;0;
Marcus Morris;;18:36;5;6;0;0;0;0;0;4;4;0;0;0;0;1;10;
Marcus Morris;;17:47;2;8;2;3;0;0;0;0;0;2;0;0;0;2;6;
Marcus Morris;;21:32;1;7;1;4;0;0;1;2;3;1;1;0;2;3;3;
Marcus Morris;;14:43;3;4;0;0;0;0;1;1;2;1;1;0;1;2;6;
Marcus Morris;;19:14;1;4;0;1;1;2;1;3;4;0;0;0;0;1;3;
Marcus Morris;;31:19;7;15;2;4;6;8;1;5;6;0;2;0;1;5;22;
Marcus Morris;;25:38;3;9;0;4;0;0;0;7;7;1;3;1;3;2;6;
Marcus Morris;;9:07;0;2;0;1;4;4;1;0;1;0;0;0;1;2;4;
Marcus Morris;;17:58;1;6;1;3;0;0;1;3;4;0;2;0;3;3;3;
Marcus Morris;;26:25;4;8;2;3;6;8;4;5;9;1;1;0;1;4;16;
Marcus Morris;;25:29;5;11;1;2;0;0;1;5;6;2;1;0;2;2;11;
Marcus Morris;;25:40;3;8;3;6;2;2;2;6;8;3;2;0;5;3;11;
Marcus Morris;;22:13;3;7;2;2;0;0;0;5;5;0;1;0;2;1;8;
Marcus Morris;;24:32;2;7;1;4;0;0;2;6;8;2;1;0;1;2;5;
Marcus Morris;;25:58;5;7;2;2;1;2;2;7;9;0;1;0;2;3;13;
Marcus Morris;;24:01;6;11;2;6;5;5;1;2;3;0;0;0;0;1;19;
Marcus Morris;;27:53;6;8;1;2;0;0;3;2;5;1;1;1;5;2;13;
Marcus Morris;;18:32;2;2;1;1;3;7;2;1;3;1;1;0;2;0;8;
Marcus Morris;;26:54;7;13;2;2;0;0;2;5;7;2;0;1;1;1;16;
Marcus Morris;;22:05;3;12;1;6;6;8;1;4;5;0;1;0;0;0;13;
Marcus Morris;;23:45;4;7;1;4;6;6;0;2;2;2;1;0;0;3;15;
Marcus Morris;;17:18;2;5;0;2;0;0;0;0;0;1;0;0;0;1;4;
Marcus Morris;;23:01;4;11;1;4;0;0;0;1;1;0;0;0;0;1;9;
Marcus Morris;;24:21;7;15;3;5;1;1;3;3;6;2;2;1;0;3;18;
Marcus Morris;;21:40;3;5;2;3;0;0;0;6;6;1;1;0;0;2;8;
Marcus Morris;;22:35;3;10;2;5;2;3;1;2;3;0;1;0;1;5;10;
Marcus Morris;;26:52;10;13;2;2;0;0;1;3;4;2;0;1;0;2;22;
Marcus Morris;;20:12;3;6;0;1;1;2;0;2;2;0;1;1;0;1;7;
Marcus Morris;;25:27;5;10;0;3;1;2;0;5;5;1;2;0;0;2;11;
Marcus Morris;;20:42;2;5;1;1;0;0;0;4;4;0;0;0;2;2;5;
Marcus Morris;;25:56;5;14;3;8;1;1;0;2;2;1;1;1;0;2;14;
Marcus Morris;;21:11;3;7;2;3;0;0;0;4;4;1;1;0;1;3;8;
Marcus Morris;;25:03;6;9;5;6;2;2;0;4;4;3;0;0;1;4;19;
Marcus Morris;;17:38;2;8;1;5;2;3;0;2;2;0;1;0;1;2;7;
Marcus Morris;;25:04;7;15;3;9;1;1;2;1;3;0;2;1;1;2;18;
Marcus Morris;;21:56;0;6;0;5;1;1;0;7;7;1;3;1;3;1;1;
