╔═══════════════╤═══════════════╗
║Name		│Marco Belinelli║
╟───────────────┼───────────────╢
║Number		│3		║
╟───────────────┼───────────────╢
║Position	│G		║
╟───────────────┼───────────────╢
║Height		│6-5		║
╟───────────────┼───────────────╢
║Weight		│210		║
╟───────────────┼───────────────╢
║Birth		│MAR 25, 1986	║
╟───────────────┼───────────────╢
║Age		│28		║
╟───────────────┼───────────────╢
║Exp		│6		║
╟───────────────┼───────────────╢
║School		│Bologna, Italy	║
╚═══════════════╧═══════════════╝
Marco Belinelli;G;32:40;12;16;6;9;2;2;1;4;5;2;0;0;2;1;32;
Marco Belinelli;G;24:35;2;5;1;1;0;0;0;2;2;7;0;0;1;2;5;
Marco Belinelli;G;29:55;8;15;2;4;1;2;0;4;4;4;0;0;4;3;19;
Marco Belinelli;;25:25;6;9;2;3;3;5;0;1;1;3;0;0;2;1;17;
Marco Belinelli;;21:49;5;8;1;3;2;4;1;1;2;2;1;0;2;1;13;
Marco Belinelli;;30:10;5;11;2;4;0;0;0;2;2;2;1;0;1;1;12;
Marco Belinelli;;31:31;5;12;1;2;4;4;1;6;7;1;0;0;1;2;15;
Marco Belinelli;G;36:45;5;11;2;5;2;4;0;2;2;4;1;0;3;1;14;
Marco Belinelli;G;25:43;5;8;2;3;2;2;0;3;3;3;0;0;0;1;14;
Marco Belinelli;G;37:19;6;10;1;4;0;0;0;2;2;3;4;0;4;5;13;
Marco Belinelli;F;18:33;0;2;0;0;1;1;0;1;1;2;0;0;0;2;1;
Marco Belinelli;F;31:02;4;9;0;3;4;5;1;2;3;3;1;0;1;1;12;
Marco Belinelli;F;38:24;5;12;1;7;0;0;0;0;0;2;1;0;1;2;11;
Marco Belinelli;;31:33;4;11;1;4;2;2;1;3;4;3;2;0;3;2;11;
Marco Belinelli;;27:56;3;10;2;7;0;0;0;3;3;1;0;0;3;3;8;
Marco Belinelli;;19:51;4;7;0;2;5;5;0;3;3;0;0;0;0;0;13;
Marco Belinelli;;33:06;5;9;0;2;2;2;0;3;3;1;1;0;0;2;12;
Marco Belinelli;F;34:23;4;6;1;2;3;4;0;1;1;1;0;0;1;1;12;
Marco Belinelli;;28:53;8;15;4;8;0;0;1;4;5;1;0;0;2;2;20;
Marco Belinelli;G;35:45;6;12;2;4;2;2;0;11;11;8;0;0;1;1;16;
Marco Belinelli;G;27:42;8;17;3;6;1;1;1;3;4;3;0;0;1;4;20;
Marco Belinelli;G;35:03;7;11;4;6;2;2;2;2;4;1;1;0;2;3;20;
Marco Belinelli;G;27:08;1;8;0;4;8;8;0;3;3;4;1;0;0;2;10;
Marco Belinelli;;27:07;6;8;4;4;4;4;0;1;1;4;0;1;2;2;20;
Marco Belinelli;;30:55;6;10;2;3;0;0;0;2;2;4;0;0;2;1;14;
Marco Belinelli;;17:11;1;4;1;4;2;2;0;1;1;1;0;0;0;0;5;
Marco Belinelli;;19:06;3;8;0;5;5;5;0;3;3;2;0;0;1;1;11;
Marco Belinelli;;22:17;3;5;0;2;2;2;0;2;2;3;0;0;1;2;8;
Marco Belinelli;;18:30;0;2;0;1;0;0;0;3;3;2;0;0;0;0;0;
Marco Belinelli;;27:35;3;9;2;6;2;2;0;4;4;2;0;0;0;2;10;
Marco Belinelli;;20:55;3;7;2;6;1;1;0;3;3;1;1;0;1;1;9;
Marco Belinelli;;20:45;4;11;1;2;3;3;2;3;5;3;1;0;1;1;12;
Marco Belinelli;;28:27;5;7;1;1;1;2;0;5;5;4;1;0;1;2;12;
Marco Belinelli;;25:54;4;10;2;4;0;0;0;3;3;1;1;0;0;2;10;
Marco Belinelli;;22:04;7;12;1;2;2;3;0;1;1;2;3;1;0;2;17;
Marco Belinelli;;27:07;5;9;2;5;3;4;0;3;3;3;0;0;1;3;15;
Marco Belinelli;;24:29;2;7;1;2;4;4;0;4;4;8;0;0;1;1;9;
Marco Belinelli;;16:18;3;8;1;3;0;0;0;0;0;1;0;0;2;2;7;
Marco Belinelli;G;29:24;10;15;6;9;1;2;0;1;1;2;1;2;0;2;27;
Marco Belinelli;G;32:09;7;11;4;5;0;0;0;2;2;4;1;1;1;2;18;
Marco Belinelli;;20:30;2;7;1;3;2;2;1;3;4;0;2;0;0;2;7;
Marco Belinelli;;27:45;5;10;0;4;2;2;0;1;1;1;0;0;0;0;12;
Marco Belinelli;;30:22;3;10;1;4;1;1;0;6;6;1;0;0;4;1;8;
Marco Belinelli;;19:32;1;5;1;3;2;2;0;1;1;4;0;0;3;1;5;
Marco Belinelli;;25:57;1;4;0;0;1;2;0;1;1;1;0;0;0;0;3;
Marco Belinelli;;20:09;2;7;1;4;2;2;1;0;1;0;0;0;0;4;7;
Marco Belinelli;;27:33;3;11;2;7;4;4;0;2;2;1;2;0;2;2;12;
Marco Belinelli;G;32:59;6;13;2;7;3;4;0;2;2;4;1;0;1;3;17;
Marco Belinelli;;18:59;2;5;0;2;1;2;0;4;4;1;0;0;1;1;5;
Marco Belinelli;;16:26;1;5;0;2;0;0;0;3;3;1;0;0;0;0;2;
Marco Belinelli;;26:30;8;12;3;3;0;0;0;3;3;4;2;0;2;4;19;
Marco Belinelli;;10:51;2;5;0;0;0;0;0;0;0;1;1;0;1;1;4;
Marco Belinelli;;31:28;1;6;1;1;1;2;0;4;4;0;0;1;1;2;4;
Marco Belinelli;;18:52;1;4;1;3;0;0;0;2;2;0;1;0;0;1;3;
Marco Belinelli;F;25:47;3;4;1;2;2;2;0;4;4;4;1;0;1;0;9;
Marco Belinelli;;22:25;5;11;2;5;0;0;2;4;6;2;2;0;1;0;12;
Marco Belinelli;;23:17;4;6;2;2;0;0;0;5;5;8;0;0;0;1;10;
Marco Belinelli;;12:52;1;2;0;1;1;1;0;0;0;1;0;0;0;1;3;
Marco Belinelli;;17:19;4;7;1;1;0;0;0;0;0;0;0;0;2;2;9;
Marco Belinelli;;20:16;4;7;1;3;0;0;1;2;3;2;1;0;1;0;9;
Marco Belinelli;;22:15;3;9;2;2;2;3;1;2;3;4;1;0;2;0;10;
Marco Belinelli;;21:11;5;7;4;6;0;0;0;3;3;2;0;1;1;2;14;
Marco Belinelli;;16:49;3;8;0;3;0;0;0;2;2;2;1;0;0;3;6;
Marco Belinelli;;26:39;6;8;4;4;3;3;0;2;2;2;1;0;2;1;19;
Marco Belinelli;;27:26;7;13;4;6;0;0;0;3;3;1;0;0;1;5;18;
Marco Belinelli;;25:02;6;9;1;2;0;0;0;4;4;3;2;0;2;0;13;
Marco Belinelli;;19:17;4;7;1;2;0;0;0;0;0;1;0;0;1;2;9;
Marco Belinelli;;23:13;4;5;2;3;2;2;0;1;1;4;3;0;0;2;12;
Marco Belinelli;;24:12;5;8;0;2;1;2;0;5;5;0;1;0;3;3;11;
Marco Belinelli;;28:29;5;9;2;4;0;0;0;2;2;1;1;0;1;0;12;
Marco Belinelli;;24:16;4;8;3;3;0;0;0;3;3;1;0;0;1;1;11;
Marco Belinelli;;23:12;2;9;2;7;1;1;0;2;2;1;0;0;2;5;7;
Marco Belinelli;G;23:53;3;9;1;2;0;0;0;5;5;3;0;0;1;2;7;
Marco Belinelli;;28:51;10;16;4;8;4;4;0;2;2;1;0;0;3;2;28;
Marco Belinelli;F;37:43;6;13;5;8;0;0;1;3;4;0;1;0;1;2;17;
Marco Belinelli;G;18:34;2;7;0;5;0;0;0;1;1;1;1;0;2;1;4;
Marco Belinelli;G;22:09;4;8;1;3;0;0;0;2;2;2;0;0;1;0;9;
Marco Belinelli;G;19:10;2;5;0;3;0;0;0;3;3;1;1;0;1;2;4;
Marco Belinelli;G;16:00;2;11;0;3;0;0;0;2;2;2;0;0;0;0;4;
Marco Belinelli;G;17:15;4;6;2;3;0;1;0;6;6;3;1;0;1;2;10;
