╔═══════════════╤═══════════════════════╗
║Name		│Marc Gasol		║
╟───────────────┼───────────────────────╢
║Number		│33			║
╟───────────────┼───────────────────────╢
║Position	│C			║
╟───────────────┼───────────────────────╢
║Height		│7-1			║
╟───────────────┼───────────────────────╢
║Weight		│265			║
╟───────────────┼───────────────────────╢
║Birth		│JAN 29, 1985		║
╟───────────────┼───────────────────────╢
║Age		│29			║
╟───────────────┼───────────────────────╢
║Exp		│5			║
╟───────────────┼───────────────────────╢
║School		│Barcelona, Spain	║
╚═══════════════╧═══════════════════════╝
Marc Gasol;C;24:12;3;7;0;0;6;8;0;4;4;1;0;0;1;2;12;
Marc Gasol;C;14:28;0;4;0;0;0;0;1;4;5;0;0;0;2;0;0;
Marc Gasol;C;30:53;7;13;0;0;2;2;1;2;3;2;2;4;1;5;16;
Marc Gasol;C;36:22;4;12;0;0;6;8;1;7;8;4;1;0;5;3;14;
Marc Gasol;C;31:22;3;7;0;1;3;4;1;6;7;2;0;1;2;3;9;
Marc Gasol;C;23:31;2;6;0;0;2;2;1;4;5;2;0;1;0;4;6;
Marc Gasol;C;34:45;7;13;0;0;1;1;0;8;8;4;3;1;5;3;15;
Marc Gasol;C;32:41;6;10;0;0;0;2;3;2;5;5;0;2;1;0;12;
Marc Gasol;C;40:13;4;10;0;0;1;1;0;6;6;2;2;2;1;2;9;
Marc Gasol;C;31:21;9;15;0;0;1;4;1;5;6;2;0;2;1;4;19;
Marc Gasol;C;37:36;5;11;0;0;3;4;0;3;3;1;0;0;1;2;13;
Marc Gasol;C;37:32;3;6;0;0;6;8;1;3;4;5;2;0;6;4;12;
Marc Gasol;C;38:37;4;14;0;0;0;0;0;8;8;7;0;1;1;3;8;
Marc Gasol;C;39:41;3;11;0;0;2;2;1;8;9;5;3;4;3;2;8;
Marc Gasol;C;34:11;7;11;0;0;4;4;1;6;7;3;2;0;3;3;18;
Marc Gasol;C;22:48;2;5;0;0;0;0;1;4;5;1;1;0;0;2;4;
Marc Gasol;C;25:48;4;7;0;0;0;0;3;4;7;4;0;2;1;4;8;
Marc Gasol;C;30:55;7;16;0;0;3;4;2;8;10;3;1;4;2;4;17;
Marc Gasol;C;37:36;5;15;0;0;5;6;0;3;3;4;3;1;0;5;15;
Marc Gasol;C;31:43;6;10;0;0;2;3;3;9;12;5;1;2;1;3;14;
Marc Gasol;C;33:15;7;10;0;0;3;5;0;3;3;3;1;1;2;2;17;
Marc Gasol;C;39:56;8;14;1;1;5;6;0;8;8;6;0;1;2;2;22;
Marc Gasol;C;34:17;4;10;0;0;2;4;2;5;7;8;3;3;2;1;10;
Marc Gasol;C;27:37;7;14;0;0;4;5;3;4;7;1;2;1;2;2;18;
Marc Gasol;C;33:25;8;16;0;0;2;2;1;9;10;1;0;3;5;3;18;
Marc Gasol;C;24:48;5;12;0;0;4;4;1;8;9;3;0;2;2;1;14;
Marc Gasol;C;37:33;8;14;0;1;3;5;0;9;9;7;0;1;2;3;19;
Marc Gasol;C;38:47;5;12;0;1;5;6;2;7;9;4;1;1;4;3;15;
Marc Gasol;C;32:31;3;8;0;0;2;2;1;2;3;5;1;4;1;1;8;
Marc Gasol;C;27:59;3;6;0;0;5;6;2;2;4;6;3;2;5;2;11;
Marc Gasol;C;37:28;6;14;0;0;8;8;0;10;10;3;0;4;1;2;20;
Marc Gasol;C;23:52;6;11;0;1;2;3;1;5;6;1;0;0;2;1;14;
Marc Gasol;C;38:54;4;11;0;0;2;3;3;6;9;2;1;2;1;3;10;
Marc Gasol;C;26:42;6;13;0;1;2;5;4;8;12;3;1;0;1;1;14;
Marc Gasol;C;34:33;7;12;0;0;4;5;0;7;7;4;2;0;1;3;18;
Marc Gasol;C;36:39;7;16;0;1;3;5;3;4;7;1;2;2;3;2;17;
Marc Gasol;C;35:57;8;17;0;1;4;6;2;3;5;4;0;1;1;5;20;
Marc Gasol;C;33:11;6;19;0;0;1;3;4;4;8;2;0;1;2;2;13;
Marc Gasol;C;33:18;9;18;0;0;0;0;3;4;7;4;1;0;0;2;18;
Marc Gasol;C;35:45;8;16;0;0;8;10;1;4;5;3;0;1;3;6;24;
Marc Gasol;C;25:46;3;7;0;0;0;0;1;5;6;5;1;1;1;3;6;
Marc Gasol;C;44:34;8;16;0;0;4;7;3;11;14;3;2;1;2;4;20;
Marc Gasol;C;30:38;9;12;1;1;2;3;0;10;10;2;0;2;1;0;21;
Marc Gasol;C;36:16;7;16;0;0;4;5;4;11;15;4;3;0;3;1;18;
Marc Gasol;C;37:22;7;13;0;0;4;5;1;7;8;3;0;0;3;2;18;
Marc Gasol;C;46:02;9;13;0;1;1;4;1;8;9;9;2;1;0;2;19;
Marc Gasol;C;34:01;7;15;0;0;0;0;1;8;9;2;1;0;2;1;14;
Marc Gasol;C;37:01;4;8;0;0;7;9;2;6;8;5;1;2;2;1;15;
Marc Gasol;C;35:39;8;14;0;1;7;7;1;4;5;1;0;0;1;5;23;
Marc Gasol;C;35:03;6;10;0;0;2;2;0;8;8;2;0;0;1;3;14;
Marc Gasol;C;30:41;4;11;0;0;3;4;0;1;1;4;1;1;3;3;11;
Marc Gasol;C;41:36;8;15;0;0;2;2;2;5;7;3;1;3;0;4;18;
Marc Gasol;C;29:33;5;13;0;0;5;6;0;6;6;3;2;1;2;2;15;
Marc Gasol;C;33:08;6;14;0;0;6;8;5;5;10;4;0;0;0;4;18;
Marc Gasol;C;41:31;6;15;0;0;6;6;1;7;8;8;3;3;1;2;18;
Marc Gasol;C;39:23;8;14;0;0;3;3;1;7;8;9;0;0;3;2;19;
Marc Gasol;C;40:52;8;22;0;0;7;8;2;7;9;8;2;0;3;3;23;
Marc Gasol;C;38:36;6;14;0;0;6;6;4;7;11;4;1;4;3;3;18;
Marc Gasol;C;9:50;1;3;0;0;0;0;1;1;2;3;0;0;1;0;2;
