╔═══════════════╤═══════════════╗
║Name		│Marcin Gortat	║
╟───────────────┼───────────────╢
║Number		│4		║
╟───────────────┼───────────────╢
║Position	│C		║
╟───────────────┼───────────────╢
║Height		│6-11		║
╟───────────────┼───────────────╢
║Weight		│240		║
╟───────────────┼───────────────╢
║Birth		│FEB 17, 1984	║
╟───────────────┼───────────────╢
║Age		│30		║
╟───────────────┼───────────────╢
║Exp		│6		║
╟───────────────┼───────────────╢
║School		│Lodz, Poland	║
╚═══════════════╧═══════════════╝
Marcin Gortat;C;26:44;6;11;0;0;0;0;0;5;5;2;0;2;1;2;12;
Marcin Gortat;C;22:07;4;9;0;0;2;2;2;3;5;0;0;0;4;0;10;
Marcin Gortat;C;19:46;5;9;0;0;0;0;3;3;6;1;1;0;1;0;10;
Marcin Gortat;C;37:51;7;13;0;0;4;5;3;10;13;1;1;3;0;3;18;
Marcin Gortat;C;30:44;3;10;0;0;5;6;3;11;14;1;2;2;1;1;11;
Marcin Gortat;C;30:00;2;8;0;0;0;0;3;6;9;1;0;2;1;3;4;
Marcin Gortat;C;19:42;2;4;0;0;1;2;2;1;3;3;1;0;1;4;5;
Marcin Gortat;C;35:33;3;6;0;0;1;2;3;8;11;2;0;2;0;3;7;
Marcin Gortat;C;31:03;6;11;0;0;0;0;3;6;9;0;0;3;1;2;12;
Marcin Gortat;C;34:36;6;12;0;0;1;1;1;5;6;1;0;3;2;3;13;
Marcin Gortat;C;35:05;4;6;0;0;2;2;3;9;12;0;0;0;2;2;10;
Marcin Gortat;C;23:22;7;11;0;0;5;8;4;7;11;0;0;4;2;4;19;
Marcin Gortat;C;44:22;4;8;0;0;3;5;2;11;13;2;3;1;1;2;11;
Marcin Gortat;C;35:43;6;10;0;0;2;4;2;3;5;1;1;2;2;5;14;
Marcin Gortat;C;34:41;6;12;0;0;2;2;5;6;11;0;1;2;0;3;14;
Marcin Gortat;C;37:02;2;8;0;0;4;6;2;10;12;2;1;1;1;3;8;
Marcin Gortat;C;23:49;4;4;0;0;0;0;1;4;5;1;1;3;1;3;8;
Marcin Gortat;C;35:59;7;13;0;0;0;0;1;13;14;2;0;1;0;3;14;
Marcin Gortat;C;35:01;3;7;0;0;0;0;4;7;11;5;1;0;0;3;6;
Marcin Gortat;C;33:59;3;7;0;0;5;8;4;1;5;0;0;2;1;3;11;
Marcin Gortat;C;33:32;9;12;0;0;1;2;4;4;8;1;1;2;3;1;19;
Marcin Gortat;C;33:07;6;10;0;0;5;5;2;6;8;1;0;0;2;3;17;
Marcin Gortat;C;21:34;4;4;0;0;2;5;1;5;6;1;0;0;1;4;10;
Marcin Gortat;C;27:38;3;7;0;0;0;1;2;6;8;1;1;2;1;6;6;
Marcin Gortat;C;30:42;8;11;0;0;2;5;6;5;11;4;0;0;2;3;18;
Marcin Gortat;C;28:33;7;9;0;0;0;0;2;10;12;1;0;2;3;4;14;
Marcin Gortat;C;30:11;6;9;0;0;4;7;3;7;10;1;1;1;1;0;16;
Marcin Gortat;C;33:55;5;14;0;0;3;4;3;10;13;3;0;0;0;2;13;
Marcin Gortat;C;38:19;9;13;0;0;3;5;2;8;10;2;0;0;1;2;21;
Marcin Gortat;C;41:51;9;19;0;0;4;8;7;5;12;1;0;2;1;4;22;
Marcin Gortat;C;31:25;6;9;0;0;1;2;3;11;14;0;1;2;2;3;13;
Marcin Gortat;C;41:04;7;12;0;0;2;2;1;7;8;3;1;0;4;1;16;
Marcin Gortat;C;28:51;7;11;0;0;2;2;3;6;9;4;0;0;0;4;16;
Marcin Gortat;C;31:02;5;6;0;0;1;4;2;4;6;1;0;2;1;2;11;
Marcin Gortat;C;32:32;7;15;0;0;0;1;9;9;18;4;0;1;1;0;14;
Marcin Gortat;C;35:01;5;13;0;0;2;2;1;9;10;3;0;1;0;1;12;
Marcin Gortat;C;44:05;6;13;0;0;7;8;0;14;14;3;1;2;1;2;19;
Marcin Gortat;C;21:55;1;8;0;0;0;0;2;6;8;2;0;3;4;1;2;
Marcin Gortat;C;37:18;7;12;0;0;5;6;3;11;14;2;0;0;2;5;19;
Marcin Gortat;C;33:20;5;12;0;0;3;4;3;10;13;0;1;5;3;4;13;
Marcin Gortat;C;35:08;7;12;0;0;2;2;2;8;10;5;0;2;4;4;16;
Marcin Gortat;C;30:14;8;11;0;0;1;4;2;3;5;0;0;0;2;1;17;
Marcin Gortat;C;34:08;8;15;0;0;1;1;4;8;12;0;1;2;0;3;17;
Marcin Gortat;C;32:59;6;11;0;0;0;2;3;8;11;2;1;4;3;2;12;
Marcin Gortat;C;26:56;3;7;0;0;0;0;2;9;11;1;0;1;1;3;6;
Marcin Gortat;C;27:58;10;13;0;0;2;2;1;7;8;4;3;1;1;2;22;
Marcin Gortat;C;33:00;6;10;0;0;1;3;3;7;10;2;0;0;1;2;13;
Marcin Gortat;C;35:55;8;11;0;0;3;4;2;6;8;0;0;0;4;3;19;
Marcin Gortat;C;44:08;13;18;0;0;1;1;4;10;14;3;1;2;2;0;27;
Marcin Gortat;C;30:56;4;12;0;0;4;4;2;4;6;3;0;1;3;3;12;
Marcin Gortat;C;33:16;5;12;0;0;3;4;4;9;13;2;3;2;1;2;13;
Marcin Gortat;C;22:52;5;9;0;0;0;0;3;10;13;1;0;1;1;1;10;
Marcin Gortat;C;31:54;6;11;0;0;3;5;1;9;10;3;1;2;1;3;15;
Marcin Gortat;;16:53;3;6;0;0;3;4;4;5;9;0;0;1;3;5;9;
Marcin Gortat;C;36:39;5;10;0;0;2;4;2;5;7;1;1;3;4;2;12;
Marcin Gortat;C;31:46;7;14;1;1;0;0;5;6;11;1;0;0;3;2;15;
Marcin Gortat;C;38:14;8;12;0;0;3;3;5;7;12;2;1;1;1;3;19;
Marcin Gortat;C;35:24;6;11;0;0;3;5;2;10;12;1;1;2;0;3;15;
Marcin Gortat;C;39:00;4;9;0;0;3;5;0;8;8;2;1;4;1;2;11;
Marcin Gortat;C;34:42;6;11;0;0;0;0;3;9;12;0;1;4;2;1;12;
Marcin Gortat;C;33:12;4;10;0;0;1;2;2;5;7;3;0;1;2;1;9;
Marcin Gortat;C;38:00;6;13;0;0;0;0;2;9;11;1;2;0;2;1;12;
Marcin Gortat;C;30:52;7;10;0;0;0;0;0;7;7;2;0;1;2;5;14;
Marcin Gortat;C;31:52;3;7;0;0;2;2;2;4;6;3;0;2;0;1;8;
Marcin Gortat;C;31:33;3;10;0;0;0;0;1;7;8;2;0;1;1;4;6;
Marcin Gortat;C;36:35;7;11;0;0;2;4;7;10;17;2;0;2;0;2;16;
Marcin Gortat;C;34:46;6;8;0;0;3;4;1;7;8;1;1;0;0;1;15;
Marcin Gortat;C;40:39;11;12;0;0;3;5;0;8;8;2;0;2;2;0;25;
Marcin Gortat;C;34:24;6;12;0;0;5;7;1;9;10;1;1;1;2;2;17;
Marcin Gortat;C;40:30;6;11;0;0;0;0;1;6;7;3;0;3;4;4;12;
Marcin Gortat;C;28:52;4;7;0;0;5;6;0;5;5;1;0;0;1;1;13;
Marcin Gortat;C;39:10;4;7;0;0;6;7;2;6;8;0;1;2;2;3;14;
Marcin Gortat;C;37:47;8;17;0;0;0;0;2;6;8;2;0;3;1;3;16;
Marcin Gortat;C;37:12;6;10;0;0;0;0;3;7;10;6;0;0;4;4;12;
Marcin Gortat;C;28:02;3;10;0;0;0;0;2;5;7;1;0;1;1;0;6;
Marcin Gortat;C;39:02;4;14;0;0;1;2;1;6;7;4;0;0;2;4;9;
Marcin Gortat;C;30:06;4;11;0;0;2;2;2;8;10;1;0;1;1;4;10;
Marcin Gortat;C;34:40;6;9;0;0;1;2;3;8;11;2;0;4;2;1;13;
Marcin Gortat;C;23:48;3;6;0;0;2;2;3;4;7;3;0;0;1;2;8;
Marcin Gortat;C;27:15;7;9;0;0;2;2;2;5;7;1;0;2;2;1;16;
Marcin Gortat;C;27:58;4;8;0;0;0;0;0;3;3;1;1;2;1;4;8;
