╔═══════════════╤═══════════════╗
║Name		│Marcus Thornton║
╟───────────────┼───────────────╢
║Number		│10		║
╟───────────────┼───────────────╢
║Position	│G		║
╟───────────────┼───────────────╢
║Height		│6-4		║
╟───────────────┼───────────────╢
║Weight		│205		║
╟───────────────┼───────────────╢
║Birth		│JUN 05, 1987	║
╟───────────────┼───────────────╢
║Age		│27		║
╟───────────────┼───────────────╢
║Exp		│4		║
╟───────────────┼───────────────╢
║School		│Louisiana State║
╚═══════════════╧═══════════════╝
Marcus Thornton;;19:54;1;6;0;3;0;0;1;3;4;2;0;0;1;1;2;
Marcus Thornton;;26:21;5;10;2;3;0;0;1;3;4;0;1;0;1;1;12;
Marcus Thornton;G;21:52;1;5;1;2;0;0;2;6;8;0;1;1;1;3;3;
Marcus Thornton;G;18:25;0;4;0;3;1;2;2;1;3;0;0;0;0;1;1;
Marcus Thornton;G;21:57;2;4;1;3;0;0;1;0;1;3;1;0;3;2;5;
Marcus Thornton;G;27:50;3;7;1;2;0;0;2;2;4;0;0;0;0;2;7;
Marcus Thornton;G;28:25;0;5;0;3;2;2;0;3;3;1;0;0;2;1;2;
Marcus Thornton;G;25:05;2;4;1;2;0;0;0;1;1;1;1;0;1;0;5;
Marcus Thornton;G;20:20;0;3;0;2;0;0;1;1;2;3;2;0;3;0;0;
Marcus Thornton;G;28:51;3;7;0;3;0;0;1;0;1;1;0;2;1;3;6;
Marcus Thornton;G;22:09;2;8;0;1;0;0;0;0;0;2;0;1;1;3;4;
Marcus Thornton;G;42:06;16;27;7;15;3;4;3;2;5;0;1;0;2;1;42;
Marcus Thornton;G;27:39;8;13;0;3;3;3;0;2;2;1;0;0;1;4;19;
Marcus Thornton;G;31:43;5;15;1;6;0;3;1;2;3;2;1;0;0;3;11;
Marcus Thornton;G;16:41;1;2;0;1;0;0;0;0;0;1;0;0;0;0;2;
Marcus Thornton;G;33:39;3;9;3;4;0;0;2;0;2;1;0;0;1;1;9;
Marcus Thornton;G;34:52;3;11;0;1;2;2;0;2;2;1;0;0;0;3;8;
Marcus Thornton;G;23:53;1;6;0;3;2;2;0;2;2;2;0;0;0;2;4;
Marcus Thornton;G;16:21;4;9;2;4;2;3;1;0;1;1;0;0;0;1;12;
Marcus Thornton;G;22:44;2;7;2;4;0;0;0;1;1;0;0;0;1;2;6;
Marcus Thornton;G;24:31;4;9;3;7;0;0;0;0;0;0;1;0;2;0;11;
Marcus Thornton;G;18:54;1;4;1;2;0;0;0;0;0;0;1;0;0;0;3;
Marcus Thornton;;27:00;4;11;1;6;0;0;1;1;2;1;0;0;2;1;9;
Marcus Thornton;;17:19;3;7;0;2;4;4;0;0;0;1;0;0;0;0;10;
Marcus Thornton;;23:47;8;13;4;7;5;6;1;1;2;0;0;0;1;0;25;
Marcus Thornton;;20:27;1;7;0;4;1;2;0;0;0;0;1;0;2;0;3;
Marcus Thornton;;26:23;8;13;4;5;0;0;1;1;2;2;2;0;1;1;20;
Marcus Thornton;;29:16;1;9;0;6;2;2;1;3;4;2;2;0;0;3;4;
Marcus Thornton;;27:32;11;15;5;8;0;2;0;3;3;1;2;0;1;1;27;
Marcus Thornton;;18:07;2;6;1;3;0;1;0;0;0;0;0;0;1;2;5;
Marcus Thornton;;23:06;2;9;1;5;0;0;0;3;3;0;3;0;0;1;5;
Marcus Thornton;;23:37;7;11;5;6;0;0;1;2;3;1;0;0;1;2;19;
Marcus Thornton;;20:16;2;8;0;3;4;4;1;2;3;1;1;0;2;2;8;
Marcus Thornton;;20:31;4;7;2;4;1;2;0;3;3;0;0;0;0;3;11;
Marcus Thornton;;18:21;3;9;1;3;2;2;0;6;6;3;2;0;1;1;9;
Marcus Thornton;;24:24;7;11;4;7;2;2;1;6;7;1;0;0;1;1;20;
Marcus Thornton;;9:33;1;6;0;2;1;1;1;0;1;0;1;0;0;0;3;
Marcus Thornton;;21:43;3;10;1;5;3;3;1;2;3;2;1;0;3;2;10;
Marcus Thornton;;14:47;2;6;1;3;0;0;0;1;1;1;1;0;0;2;5;
Marcus Thornton;;20:37;3;8;2;5;0;0;1;2;3;0;0;0;1;2;8;
Marcus Thornton;;26:07;6;12;3;6;0;0;0;2;2;3;1;2;0;1;15;
Marcus Thornton;;29:45;1;10;1;5;6;8;1;3;4;0;1;0;0;2;9;
Marcus Thornton;;28:16;6;8;4;5;0;0;0;6;6;1;4;1;3;0;16;
Marcus Thornton;;23:09;3;8;1;3;6;6;1;0;1;0;1;0;1;3;13;
Marcus Thornton;;30:57;6;17;2;7;0;0;1;1;2;1;1;0;2;2;14;
Marcus Thornton;;22:39;3;11;1;5;1;2;2;2;4;4;0;0;1;1;8;
Marcus Thornton;;30:06;7;15;4;10;6;8;1;2;3;2;1;0;2;2;24;
Marcus Thornton;F;41:49;6;19;4;12;4;5;2;4;6;3;2;0;3;1;20;
Marcus Thornton;G;31:04;1;6;0;3;2;3;0;2;2;1;0;0;0;3;4;
Marcus Thornton;G;32:46;6;12;3;7;2;2;2;2;4;1;0;0;0;2;17;
Marcus Thornton;G;20:01;3;9;1;3;0;0;1;0;1;0;1;0;0;1;7;
Marcus Thornton;G;25:14;5;10;3;7;2;2;0;0;0;1;3;0;1;2;15;
Marcus Thornton;G;40:21;2;11;1;6;0;0;0;6;6;1;2;0;1;3;5;
Marcus Thornton;G;20:10;2;9;0;3;0;0;1;1;2;0;1;0;1;0;4;
Marcus Thornton;;33:38;10;19;4;9;0;1;2;2;4;2;1;0;0;1;24;
Marcus Thornton;;23:04;1;6;1;5;2;2;1;3;4;2;0;0;0;0;5;
Marcus Thornton;;28:32;5;13;1;7;1;1;0;1;1;1;2;0;0;1;12;
Marcus Thornton;;17:26;2;4;0;2;0;0;1;2;3;0;0;0;1;5;4;
Marcus Thornton;;29:37;6;11;5;8;4;5;0;0;0;3;1;0;1;1;21;
Marcus Thornton;;19:30;2;8;1;5;0;0;1;4;5;3;1;1;1;0;5;
Marcus Thornton;;16:08;1;3;0;2;0;0;0;3;3;2;0;0;0;1;2;
Marcus Thornton;;15:03;2;7;0;1;0;0;1;1;2;0;0;1;0;0;4;
Marcus Thornton;;24:07;0;4;0;3;1;2;0;7;7;0;0;1;2;0;1;
Marcus Thornton;;34:05;4;11;1;3;2;2;2;2;4;0;1;1;0;3;11;
Marcus Thornton;;21:06;1;7;1;4;0;0;1;2;3;2;2;0;0;2;3;
Marcus Thornton;;6:55;1;3;0;0;0;0;1;1;2;0;0;0;0;0;2;
Marcus Thornton;;9:13;1;2;0;0;0;0;2;0;2;0;2;0;1;1;2;
Marcus Thornton;;22:39;6;10;3;6;0;0;0;3;3;0;1;0;2;2;15;
Marcus Thornton;;29:56;5;13;2;6;7;7;3;2;5;1;0;0;4;4;19;
Marcus Thornton;;29:02;1;4;1;4;4;4;0;5;5;1;1;0;1;2;7;
Marcus Thornton;;17:16;2;7;1;3;0;0;0;4;4;2;1;0;0;2;5;
Marcus Thornton;;19:60;6;9;3;5;0;0;2;1;3;2;1;0;1;4;15;
