╔═══════════════╤═══════════════╗
║Name		│Mario Chalmers	║
╟───────────────┼───────────────╢
║Number		│15		║
╟───────────────┼───────────────╢
║Position	│G		║
╟───────────────┼───────────────╢
║Height		│6-2		║
╟───────────────┼───────────────╢
║Weight		│190		║
╟───────────────┼───────────────╢
║Birth		│MAY 19, 1986	║
╟───────────────┼───────────────╢
║Age		│28		║
╟───────────────┼───────────────╢
║Exp		│5		║
╟───────────────┼───────────────╢
║School		│Kansas		║
╚═══════════════╧═══════════════╝
Mario Chalmers;G;31:54;6;10;1;3;4;5;1;6;7;3;3;0;0;3;17;
Mario Chalmers;G;28:48;4;6;1;3;0;0;0;0;0;6;2;0;2;2;9;
Mario Chalmers;G;15:09;2;4;1;1;0;0;0;1;1;1;2;0;2;3;5;
Mario Chalmers;G;28:09;3;9;2;5;2;2;1;2;3;5;2;0;1;5;10;
Mario Chalmers;G;38:11;3;8;0;1;3;4;0;2;2;5;3;1;5;3;9;
Mario Chalmers;G;27:22;6;12;2;7;3;4;0;5;5;4;2;0;3;4;17;
Mario Chalmers;G;33:57;4;8;0;1;0;1;1;1;2;6;0;1;2;2;8;
Mario Chalmers;G;33:26;5;6;1;1;0;0;0;3;3;3;1;0;3;1;11;
Mario Chalmers;G;32:39;6;8;2;3;2;2;1;0;1;7;0;0;2;2;16;
Mario Chalmers;G;25:56;2;4;0;0;0;1;2;4;6;8;1;0;5;1;4;
Mario Chalmers;G;28:04;4;8;1;2;2;2;1;1;2;2;0;0;2;3;11;
Mario Chalmers;G;23:14;3;11;0;4;2;2;0;2;2;4;3;1;2;5;8;
Mario Chalmers;G;26:21;4;7;2;3;0;0;0;0;0;3;2;0;4;5;10;
Mario Chalmers;G;30:47;4;6;1;2;3;3;0;2;2;7;0;0;1;3;12;
Mario Chalmers;G;32:34;4;7;1;2;4;6;0;0;0;1;2;0;0;3;13;
Mario Chalmers;G;33:30;3;7;2;3;4;4;1;0;1;7;2;0;3;4;12;
Mario Chalmers;G;29:54;4;8;2;6;0;0;0;2;2;9;4;0;2;4;10;
Mario Chalmers;G;32:44;4;7;1;3;0;1;0;2;2;3;2;0;2;4;9;
Mario Chalmers;G;39:35;5;10;1;2;1;2;0;1;1;9;2;1;2;5;12;
Mario Chalmers;G;20:03;5;8;1;3;0;0;0;3;3;1;0;0;3;3;11;
Mario Chalmers;G;25:40;2;3;1;1;2;2;1;1;2;3;2;0;3;2;7;
Mario Chalmers;G;31:21;1;7;0;2;2;2;2;1;3;7;2;0;1;0;4;
Mario Chalmers;G;22:15;1;5;0;1;1;3;1;3;4;2;2;0;0;1;3;
Mario Chalmers;G;26:51;2;7;1;1;0;0;0;2;2;3;2;1;4;5;5;
Mario Chalmers;G;37:15;1;4;0;1;7;7;1;5;6;5;1;0;5;5;9;
Mario Chalmers;G;29:43;0;7;0;3;0;0;0;1;1;6;1;1;1;1;0;
Mario Chalmers;G;35:35;5;11;4;8;0;0;1;8;9;2;1;0;4;3;14;
Mario Chalmers;G;36:09;7;11;2;4;0;0;0;4;4;6;2;0;3;3;16;
Mario Chalmers;G;18:54;3;9;0;3;0;0;0;0;0;4;1;0;5;4;6;
Mario Chalmers;G;31:44;1;7;1;3;0;0;1;1;2;9;2;0;3;2;3;
Mario Chalmers;G;24:32;3;6;1;3;0;0;0;2;2;11;0;0;3;5;7;
Mario Chalmers;G;33:56;4;7;3;4;3;4;1;1;2;3;2;0;1;1;14;
Mario Chalmers;G;36:10;7;12;3;6;2;4;2;0;2;7;1;1;3;3;19;
Mario Chalmers;G;30:40;5;9;1;3;0;0;0;6;6;3;3;0;0;2;11;
Mario Chalmers;G;39:56;2;10;0;3;1;4;2;3;5;2;1;0;2;3;5;
Mario Chalmers;G;36:30;4;8;3;5;1;1;0;3;3;4;0;0;0;1;12;
Mario Chalmers;G;32:34;6;8;2;3;0;1;0;4;4;3;2;0;1;2;14;
Mario Chalmers;G;34:01;7;13;2;6;6;8;1;5;6;4;1;1;3;1;22;
Mario Chalmers;G;30:02;4;7;2;3;5;6;0;4;4;4;1;0;1;2;15;
Mario Chalmers;G;28:18;3;8;1;2;0;0;0;2;2;5;1;0;2;3;7;
Mario Chalmers;G;35:50;5;10;0;0;2;2;2;2;4;3;1;0;1;4;12;
Mario Chalmers;G;28:41;6;14;1;2;0;0;2;3;5;5;2;0;1;5;13;
Mario Chalmers;G;29:31;4;10;0;5;1;2;0;5;5;4;1;0;3;4;9;
Mario Chalmers;G;30:23;3;9;0;2;1;2;1;3;4;3;1;0;1;2;7;
Mario Chalmers;G;26:50;3;8;1;3;6;7;2;1;3;4;5;0;3;2;13;
Mario Chalmers;G;30:35;6;13;4;6;0;0;2;3;5;4;3;0;2;4;16;
Mario Chalmers;G;31:51;3;8;3;4;3;3;0;1;1;3;2;0;3;3;12;
Mario Chalmers;G;27:56;2;4;2;4;0;0;0;2;2;8;3;0;2;3;6;
Mario Chalmers;G;27:52;2;6;1;3;0;0;2;2;4;7;2;0;2;3;5;
Mario Chalmers;G;23:14;2;5;1;2;1;1;1;1;2;6;0;0;2;4;6;
Mario Chalmers;G;29:00;3;6;2;2;2;2;0;2;2;3;1;0;1;1;10;
Mario Chalmers;G;25:00;4;6;1;2;6;8;0;4;4;7;2;0;0;3;15;
Mario Chalmers;G;24:16;2;8;0;3;0;0;0;2;2;3;1;1;4;3;4;
Mario Chalmers;G;27:44;5;9;3;6;1;1;0;3;3;4;3;0;3;1;14;
Mario Chalmers;G;27:53;3;5;1;1;2;2;1;2;3;8;2;0;2;4;9;
Mario Chalmers;G;21:18;3;7;1;5;1;2;0;1;1;2;0;0;1;4;8;
Mario Chalmers;G;30:19;1;4;0;3;1;2;0;3;3;2;0;0;1;3;3;
Mario Chalmers;G;28:24;2;8;2;7;0;0;1;1;2;8;3;1;3;2;6;
Mario Chalmers;G;33:04;5;9;1;4;1;3;0;4;4;6;0;2;1;4;12;
Mario Chalmers;G;29:27;2;7;1;3;1;2;0;2;2;6;1;0;4;1;6;
Mario Chalmers;G;13:39;1;4;0;2;1;2;0;0;0;3;0;0;0;4;3;
Mario Chalmers;G;25:56;4;6;0;1;1;2;0;1;1;1;3;0;3;3;9;
Mario Chalmers;G;32:18;3;7;1;2;1;2;0;3;3;4;3;1;2;2;8;
Mario Chalmers;G;27:52;3;7;1;3;2;2;0;3;3;2;2;1;2;2;9;
Mario Chalmers;G;30:20;3;7;3;5;2;2;0;3;3;5;2;1;3;1;11;
Mario Chalmers;G;24:52;4;7;3;3;1;2;1;2;3;8;2;0;2;1;12;
Mario Chalmers;G;18:39;1;5;0;4;2;2;1;0;1;5;2;0;2;4;4;
Mario Chalmers;G;32:54;5;7;1;2;5;6;0;1;1;5;4;1;4;5;16;
Mario Chalmers;G;35:28;4;11;1;3;3;4;1;1;2;4;1;0;5;4;12;
Mario Chalmers;G;30:58;3;7;1;3;0;0;1;5;6;7;2;0;2;1;7;
Mario Chalmers;G;43:33;4;11;1;7;2;4;1;3;4;10;3;0;1;4;11;
Mario Chalmers;G;35:39;3;6;0;0;3;3;0;9;9;9;1;0;2;2;9;
Mario Chalmers;G;37:31;1;5;1;3;7;10;1;2;3;9;0;0;3;3;10;
