╔═══════════════╤═══════════════╗
║Name		│Markieff Morris║
╟───────────────┼───────────────╢
║Number		│11		║
╟───────────────┼───────────────╢
║Position	│F		║
╟───────────────┼───────────────╢
║Height		│6-10		║
╟───────────────┼───────────────╢
║Weight		│245		║
╟───────────────┼───────────────╢
║Birth		│SEP 02, 1989	║
╟───────────────┼───────────────╢
║Age		│24		║
╟───────────────┼───────────────╢
║Exp		│2		║
╟───────────────┼───────────────╢
║School		│Kansas		║
╚═══════════════╧═══════════════╝
Markieff Morris;;24:56;5;11;0;2;0;0;1;0;1;0;2;2;2;3;10;
Markieff Morris;;26:17;5;6;0;0;4;4;2;3;5;2;1;0;1;4;14;
Markieff Morris;;25:10;2;9;0;2;2;2;2;4;6;0;0;3;1;2;6;
Markieff Morris;;15:56;3;10;0;1;2;4;2;3;5;2;2;0;0;4;8;
Markieff Morris;;28:11;7;17;1;2;2;3;3;1;4;1;0;0;1;2;17;
Markieff Morris;;8:11;0;4;0;1;0;0;0;1;1;2;0;0;2;0;0;
Markieff Morris;;9:04;1;5;0;0;0;0;2;0;2;1;0;0;1;0;2;
Markieff Morris;;29:01;9;14;1;2;5;6;3;4;7;4;0;0;0;2;24;
Markieff Morris;;32:26;8;15;2;5;5;5;6;6;12;2;0;0;4;4;23;
Markieff Morris;;27:30;6;12;0;0;4;5;2;4;6;2;1;0;0;4;16;
Markieff Morris;;27:01;8;14;2;3;2;2;1;2;3;1;2;0;0;4;20;
Markieff Morris;;20:42;3;4;1;1;6;9;0;2;2;1;1;0;2;4;13;
Markieff Morris;;33:01;8;16;1;2;10;12;5;10;15;2;0;1;2;3;27;
Markieff Morris;;23:22;5;7;0;1;3;3;1;2;3;3;0;4;0;5;13;
Markieff Morris;;22:14;4;8;0;0;5;5;0;1;1;1;0;0;2;5;13;
Markieff Morris;;24:07;4;10;2;3;5;6;1;2;3;2;1;0;0;5;15;
Markieff Morris;;28:12;4;13;0;3;5;6;0;9;9;2;0;1;3;2;13;
Markieff Morris;;29:39;4;13;1;4;3;4;1;4;5;0;2;2;5;5;12;
Markieff Morris;;22:57;5;13;0;3;2;2;1;5;6;4;0;0;1;4;12;
Markieff Morris;;16:59;0;3;0;0;0;0;1;3;4;0;0;1;2;1;0;
Markieff Morris;;33:20;5;14;0;2;2;2;1;2;3;0;1;2;3;3;12;
Markieff Morris;;41:31;4;11;0;0;5;8;4;8;12;2;3;1;3;6;13;
Markieff Morris;;29:29;7;12;0;2;4;4;0;4;4;1;0;0;1;2;18;
Markieff Morris;;24:59;8;10;1;2;4;6;0;5;5;5;3;2;1;4;21;
Markieff Morris;;34:59;7;11;0;1;7;9;2;5;7;2;2;1;3;3;21;
Markieff Morris;;32:59;9;20;0;1;6;8;1;2;3;2;1;0;1;5;24;
Markieff Morris;;23:26;3;9;0;2;5;6;2;2;4;0;0;0;2;2;11;
Markieff Morris;;31:30;7;12;0;0;4;7;2;2;4;4;0;2;0;2;18;
Markieff Morris;;31:35;5;8;2;2;9;10;0;8;8;3;1;0;4;2;21;
Markieff Morris;;23:21;4;9;1;2;0;0;2;2;4;1;0;0;4;6;9;
Markieff Morris;;29:54;8;13;0;1;8;10;1;5;6;3;1;0;3;5;24;
Markieff Morris;;22:53;3;10;0;2;4;4;1;2;3;2;1;0;4;3;10;
Markieff Morris;;24:34;7;16;1;2;1;3;3;3;6;0;0;0;2;5;16;
Markieff Morris;;27:58;8;13;0;3;2;2;4;6;10;0;1;0;2;3;18;
Markieff Morris;;24:56;6;13;1;2;2;2;0;9;9;2;0;0;0;5;15;
Markieff Morris;;35:23;6;12;0;2;4;4;4;10;14;2;1;0;4;1;16;
Markieff Morris;;26:12;8;14;0;2;2;5;0;3;3;1;1;1;1;3;18;
Markieff Morris;;25:13;4;8;0;1;4;5;1;4;5;1;1;0;1;3;12;
Markieff Morris;;31:47;6;9;1;1;3;4;0;8;8;3;1;1;1;4;16;
Markieff Morris;;31:22;10;13;3;3;2;4;1;7;8;2;0;2;3;3;25;
Markieff Morris;;25:33;6;9;1;2;4;4;0;3;3;3;1;0;3;2;17;
Markieff Morris;;33:21;3;8;0;1;2;2;1;3;4;4;1;1;2;2;8;
Markieff Morris;;26:07;5;7;2;2;4;4;3;5;8;1;1;2;3;4;16;
Markieff Morris;;32:07;5;12;1;3;5;6;4;8;12;1;3;2;1;4;16;
Markieff Morris;;30:23;3;7;0;0;5;7;2;5;7;2;1;1;1;3;11;
Markieff Morris;;29:32;4;15;0;2;4;4;4;7;11;3;0;0;1;1;12;
Markieff Morris;;26:56;4;6;0;0;2;2;0;4;4;3;0;0;4;3;10;
Markieff Morris;;28:59;5;12;0;0;0;0;1;5;6;2;0;0;1;2;10;
Markieff Morris;;27:50;8;14;0;0;4;4;1;6;7;0;0;0;2;3;20;
Markieff Morris;;31:27;2;8;0;1;4;4;4;2;6;2;2;0;0;1;8;
Markieff Morris;;27:49;10;16;0;2;1;3;0;2;2;1;1;3;3;4;21;
Markieff Morris;;27:54;7;13;0;0;1;1;0;5;5;4;0;1;0;1;15;
Markieff Morris;;25:51;3;6;0;0;0;0;2;4;6;0;2;0;1;1;6;
Markieff Morris;;18:55;2;8;0;1;2;2;2;1;3;1;0;0;0;1;6;
Markieff Morris;;29:10;7;15;1;2;2;4;1;4;5;4;2;0;0;2;17;
Markieff Morris;;30:25;11;13;0;1;1;2;0;12;12;1;1;0;3;4;23;
Markieff Morris;;34:19;10;13;1;1;7;8;1;9;10;2;3;0;4;2;28;
Markieff Morris;;33:53;9;12;1;1;4;4;3;2;5;2;2;1;0;1;23;
Markieff Morris;;26:29;3;8;0;0;2;2;2;2;4;4;3;0;2;2;8;
Markieff Morris;;21:06;1;9;1;2;1;2;1;5;6;1;2;1;1;0;4;
Markieff Morris;;11:02;0;0;0;0;3;4;0;0;0;0;0;0;0;5;3;
Markieff Morris;;17:01;0;4;0;1;2;2;1;2;3;1;1;0;2;2;2;
Markieff Morris;;36:04;4;13;1;2;2;4;1;8;9;2;0;0;1;4;11;
Markieff Morris;;28:31;6;11;0;2;0;0;1;5;6;2;0;1;1;2;12;
Markieff Morris;;26:26;3;9;0;0;6;8;5;4;9;1;0;0;2;1;12;
Markieff Morris;;24:30;7;13;0;1;5;5;2;3;5;4;1;0;1;4;19;
Markieff Morris;;28:28;8;13;1;2;6;6;1;2;3;0;1;1;2;3;23;
Markieff Morris;;24:58;2;8;0;0;1;2;3;4;7;2;0;0;3;2;5;
Markieff Morris;;25:02;4;9;0;0;2;2;3;5;8;3;0;1;2;3;10;
Markieff Morris;;21:02;2;8;0;0;4;4;0;4;4;1;0;0;3;2;8;
Markieff Morris;;32:20;11;14;0;0;3;6;6;5;11;1;0;0;5;4;25;
Markieff Morris;;28:37;6;10;0;1;3;4;2;5;7;3;0;1;3;2;15;
Markieff Morris;;22:10;2;5;0;0;5;6;3;3;6;2;1;0;1;2;9;
Markieff Morris;;21:51;3;9;0;1;1;2;0;4;4;1;1;0;3;3;7;
Markieff Morris;;25:01;4;8;0;0;4;5;3;3;6;0;1;2;1;2;12;
Markieff Morris;;29:48;6;14;2;3;11;15;1;5;6;2;3;3;1;4;25;
Markieff Morris;;27:54;4;8;0;2;1;2;1;5;6;1;2;0;4;3;9;
Markieff Morris;;19:13;4;7;0;0;1;1;3;4;7;2;0;1;1;1;9;
Markieff Morris;;22:10;4;13;1;3;0;0;2;4;6;1;1;2;0;2;9;
Markieff Morris;;20:55;2;7;0;0;0;0;1;7;8;3;0;0;4;2;4;
Markieff Morris;;29:43;5;10;0;1;1;3;5;7;12;3;1;1;3;3;11;
