╔═══════════════╤═══════════════╗
║Name		│Marquis Teague	║
╟───────────────┼───────────────╢
║Number		│12		║
╟───────────────┼───────────────╢
║Position	│G		║
╟───────────────┼───────────────╢
║Height		│6-2		║
╟───────────────┼───────────────╢
║Weight		│190		║
╟───────────────┼───────────────╢
║Birth		│FEB 28, 1993	║
╟───────────────┼───────────────╢
║Age		│21		║
╟───────────────┼───────────────╢
║Exp		│1		║
╟───────────────┼───────────────╢
║School		│Kentucky	║
╚═══════════════╧═══════════════╝
Marquis Teague;;12:00;3;6;1;2;0;0;0;2;2;3;1;0;0;1;7;
Marquis Teague;;7:55;1;1;0;0;2;2;0;1;1;1;0;0;2;2;4;
Marquis Teague;;2:28;0;1;0;1;0;0;0;0;0;0;0;0;0;1;0;
Marquis Teague;;19:28;2;6;0;0;1;1;0;0;0;4;3;0;2;2;5;
Marquis Teague;;2:36;0;0;0;0;0;0;0;0;0;1;0;0;0;1;0;
Marquis Teague;;5:42;2;2;1;1;1;2;0;1;1;0;0;0;1;0;6;
Marquis Teague;;12:26;0;1;0;0;0;0;0;2;2;1;0;0;2;0;0;
Marquis Teague;;18:17;3;6;0;1;3;4;0;2;2;4;1;0;1;2;9;
Marquis Teague;;14:23;3;5;0;0;2;2;0;3;3;3;0;0;2;2;8;
Marquis Teague;;7:00;1;2;0;0;0;0;0;0;0;1;0;0;1;2;2;
Marquis Teague;;2:23;0;1;0;0;0;0;0;1;1;0;0;0;1;1;0;
Marquis Teague;;2:58;0;0;0;0;1;2;0;0;0;0;0;0;1;0;1;
Marquis Teague;;4:20;0;2;0;0;1;2;0;1;1;0;0;0;0;0;1;
Marquis Teague;;2:30;1;1;0;0;0;0;0;0;0;0;0;0;0;0;2;
Marquis Teague;;1:20;0;0;0;0;0;0;0;1;1;0;1;0;0;0;0;
Marquis Teague;;0:44;0;1;0;0;0;0;0;0;0;0;0;0;0;0;0;
Marquis Teague;;7:20;1;2;0;0;0;0;0;0;0;2;0;0;1;0;2;
Marquis Teague;;25:15;2;5;0;0;0;0;0;1;1;2;0;0;2;5;4;
Marquis Teague;;1:03;0;0;0;0;0;0;0;0;0;0;0;0;0;0;0;
Marquis Teague;;8:55;1;2;0;0;2;2;0;1;1;4;1;1;2;1;4;
Marquis Teague;G;41:29;2;9;1;3;2;2;0;5;5;4;1;0;4;1;7;
Marquis Teague;;1:05;0;1;0;0;0;0;0;0;0;0;0;0;0;0;0;
Marquis Teague;;2:11;0;0;0;0;0;0;0;0;0;1;0;0;1;0;0;
Marquis Teague;;8:02;2;5;0;0;0;1;1;1;2;0;0;0;2;1;4;
Marquis Teague;;14:55;1;5;0;0;1;1;0;0;0;2;0;0;3;1;3;
Marquis Teague;;8:29;1;2;0;0;2;2;0;0;0;1;0;0;0;1;4;
Marquis Teague;;20:12;0;7;0;1;0;0;0;3;3;1;0;0;1;2;0;
Marquis Teague;;14:19;0;1;0;1;0;0;0;0;0;0;0;0;1;1;0;
Marquis Teague;;10:52;0;3;0;0;0;0;0;0;0;2;0;0;1;2;0;
Marquis Teague;;0:06;0;0;0;0;0;0;0;0;0;0;0;0;0;0;0;
Marquis Teague;;19:27;0;3;0;1;0;2;0;1;1;3;0;0;0;1;0;
Marquis Teague;;17:15;4;8;0;0;2;2;0;3;3;3;0;0;0;2;10;
Marquis Teague;;22:40;1;7;0;1;0;0;0;1;1;6;0;0;1;2;2;
Marquis Teague;;20:21;2;7;0;1;3;4;0;2;2;1;0;0;2;2;7;
Marquis Teague;G;28:15;3;6;1;2;0;0;0;1;1;3;2;3;2;3;7;
Marquis Teague;G;10:53;0;3;0;0;0;0;0;0;0;0;0;0;0;0;0;
Marquis Teague;;17:03;1;3;0;1;0;0;0;2;2;4;0;1;0;2;2;
Marquis Teague;;12:01;0;2;0;1;3;4;0;1;1;0;0;0;2;2;3;
Marquis Teague;;12:03;1;2;1;1;0;0;0;3;3;1;0;0;1;3;3;
Marquis Teague;;1:42;0;1;0;0;0;0;0;0;0;0;0;0;0;0;0;
