╔═══════════════╤═══════════════════════╗
║Name		│Marreese Speights	║
╟───────────────┼───────────────────────╢
║Number		│5			║
╟───────────────┼───────────────────────╢
║Position	│F-C			║
╟───────────────┼───────────────────────╢
║Height		│6-10			║
╟───────────────┼───────────────────────╢
║Weight		│255			║
╟───────────────┼───────────────────────╢
║Birth		│AUG 04, 1987		║
╟───────────────┼───────────────────────╢
║Age		│26			║
╟───────────────┼───────────────────────╢
║Exp		│5			║
╟───────────────┼───────────────────────╢
║School		│Florida		║
╚═══════════════╧═══════════════════════╝
Marreese Speights;;10:38;1;4;0;0;2;2;1;1;2;0;0;0;0;3;4;
Marreese Speights;;11:30;2;4;0;1;1;1;2;3;5;0;0;0;2;0;5;
Marreese Speights;;16:55;2;6;0;0;3;3;2;2;4;0;0;0;1;3;7;
Marreese Speights;;14:34;1;5;0;2;3;4;1;2;3;0;0;1;1;3;5;
Marreese Speights;;7:29;2;5;0;0;2;2;1;0;1;1;0;1;1;3;6;
Marreese Speights;;12:54;4;6;0;1;5;7;1;1;2;0;0;0;1;3;13;
Marreese Speights;;10:19;2;8;0;0;0;0;2;0;2;0;0;0;1;1;4;
Marreese Speights;;13:41;4;4;1;1;4;6;2;3;5;0;0;0;0;4;13;
Marreese Speights;;11:01;2;5;0;0;3;3;0;2;2;0;0;1;0;2;7;
Marreese Speights;;11:38;1;4;0;0;0;0;1;2;3;0;0;0;2;1;2;
Marreese Speights;;15:51;5;8;0;0;0;0;2;2;4;2;0;0;1;3;10;
Marreese Speights;;4:50;0;0;0;0;0;0;0;0;0;0;0;0;0;1;0;
Marreese Speights;;13:46;2;3;1;1;2;2;0;9;9;0;0;2;1;0;7;
Marreese Speights;;17:48;5;8;0;1;2;2;1;4;5;1;1;0;2;1;12;
Marreese Speights;;9:59;1;4;0;0;0;0;2;1;3;0;0;0;0;4;2;
Marreese Speights;;9:13;1;7;1;1;0;0;2;2;4;0;0;1;0;1;3;
Marreese Speights;;12:21;2;4;0;0;0;0;2;2;4;1;0;0;0;1;4;
Marreese Speights;;6:53;1;1;0;0;0;0;0;2;2;0;0;1;1;1;2;
Marreese Speights;;26:17;12;15;1;2;7;8;3;5;8;1;0;3;3;3;32;
Marreese Speights;;13:02;1;5;0;0;1;2;0;4;4;2;0;0;0;1;3;
Marreese Speights;;5:00;1;2;0;1;0;1;0;0;0;0;0;1;0;2;2;
Marreese Speights;;6:39;0;2;0;0;0;0;1;2;3;0;0;1;0;1;0;
Marreese Speights;;7:30;3;4;0;0;0;0;1;0;1;0;0;2;1;1;6;
Marreese Speights;;8:10;1;4;0;0;2;2;0;1;1;0;0;0;0;1;4;
Marreese Speights;;9:08;2;6;0;1;2;2;0;4;4;0;0;1;0;2;6;
Marreese Speights;;10:19;3;7;0;0;6;7;1;0;1;0;0;1;0;1;12;
Marreese Speights;;4:48;1;2;0;0;0;0;0;1;1;0;0;0;0;0;2;
Marreese Speights;;12:00;1;4;0;1;5;5;2;3;5;1;0;0;3;1;7;
Marreese Speights;;4:51;1;3;0;0;2;2;0;0;0;0;0;0;1;1;4;
Marreese Speights;;4:35;1;2;0;0;2;2;0;0;0;0;0;2;1;0;4;
Marreese Speights;;1:08;0;0;0;0;0;0;0;0;0;0;0;0;0;0;0;
Marreese Speights;;2:26;0;1;0;0;1;2;0;1;1;0;0;0;0;0;1;
Marreese Speights;;23:24;5;10;0;1;3;4;3;5;8;1;1;1;2;5;13;
Marreese Speights;;9:22;2;4;0;0;2;2;1;2;3;0;1;0;1;3;6;
Marreese Speights;;7:06;2;2;0;0;2;2;0;1;1;1;0;0;0;1;6;
Marreese Speights;F;25:33;7;9;0;0;1;2;2;6;8;0;0;1;1;2;15;
Marreese Speights;F;18:42;2;8;0;0;0;0;1;7;8;1;0;1;0;1;4;
Marreese Speights;;17:06;4;7;0;0;0;0;2;7;9;1;0;0;4;3;8;
Marreese Speights;;29:53;10;16;0;0;2;2;4;5;9;0;1;0;2;4;22;
Marreese Speights;;26:41;5;11;0;2;2;2;2;8;10;2;0;0;2;3;12;
Marreese Speights;;16:27;4;9;0;1;0;0;1;5;6;0;0;0;3;5;8;
Marreese Speights;;15:37;4;9;0;0;1;3;0;2;2;0;0;0;0;2;9;
Marreese Speights;;22:12;7;11;0;0;2;2;1;7;8;0;1;0;2;4;16;
Marreese Speights;;0:02;0;0;0;0;0;0;0;0;0;0;0;0;0;0;0;
Marreese Speights;;15:51;4;13;0;0;1;2;5;2;7;1;0;1;0;3;9;
Marreese Speights;F;30:52;5;15;0;0;1;2;3;3;6;3;1;1;3;6;11;
Marreese Speights;;19:45;2;10;1;2;2;2;1;7;8;3;1;0;0;2;7;
Marreese Speights;;11:41;2;5;0;0;2;2;1;1;2;0;0;0;1;3;6;
Marreese Speights;;16:31;3;7;0;1;0;0;1;5;6;1;0;1;1;3;6;
Marreese Speights;;14:00;4;8;0;1;1;2;0;2;2;0;0;1;1;3;9;
Marreese Speights;;15:34;3;7;1;2;1;2;4;4;8;1;0;1;2;2;8;
Marreese Speights;;8:26;0;2;0;0;2;2;0;2;2;0;0;0;2;2;2;
Marreese Speights;;12:40;2;3;0;0;0;0;0;2;2;0;0;0;1;1;4;
Marreese Speights;;13:50;1;3;0;0;0;0;2;2;4;0;0;0;1;0;2;
Marreese Speights;;6:32;1;2;1;1;0;0;0;1;1;0;1;0;0;0;3;
Marreese Speights;;7:38;0;3;0;0;0;0;3;2;5;0;0;1;1;2;0;
Marreese Speights;;11:34;0;4;0;1;2;2;0;2;2;0;0;0;1;2;2;
Marreese Speights;;13:27;1;5;0;0;0;0;1;3;4;2;0;0;2;1;2;
Marreese Speights;;10:59;1;8;0;1;1;2;5;2;7;1;0;0;1;2;3;
Marreese Speights;;12:26;1;4;0;0;0;0;0;1;1;0;0;1;0;2;2;
Marreese Speights;;11:13;2;3;0;0;2;2;2;1;3;1;0;1;0;3;6;
Marreese Speights;;3:41;1;1;0;0;0;0;0;0;0;0;0;0;0;0;2;
Marreese Speights;;8:24;1;4;0;1;0;0;0;2;2;0;0;0;1;2;2;
Marreese Speights;;11:27;1;4;0;0;2;2;1;2;3;1;0;0;0;2;4;
Marreese Speights;;5:39;1;2;0;0;0;0;0;1;1;0;0;0;0;0;2;
Marreese Speights;;21:20;3;9;0;0;3;4;2;5;7;0;0;1;1;1;9;
Marreese Speights;;10:14;3;5;0;0;0;0;2;2;4;1;0;0;0;2;6;
Marreese Speights;;1:27;0;0;0;0;0;0;0;0;0;0;0;0;0;0;0;
Marreese Speights;;5:01;0;2;0;0;1;2;0;0;0;0;0;0;0;0;1;
Marreese Speights;;15:35;7;14;0;0;2;2;8;1;9;0;0;0;0;1;16;
Marreese Speights;;13:09;2;6;1;2;0;0;2;1;3;1;0;0;0;1;5;
Marreese Speights;;18:07;4;11;0;0;4;5;2;4;6;0;0;0;1;2;12;
Marreese Speights;;8:01;2;3;0;0;2;2;0;1;1;0;0;0;1;2;6;
Marreese Speights;;13:32;5;9;0;1;0;0;1;2;3;0;1;2;0;1;10;
Marreese Speights;;13:57;3;4;0;0;2;4;1;2;3;0;0;0;0;2;8;
Marreese Speights;;11:08;3;5;0;0;2;2;1;0;1;0;1;0;2;5;8;
Marreese Speights;;15:10;3;6;0;0;2;2;2;3;5;0;0;0;1;3;8;
Marreese Speights;;13:59;4;6;0;0;1;1;1;4;5;1;0;0;2;3;9;
Marreese Speights;;20:11;3;10;0;1;4;4;3;3;6;0;0;2;0;2;10;
