╔═══════════════╤═══════════════╗
║Name		│MarShon Brooks	║
╟───────────────┼───────────────╢
║Number		│2		║
╟───────────────┼───────────────╢
║Position	│G		║
╟───────────────┼───────────────╢
║Height		│6-5		║
╟───────────────┼───────────────╢
║Weight		│200		║
╟───────────────┼───────────────╢
║Birth		│JAN 26, 1989	║
╟───────────────┼───────────────╢
║Age		│25		║
╟───────────────┼───────────────╢
║Exp		│2		║
╟───────────────┼───────────────╢
║School		│Providence	║
╚═══════════════╧═══════════════╝
MarShon Brooks;;12:00;1;4;0;1;0;0;0;5;5;1;0;0;0;2;2;
MarShon Brooks;;1:44;2;3;0;0;0;0;0;0;0;0;0;0;0;0;4;
MarShon Brooks;;0:16;0;0;0;0;0;0;0;0;0;0;0;0;0;0;0;
MarShon Brooks;;1:21;1;2;0;0;0;0;0;1;1;0;0;0;0;0;2;
MarShon Brooks;;2:31;0;2;0;1;0;0;0;1;1;0;0;0;0;0;0;
MarShon Brooks;;1:52;1;1;0;0;0;0;0;1;1;0;1;0;0;0;2;
MarShon Brooks;;0:20;0;0;0;0;0;0;0;0;0;0;0;0;0;0;0;
MarShon Brooks;;7:20;1;5;0;1;3;4;1;1;2;0;0;0;0;0;5;
MarShon Brooks;;23:14;7;11;0;0;0;1;0;2;2;0;3;0;3;2;14;
MarShon Brooks;;18:42;3;7;1;1;0;0;1;2;3;2;1;0;0;3;7;
MarShon Brooks;;26:30;4;10;2;3;1;5;0;2;2;4;0;1;2;1;11;
MarShon Brooks;;20:04;5;6;2;2;2;2;1;1;2;3;1;0;0;2;14;
MarShon Brooks;;25:45;9;13;3;3;2;3;0;2;2;4;1;0;3;3;23;
MarShon Brooks;;24:40;1;9;0;0;6;6;3;4;7;0;2;0;2;1;8;
MarShon Brooks;;15:35;2;4;0;0;0;0;1;0;1;1;0;0;2;2;4;
MarShon Brooks;;13:15;3;8;1;5;0;0;0;2;2;3;1;0;2;0;7;
MarShon Brooks;;10:37;0;2;0;0;2;2;1;1;2;0;0;2;0;0;2;
MarShon Brooks;;4:53;0;1;0;1;0;0;0;0;0;0;0;0;1;0;0;
MarShon Brooks;;6:46;0;1;0;0;0;0;1;2;3;1;0;0;0;1;0;
MarShon Brooks;;5:35;2;3;0;0;1;1;0;0;0;0;1;0;1;0;5;
MarShon Brooks;;6:10;2;2;0;0;0;0;0;0;0;1;1;0;0;0;4;
MarShon Brooks;;6:34;1;3;1;1;0;0;0;0;0;0;1;0;0;0;3;
MarShon Brooks;;2:08;1;2;1;1;0;0;0;1;1;0;0;0;0;0;3;
MarShon Brooks;;6:20;0;2;0;1;3;4;0;2;2;2;0;0;0;0;3;
MarShon Brooks;;2:25;0;0;0;0;0;0;0;0;0;0;0;0;0;0;0;
MarShon Brooks;;8:45;3;4;0;1;1;2;0;1;1;0;0;0;1;1;7;
MarShon Brooks;;6:53;0;2;0;0;0;0;0;0;0;1;0;0;0;0;0;
MarShon Brooks;;3:10;0;1;0;0;0;0;0;0;0;0;0;0;0;0;0;
MarShon Brooks;;17:36;3;7;0;1;2;2;0;3;3;1;0;0;1;2;8;
MarShon Brooks;;6:49;0;3;0;0;1;2;0;2;2;0;0;0;0;0;1;
MarShon Brooks;;1:56;0;0;0;0;0;0;0;0;0;0;0;0;0;0;0;
MarShon Brooks;;4:24;1;2;0;0;2;2;1;1;2;0;0;0;0;0;4;
MarShon Brooks;;5:58;2;2;1;1;3;4;0;1;1;0;1;0;2;0;8;
MarShon Brooks;;4:11;1;1;0;0;0;0;0;1;1;1;0;0;3;1;2;
MarShon Brooks;;10:18;1;2;1;1;3;4;0;5;5;0;0;1;1;0;6;
