╔═══════════════╤═══════════════════════╗
║Name		│Martell Webster	║
╟───────────────┼───────────────────────╢
║Number		│9			║
╟───────────────┼───────────────────────╢
║Position	│F-G			║
╟───────────────┼───────────────────────╢
║Height		│6-7			║
╟───────────────┼───────────────────────╢
║Weight		│230			║
╟───────────────┼───────────────────────╢
║Birth		│DEC 04, 1986		║
╟───────────────┼───────────────────────╢
║Age		│27			║
╟───────────────┼───────────────────────╢
║Exp		│8			║
╟───────────────┼───────────────────────╢
║School		│Seattle Prep HS (WA)	║
╚═══════════════╧═══════════════════════╝
Martell Webster;;22:06;3;9;1;6;1;1;0;1;1;2;0;0;1;2;8;
Martell Webster;;30:50;3;7;2;4;4;4;0;3;3;1;0;0;0;2;12;
Martell Webster;;30:38;4;10;1;5;2;2;0;5;5;0;2;0;0;1;11;
Martell Webster;;30:32;4;7;2;3;0;0;0;3;3;1;0;1;2;2;10;
Martell Webster;;21:17;2;6;2;3;0;0;0;2;2;0;0;0;0;3;6;
Martell Webster;;24:30;1;2;0;1;2;2;0;2;2;0;1;0;2;2;4;
Martell Webster;;23:16;1;3;1;3;0;0;0;3;3;0;0;0;2;3;3;
Martell Webster;;26:55;5;9;2;4;0;0;1;1;2;2;0;0;0;1;12;
Martell Webster;;31:14;4;8;3;7;0;0;0;2;2;0;1;0;3;4;11;
Martell Webster;;36:00;5;8;4;5;0;0;0;1;1;3;2;0;1;0;14;
Martell Webster;;28:38;6;8;3;5;0;0;0;2;2;2;1;0;4;6;15;
Martell Webster;;30:31;2;7;1;6;3;3;0;3;3;2;0;1;1;3;8;
Martell Webster;;32:58;3;9;3;8;1;1;0;2;2;0;0;0;2;4;10;
Martell Webster;;27:22;2;5;0;3;0;0;1;3;4;2;0;0;0;1;4;
Martell Webster;;28:20;3;9;2;5;2;3;0;1;1;2;0;1;1;3;10;
Martell Webster;;27:23;3;8;3;7;0;0;0;2;2;1;0;0;1;1;9;
Martell Webster;;21:37;3;9;2;7;2;2;0;3;3;1;0;0;0;0;10;
Martell Webster;;22:31;2;6;0;3;1;1;0;1;1;0;0;0;0;2;5;
Martell Webster;;31:17;3;4;2;3;2;2;2;2;4;1;0;0;1;1;10;
Martell Webster;;23:45;6;10;6;10;0;0;1;1;2;0;0;0;0;3;18;
Martell Webster;;24:18;3;10;2;8;0;0;0;2;2;0;0;2;0;1;8;
Martell Webster;;20:23;1;5;1;5;0;0;0;1;1;0;1;0;0;2;3;
Martell Webster;;10:11;0;1;0;1;0;0;0;1;1;2;1;0;0;1;0;
Martell Webster;;23:52;2;5;2;5;1;1;0;1;1;1;0;0;0;2;7;
Martell Webster;;22:57;5;10;3;5;0;0;0;0;0;2;0;0;1;2;13;
Martell Webster;;25:07;4;9;3;6;1;1;0;3;3;0;0;1;1;2;12;
Martell Webster;;22:16;3;8;1;4;0;0;0;2;2;1;1;0;1;1;7;
Martell Webster;;26:38;1;4;0;2;3;3;0;2;2;1;0;0;1;1;5;
Martell Webster;;27:03;1;5;1;4;0;0;1;0;1;1;1;0;0;2;3;
Martell Webster;;27:58;5;13;2;5;5;7;1;2;3;1;2;0;0;2;17;
Martell Webster;;24:31;5;7;2;3;3;4;1;0;1;0;0;0;1;2;15;
Martell Webster;;29:44;5;9;4;8;3;4;0;1;1;0;0;1;0;2;17;
Martell Webster;;30:35;2;6;1;4;2;2;1;3;4;0;0;0;0;2;7;
Martell Webster;;19:16;0;4;0;3;0;0;1;0;1;1;0;0;0;1;0;
Martell Webster;;27:44;2;6;1;5;2;2;0;0;0;1;0;0;1;2;7;
Martell Webster;;23:30;3;6;2;5;1;1;0;2;2;1;0;0;0;1;9;
Martell Webster;;27:35;3;9;2;3;0;0;1;1;2;3;0;0;2;1;8;
Martell Webster;;27:07;1;5;0;2;0;0;0;1;1;0;0;1;0;1;2;
Martell Webster;;23:40;1;4;0;2;3;4;1;1;2;2;0;0;1;1;5;
Martell Webster;;24:21;3;4;3;4;1;2;0;2;2;0;0;0;0;3;10;
Martell Webster;;24:14;3;6;3;6;2;2;1;2;3;2;1;0;2;1;11;
Martell Webster;;20:03;3;7;0;3;0;0;0;0;0;0;1;0;1;2;6;
Martell Webster;;26:40;5;7;2;3;2;2;0;2;2;1;0;0;1;2;14;
Martell Webster;;28:07;3;6;2;4;0;0;1;1;2;2;0;0;0;1;8;
Martell Webster;;31:31;2;6;2;4;0;0;0;3;3;0;3;0;1;2;6;
Martell Webster;;17:15;1;4;0;2;0;0;1;2;3;1;1;0;1;3;2;
Martell Webster;;24:04;2;5;1;4;2;2;0;3;3;0;0;0;0;1;7;
Martell Webster;;7:31;0;2;0;1;1;2;0;0;0;0;1;0;1;0;1;
Martell Webster;;22:42;2;6;2;4;2;3;1;2;3;3;0;0;0;4;8;
Martell Webster;;26:01;2;5;1;4;2;2;0;2;2;1;0;0;1;3;7;
Martell Webster;;22:39;2;6;1;3;0;0;1;3;4;0;0;0;0;2;5;
Martell Webster;;20:55;1;1;1;1;2;2;0;2;2;0;0;0;0;2;5;
Martell Webster;;24:11;4;9;3;7;2;2;1;1;2;0;2;1;0;0;13;
Martell Webster;;33:53;4;7;2;4;3;4;1;6;7;4;2;0;0;2;13;
Martell Webster;;25:42;4;10;4;7;2;2;0;4;4;3;1;0;0;0;14;
Martell Webster;;15:57;0;1;0;1;0;0;0;0;0;2;0;0;0;4;0;
Martell Webster;;29:10;3;10;1;7;1;1;1;4;5;0;1;1;1;4;8;
Martell Webster;;19:42;2;5;0;3;2;2;2;2;4;1;0;0;1;1;6;
Martell Webster;;35:26;8;16;3;6;2;2;2;8;10;2;4;0;1;1;21;
Martell Webster;F;42:40;4;12;2;8;4;4;3;4;7;1;1;0;1;5;14;
Martell Webster;F;42:56;6;13;5;10;0;0;0;9;9;2;0;1;0;1;17;
Martell Webster;F;36:07;5;11;2;8;3;3;2;2;4;5;1;0;1;1;15;
Martell Webster;F;41:30;3;8;1;4;2;3;0;4;4;5;2;1;0;4;9;
Martell Webster;F;40:03;6;11;5;10;2;2;0;3;3;3;0;0;1;3;19;
Martell Webster;F;42:42;8;15;4;8;0;0;2;7;9;3;4;1;0;1;20;
Martell Webster;F;42:47;7;16;4;11;0;1;0;5;5;7;0;0;1;0;18;
Martell Webster;F;36:38;3;6;2;4;0;0;1;4;5;1;0;0;2;0;8;
Martell Webster;F;40:54;6;11;5;9;2;4;1;2;3;2;1;1;2;3;19;
Martell Webster;F;34:25;2;6;1;2;0;0;0;4;4;0;0;0;0;3;5;
Martell Webster;F;12:00;3;7;2;5;0;0;0;0;0;0;0;0;0;0;8;
Martell Webster;G;38:35;4;12;0;3;7;7;2;6;8;0;1;0;2;1;15;
Martell Webster;F;32:51;4;9;0;3;4;6;0;1;1;0;0;0;0;2;12;
Martell Webster;;35:38;9;13;6;8;6;7;0;5;5;3;1;1;0;0;30;
Martell Webster;;28:47;3;6;2;3;5;6;1;5;6;2;0;0;1;4;13;
Martell Webster;;21:11;2;4;1;2;0;2;0;1;1;0;0;0;1;2;5;
Martell Webster;;29:37;4;11;3;7;0;0;1;2;3;1;0;0;1;4;11;
Martell Webster;;24:46;3;11;1;5;0;0;1;1;2;1;0;0;4;2;7;
Martell Webster;;21:56;4;7;2;4;0;0;0;4;4;1;0;0;0;2;10;
