╔═══════════════╤═══════════════╗
║Name		│Marvin Williams║
╟───────────────┼───────────────╢
║Number		│2		║
╟───────────────┼───────────────╢
║Position	│F		║
╟───────────────┼───────────────╢
║Height		│6-9		║
╟───────────────┼───────────────╢
║Weight		│237		║
╟───────────────┼───────────────╢
║Birth		│JUN 19, 1986	║
╟───────────────┼───────────────╢
║Age		│28		║
╟───────────────┼───────────────╢
║Exp		│8		║
╟───────────────┼───────────────╢
║School		│North Carolina	║
╚═══════════════╧═══════════════╝
Marvin Williams;F;28:43;1;7;0;1;0;0;1;3;4;2;1;0;0;0;2;
Marvin Williams;F;23:13;5;10;0;2;1;2;2;3;5;2;1;1;1;2;11;
Marvin Williams;F;31:50;4;7;2;4;2;2;0;4;4;1;1;0;2;6;12;
Marvin Williams;F;27:11;1;6;1;2;0;0;0;4;4;0;1;0;0;2;3;
Marvin Williams;F;23:47;3;6;1;4;0;0;0;3;3;2;1;0;3;2;7;
Marvin Williams;F;21:02;0;2;0;0;0;0;1;2;3;1;0;0;0;0;0;
Marvin Williams;F;22:23;7;11;2;6;1;1;1;6;7;1;0;1;1;2;17;
Marvin Williams;F;17:51;1;5;1;3;2;2;0;2;2;0;1;1;0;4;5;
Marvin Williams;F;18:39;2;6;0;1;0;0;1;3;4;0;0;2;0;4;4;
Marvin Williams;F;17:12;2;7;2;5;2;2;2;2;4;0;0;0;0;2;8;
Marvin Williams;F;25:02;5;10;2;5;4;4;3;8;11;1;1;0;0;2;16;
Marvin Williams;F;35:35;3;11;0;5;3;4;1;9;10;5;0;0;0;4;9;
Marvin Williams;F;39:44;9;16;1;3;4;4;2;6;8;0;2;0;0;4;23;
Marvin Williams;F;28:26;8;15;5;8;0;0;1;4;5;2;0;0;0;3;21;
Marvin Williams;F;27:58;9;15;5;8;0;2;1;2;3;1;0;1;1;4;23;
Marvin Williams;F;22:29;4;8;1;2;0;0;3;4;7;1;0;0;1;0;9;
Marvin Williams;F;30:21;5;8;1;3;2;2;4;10;14;0;0;0;2;1;13;
Marvin Williams;F;27:35;4;9;1;4;3;3;0;3;3;2;0;0;0;2;12;
Marvin Williams;F;30:52;1;3;0;0;2;2;1;2;3;1;1;1;2;1;4;
Marvin Williams;F;17:56;2;3;1;1;0;0;0;2;2;1;0;1;0;4;5;
Marvin Williams;F;22:48;8;10;2;2;1;3;3;4;7;2;2;1;0;2;19;
Marvin Williams;F;22:06;1;5;0;2;0;0;1;5;6;1;0;0;1;0;2;
Marvin Williams;F;26:12;2;10;1;3;0;0;0;2;2;1;0;0;1;0;5;
Marvin Williams;F;15:12;2;3;1;1;0;0;0;1;1;1;0;1;1;4;5;
Marvin Williams;F;17:17;2;6;1;3;0;0;3;1;4;2;0;0;1;1;5;
Marvin Williams;F;21:25;3;9;1;5;0;0;3;6;9;3;0;0;1;1;7;
Marvin Williams;F;18:42;1;7;0;5;1;2;1;4;5;0;0;1;1;4;3;
Marvin Williams;F;23:52;3;7;1;3;2;2;0;4;4;0;0;1;2;3;9;
Marvin Williams;F;30:55;6;12;1;4;5;6;0;6;6;1;3;0;0;4;18;
Marvin Williams;F;21:55;1;4;0;3;0;0;0;1;1;0;1;0;1;1;2;
Marvin Williams;;26:23;3;7;1;3;1;1;2;2;4;2;0;1;0;2;8;
Marvin Williams;F;19:48;1;6;1;3;2;2;1;1;2;3;1;0;1;0;5;
Marvin Williams;;23:03;4;7;1;4;0;0;2;3;5;1;1;1;2;2;9;
Marvin Williams;;23:58;2;9;0;5;0;1;1;4;5;0;1;0;1;3;4;
Marvin Williams;;30:18;5;13;1;5;0;0;3;4;7;1;0;0;0;1;11;
Marvin Williams;;26:19;2;4;0;0;1;2;0;4;4;2;2;1;1;1;5;
Marvin Williams;;28:50;5;12;1;6;1;2;1;3;4;1;0;0;0;6;12;
Marvin Williams;;23:55;3;6;1;2;2;2;1;1;2;1;2;0;0;2;9;
Marvin Williams;F;31:14;2;5;1;2;0;0;2;8;10;2;2;0;0;4;5;
Marvin Williams;;23:12;4;5;1;1;0;0;1;4;5;1;2;0;0;1;9;
Marvin Williams;F;22:04;2;5;1;3;2;2;0;4;4;0;1;0;1;1;7;
Marvin Williams;F;7:57;0;2;0;2;0;0;0;0;0;0;0;0;0;0;0;
Marvin Williams;;10:48;1;5;1;3;0;0;0;1;1;1;0;0;3;3;3;
Marvin Williams;;15:18;0;3;0;1;0;0;1;1;2;1;0;0;1;0;0;
Marvin Williams;;18:00;2;3;2;3;0;0;0;1;1;0;2;1;1;2;6;
Marvin Williams;;26:10;5;9;2;4;0;0;5;4;9;0;0;1;2;4;12;
Marvin Williams;;22:37;1;4;0;2;0;0;1;4;5;2;1;0;0;2;2;
Marvin Williams;;26:14;5;9;3;5;1;2;3;3;6;0;1;0;4;6;14;
Marvin Williams;;29:51;5;11;2;4;4;6;2;6;8;1;1;1;0;1;16;
Marvin Williams;;31:44;7;13;3;6;2;3;1;4;5;3;2;1;0;4;19;
Marvin Williams;F;21:45;2;8;0;3;0;0;0;3;3;0;1;1;0;3;4;
Marvin Williams;F;43:55;7;14;3;7;0;0;0;9;9;1;1;0;0;4;17;
Marvin Williams;F;27:40;7;11;2;6;2;2;2;5;7;2;0;0;0;0;18;
Marvin Williams;F;33:09;6;11;2;5;0;0;1;5;6;3;1;0;1;3;14;
Marvin Williams;F;30:47;4;10;2;5;0;0;1;4;5;0;1;0;0;3;10;
Marvin Williams;F;27:34;3;8;2;5;0;0;1;3;4;5;2;0;0;2;8;
Marvin Williams;F;26:27;4;9;3;6;0;0;1;2;3;2;4;0;0;2;11;
Marvin Williams;F;27:10;4;7;2;4;0;0;0;7;7;2;1;3;0;3;10;
Marvin Williams;F;27:50;4;10;0;3;0;0;3;1;4;2;0;0;0;1;8;
Marvin Williams;F;28:46;2;7;1;4;0;0;1;5;6;0;2;1;3;3;5;
Marvin Williams;F;17:55;2;7;2;4;0;0;2;4;6;0;0;1;2;3;6;
Marvin Williams;F;29:39;2;8;1;3;0;0;2;4;6;2;3;1;1;3;5;
Marvin Williams;F;28:25;3;7;2;5;0;0;1;2;3;1;0;1;2;2;8;
Marvin Williams;F;35:46;6;14;3;7;1;2;2;5;7;2;1;2;3;2;16;
Marvin Williams;F;26:28;5;11;2;4;3;3;0;8;8;0;1;1;2;3;15;
Marvin Williams;F;34:22;6;8;1;1;0;0;3;7;10;0;1;1;0;0;13;
