╔═══════════════╤═══════════════╗
║Name		│Mason Plumlee	║
╟───────────────┼───────────────╢
║Number		│1		║
╟───────────────┼───────────────╢
║Position	│F-C		║
╟───────────────┼───────────────╢
║Height		│6-11		║
╟───────────────┼───────────────╢
║Weight		│235		║
╟───────────────┼───────────────╢
║Birth		│MAR 05, 1990	║
╟───────────────┼───────────────╢
║Age		│24		║
╟───────────────┼───────────────╢
║Exp		│R		║
╟───────────────┼───────────────╢
║School		│Duke		║
╚═══════════════╧═══════════════╝
Mason Plumlee;;11:13;1;1;0;0;2;2;2;1;3;1;0;1;1;3;4;
Mason Plumlee;;0:14;0;0;0;0;0;0;0;0;0;0;0;0;0;0;0;
Mason Plumlee;C;28:20;3;5;0;0;0;1;0;5;5;0;2;4;0;6;6;
Mason Plumlee;;2:38;1;1;0;0;1;2;0;0;0;0;0;0;0;0;3;
Mason Plumlee;;3:02;1;1;0;0;2;3;0;0;0;0;1;0;0;0;4;
Mason Plumlee;;5:24;1;2;0;0;0;0;0;1;1;0;0;0;0;1;2;
Mason Plumlee;;17:21;5;6;0;0;3;4;0;0;0;1;2;1;1;1;13;
Mason Plumlee;;18:59;2;4;0;0;2;3;1;1;2;0;3;4;0;5;6;
Mason Plumlee;;11:48;2;2;0;0;2;2;1;3;4;2;2;0;1;5;6;
Mason Plumlee;;11:01;3;4;0;0;1;1;1;2;3;1;1;0;2;1;7;
Mason Plumlee;;29:17;4;11;0;0;5;8;2;6;8;1;0;1;2;5;13;
Mason Plumlee;;28:20;8;10;0;1;6;9;2;11;13;0;3;2;1;3;22;
Mason Plumlee;;9:33;1;2;0;0;0;0;0;0;0;0;0;0;0;1;2;
Mason Plumlee;;8:53;0;0;0;0;1;2;0;5;5;0;0;1;1;1;1;
Mason Plumlee;C;17:26;3;5;0;0;0;0;2;3;5;2;0;1;0;4;6;
Mason Plumlee;;13:20;5;8;0;0;0;2;2;0;2;0;0;0;0;1;10;
Mason Plumlee;;20:46;3;6;0;0;4;4;2;7;9;1;0;3;1;3;10;
Mason Plumlee;C;10:30;2;3;0;0;1;2;4;3;7;1;0;0;0;3;5;
Mason Plumlee;C;22:28;3;3;0;0;0;2;1;3;4;0;0;1;0;1;6;
Mason Plumlee;C;14:45;2;5;0;0;0;0;1;5;6;1;1;0;2;4;4;
Mason Plumlee;C;24:23;4;5;0;0;2;3;2;3;5;1;1;0;5;4;10;
Mason Plumlee;C;12:08;2;4;0;0;1;2;1;1;2;0;2;0;1;5;5;
Mason Plumlee;C;26:10;3;7;0;0;0;0;3;5;8;0;1;1;0;3;6;
Mason Plumlee;C;22:02;2;3;0;0;0;0;1;3;4;1;0;2;0;2;4;
Mason Plumlee;C;23:21;4;5;0;0;0;0;1;2;3;2;0;1;2;5;8;
Mason Plumlee;C;27:17;5;6;0;0;4;7;1;10;11;1;2;0;3;1;14;
Mason Plumlee;C;18:53;4;6;0;0;3;5;2;5;7;2;1;1;2;3;11;
Mason Plumlee;C;20:54;6;7;0;0;6;6;3;2;5;3;3;0;2;2;18;
Mason Plumlee;C;21:44;2;8;0;0;1;2;4;2;6;3;1;0;2;5;5;
Mason Plumlee;C;30:58;2;3;0;0;2;4;4;7;11;0;0;1;4;1;6;
Mason Plumlee;C;20:45;2;3;0;0;0;0;1;3;4;2;0;2;1;3;4;
Mason Plumlee;C;19:53;1;2;0;0;1;2;1;6;7;0;1;3;2;1;3;
Mason Plumlee;C;22:47;4;7;0;0;5;6;3;5;8;0;0;1;2;3;13;
Mason Plumlee;C;27:38;5;6;0;0;1;3;3;3;6;4;1;2;2;2;11;
Mason Plumlee;C;22:47;1;1;0;0;3;3;2;2;4;2;1;0;1;4;5;
Mason Plumlee;C;11:53;1;1;0;0;1;2;0;0;0;0;0;0;1;3;3;
Mason Plumlee;;23:29;8;10;0;0;0;1;2;5;7;1;0;0;3;5;16;
Mason Plumlee;C;30:19;4;6;0;0;0;0;3;5;8;2;1;3;0;2;8;
Mason Plumlee;;27:04;7;8;0;0;2;3;2;3;5;1;0;0;2;6;16;
Mason Plumlee;;28:38;6;6;0;0;5;7;1;3;4;3;1;1;0;2;17;
Mason Plumlee;;26:10;6;8;0;0;5;8;5;6;11;2;2;1;4;1;17;
Mason Plumlee;;30:22;7;9;0;0;2;4;3;6;9;4;1;0;1;2;16;
Mason Plumlee;;17:52;4;7;0;1;0;2;0;6;6;6;1;0;3;1;8;
Mason Plumlee;;2:50;1;1;0;0;0;0;0;0;0;0;0;0;0;0;2;
Mason Plumlee;;17:25;2;6;0;0;1;2;3;1;4;0;0;0;2;4;5;
Mason Plumlee;;15:38;3;5;0;0;0;0;2;1;3;0;0;0;0;2;6;
Mason Plumlee;;17:49;1;1;0;0;1;3;1;4;5;0;0;0;0;2;3;
Mason Plumlee;;13:15;3;3;0;0;1;2;0;3;3;2;0;0;0;5;7;
Mason Plumlee;;26:36;7;10;0;0;5;12;4;2;6;0;1;1;0;3;19;
Mason Plumlee;;16:06;0;1;0;0;4;4;2;2;4;0;1;0;0;1;4;
Mason Plumlee;;21:49;3;3;0;0;3;6;1;2;3;0;0;0;2;3;9;
Mason Plumlee;;23:13;0;2;0;0;2;4;1;3;4;0;1;1;1;2;2;
Mason Plumlee;;13:07;1;1;0;0;3;6;1;2;3;1;0;1;2;3;5;
Mason Plumlee;;16:11;4;5;0;0;1;1;1;1;2;0;0;1;2;4;9;
Mason Plumlee;;20:55;2;3;0;0;2;2;1;3;4;0;1;4;0;3;6;
Mason Plumlee;;27:52;7;8;0;0;2;4;2;4;6;1;3;1;1;2;16;
Mason Plumlee;;15:14;1;2;0;0;2;2;1;1;2;2;1;0;0;1;4;
Mason Plumlee;;17:47;2;3;0;0;0;0;1;1;2;0;0;0;0;1;4;
Mason Plumlee;;16:01;2;2;0;0;4;6;0;0;0;1;0;0;1;1;8;
Mason Plumlee;;10:37;0;0;0;0;4;4;0;1;1;0;1;0;1;0;4;
Mason Plumlee;;15:51;1;1;0;0;2;2;0;0;0;0;0;0;1;6;4;
Mason Plumlee;;11:23;1;1;0;0;2;2;0;1;1;1;1;1;1;1;4;
Mason Plumlee;;21:51;2;4;0;0;1;2;1;7;8;1;0;0;1;4;5;
Mason Plumlee;;8:58;1;2;0;0;1;2;0;0;0;0;2;1;1;1;3;
Mason Plumlee;;21:15;3;6;0;1;1;2;1;5;6;0;0;3;0;1;7;
Mason Plumlee;;9:31;1;5;0;0;2;2;1;2;3;0;0;1;0;0;4;
Mason Plumlee;;9:01;2;4;0;0;1;4;1;3;4;0;0;0;1;3;5;
Mason Plumlee;;22:33;3;5;0;0;0;0;1;2;3;0;1;0;0;2;6;
Mason Plumlee;;38:22;6;11;0;0;3;4;4;9;13;0;1;2;5;2;15;
