╔═══════════════╤═══════════════╗
║Name		│Matt Barnes	║
╟───────────────┼───────────────╢
║Number		│22		║
╟───────────────┼───────────────╢
║Position	│F		║
╟───────────────┼───────────────╢
║Height		│6-7		║
╟───────────────┼───────────────╢
║Weight		│226		║
╟───────────────┼───────────────╢
║Birth		│MAR 09, 1980	║
╟───────────────┼───────────────╢
║Age		│34		║
╟───────────────┼───────────────╢
║Exp		│10		║
╟───────────────┼───────────────╢
║School		│UCLA		║
╚═══════════════╧═══════════════╝
Matt Barnes;;19:32;2;10;0;6;0;0;1;4;5;2;0;0;0;2;4;
Matt Barnes;;19:49;2;4;2;4;0;0;0;1;1;0;1;0;0;2;6;
Matt Barnes;;27:43;2;9;0;5;3;4;2;3;5;1;0;0;3;5;7;
Matt Barnes;;25:22;1;10;1;5;2;2;1;3;4;4;0;1;2;1;5;
Matt Barnes;;21:54;1;3;1;2;2;2;1;7;8;1;0;0;2;1;5;
Matt Barnes;;19:57;2;8;0;3;3;4;2;4;6;1;1;0;0;2;7;
Matt Barnes;;29:54;10;18;5;10;0;2;2;5;7;0;0;0;1;3;25;
Matt Barnes;;22:11;2;9;0;4;1;2;1;3;4;1;1;0;0;5;5;
Matt Barnes;;27:40;2;5;0;2;0;0;0;6;6;0;0;0;0;2;4;
Matt Barnes;F;26:46;4;8;2;4;0;0;1;4;5;2;2;0;2;3;10;
Matt Barnes;F;17:29;2;7;0;1;0;0;1;0;1;0;0;0;0;3;4;
Matt Barnes;F;23:30;5;6;3;4;0;0;0;2;2;3;1;0;1;2;13;
Matt Barnes;F;31:59;4;7;3;3;0;0;1;3;4;1;1;0;2;2;11;
Matt Barnes;F;26:48;1;9;1;6;0;0;0;4;4;2;1;1;0;3;3;
Matt Barnes;F;26:56;2;7;0;1;0;0;0;4;4;1;1;0;1;2;4;
Matt Barnes;F;27:14;0;3;0;1;0;0;0;3;3;2;0;0;0;3;0;
Matt Barnes;F;27:54;3;7;0;2;3;6;2;2;4;2;0;1;2;5;9;
Matt Barnes;F;31:49;4;10;2;6;0;0;0;4;4;5;0;0;2;4;10;
Matt Barnes;F;40:19;4;11;1;5;3;4;5;2;7;4;2;0;2;4;12;
Matt Barnes;F;35:32;4;6;3;5;0;0;1;4;5;4;1;0;3;4;11;
Matt Barnes;F;26:19;4;6;1;2;0;0;1;3;4;0;2;1;2;3;9;
Matt Barnes;F;28:54;2;5;1;3;0;0;0;3;3;3;1;0;1;3;5;
Matt Barnes;F;24:31;2;7;0;3;1;2;1;0;1;1;1;0;1;2;5;
Matt Barnes;F;35:03;6;13;3;7;0;0;1;6;7;2;0;0;2;2;15;
Matt Barnes;F;32:44;8;14;6;10;2;2;3;4;7;1;2;0;0;5;24;
Matt Barnes;F;34:20;4;6;2;3;2;2;0;3;3;3;0;1;0;2;12;
Matt Barnes;F;32:38;5;9;1;4;0;0;2;0;2;2;1;1;1;4;11;
Matt Barnes;F;24:08;5;9;4;8;0;0;0;6;6;4;2;1;2;3;14;
Matt Barnes;F;40:03;12;17;4;7;0;0;1;5;6;2;1;1;1;3;28;
Matt Barnes;F;30:06;7;13;3;7;0;0;2;10;12;5;3;0;1;2;17;
Matt Barnes;F;33:17;6;12;3;9;2;2;1;3;4;2;1;1;4;2;17;
Matt Barnes;F;37:35;4;11;1;6;4;6;1;5;6;2;1;0;3;3;13;
Matt Barnes;F;28:24;4;8;2;5;1;2;1;2;3;4;0;0;1;2;11;
Matt Barnes;F;31:03;6;9;3;6;0;0;0;2;2;3;1;1;4;3;15;
Matt Barnes;F;29:42;5;11;1;6;0;0;0;2;2;3;2;1;0;3;11;
Matt Barnes;F;26:42;4;7;1;3;0;0;1;4;5;2;1;0;2;4;9;
Matt Barnes;F;32:54;5;16;2;10;2;3;0;7;7;1;1;2;2;1;14;
Matt Barnes;F;28:22;3;8;2;5;0;0;0;1;1;1;1;0;3;3;8;
Matt Barnes;F;31:07;5;7;4;5;0;0;1;4;5;0;1;1;1;5;14;
Matt Barnes;F;37:38;4;12;1;5;3;4;1;2;3;4;3;1;2;3;12;
Matt Barnes;F;37:38;6;15;3;10;0;0;0;10;10;2;1;1;0;4;15;
Matt Barnes;F;34:16;7;14;3;9;2;2;1;5;6;3;2;0;1;3;19;
Matt Barnes;F;36:36;7;16;2;8;3;4;3;3;6;1;1;1;3;2;19;
Matt Barnes;F;38:09;2;9;1;6;1;2;1;5;6;2;0;1;2;2;6;
Matt Barnes;F;27:17;4;6;1;3;0;0;2;6;8;3;2;0;0;2;9;
Matt Barnes;F;29:09;3;9;1;4;0;0;2;5;7;3;0;2;2;3;7;
Matt Barnes;F;29:43;4;6;2;3;2;2;0;5;5;3;1;0;1;1;12;
Matt Barnes;F;29:33;2;5;1;3;0;0;1;4;5;4;0;1;2;2;5;
Matt Barnes;F;33:11;6;11;2;6;5;6;0;8;8;1;0;0;1;5;19;
Matt Barnes;;28:28;3;6;1;3;1;1;2;4;6;3;2;0;3;4;8;
Matt Barnes;;17:58;0;4;0;1;4;4;1;2;3;2;0;0;1;3;4;
Matt Barnes;;21:50;3;6;2;4;2;4;0;3;3;3;2;0;0;3;10;
Matt Barnes;;14:57;1;3;0;2;0;0;1;2;3;2;0;0;2;2;2;
Matt Barnes;;22:29;3;5;0;2;3;4;0;8;8;2;3;1;2;4;9;
Matt Barnes;;7:48;0;5;0;2;0;0;3;1;4;0;0;0;1;1;0;
Matt Barnes;;23:42;1;3;0;0;0;0;1;4;5;0;0;0;0;4;2;
Matt Barnes;;23:05;2;6;1;2;7;7;0;2;2;1;1;0;1;2;12;
Matt Barnes;;21:55;5;12;3;7;0;0;1;2;3;3;2;3;1;4;13;
Matt Barnes;;10:30;1;2;0;1;1;2;1;1;2;1;0;0;0;2;3;
Matt Barnes;;20:52;0;3;0;2;0;0;0;4;4;4;1;1;1;4;0;
Matt Barnes;;23:06;5;10;1;3;1;2;2;3;5;0;0;0;1;6;12;
Matt Barnes;;20:52;3;4;1;2;0;1;0;1;1;1;1;1;2;3;7;
Matt Barnes;;26:27;5;10;3;7;0;0;0;4;4;0;0;1;2;3;13;
