╔═══════════════╤═══════════════╗
║Name		│Matt Bonner	║
╟───────────────┼───────────────╢
║Number		│15		║
╟───────────────┼───────────────╢
║Position	│F-C		║
╟───────────────┼───────────────╢
║Height		│6-10		║
╟───────────────┼───────────────╢
║Weight		│235		║
╟───────────────┼───────────────╢
║Birth		│APR 05, 1980	║
╟───────────────┼───────────────╢
║Age		│34		║
╟───────────────┼───────────────╢
║Exp		│9		║
╟───────────────┼───────────────╢
║School		│Florida	║
╚═══════════════╧═══════════════╝
Matt Bonner;;12:50;3;5;3;5;0;0;0;2;2;0;0;0;0;0;9;
Matt Bonner;;5:33;1;1;0;0;0;0;0;1;1;0;0;0;0;2;2;
Matt Bonner;;7:17;0;0;0;0;0;0;0;0;0;0;0;0;0;1;0;
Matt Bonner;;16:36;1;6;1;4;0;0;2;3;5;0;1;0;0;2;3;
Matt Bonner;;21:36;5;10;4;5;0;0;2;1;3;0;0;0;0;1;14;
Matt Bonner;;15:31;2;3;1;2;0;0;0;5;5;1;0;1;0;1;5;
Matt Bonner;;14:39;1;1;1;1;0;0;0;1;1;0;0;0;0;1;3;
Matt Bonner;;6:09;0;2;0;1;0;0;1;2;3;0;0;0;0;1;0;
Matt Bonner;;6:47;0;2;0;0;0;0;1;0;1;0;0;0;0;0;0;
Matt Bonner;;15:58;1;3;1;1;0;0;2;1;3;0;1;0;0;2;3;
Matt Bonner;;9:38;1;3;1;3;0;0;0;1;1;0;0;0;1;1;3;
Matt Bonner;;14:41;1;3;1;3;1;2;0;3;3;1;1;0;0;2;4;
Matt Bonner;;7:27;1;1;0;0;0;0;0;1;1;0;0;0;1;0;2;
Matt Bonner;;17:22;3;4;1;2;0;0;1;3;4;1;0;1;0;1;7;
Matt Bonner;;13:57;1;1;1;1;0;0;0;0;0;0;3;2;0;1;3;
Matt Bonner;;14:17;0;4;0;2;1;2;1;1;2;0;0;2;0;0;1;
Matt Bonner;;14:07;0;3;0;2;2;2;0;4;4;0;0;1;1;0;2;
Matt Bonner;;19:29;0;1;0;0;0;0;0;5;5;0;1;0;0;1;0;
Matt Bonner;;13:38;2;3;1;1;0;0;0;4;4;0;0;0;2;0;5;
Matt Bonner;;18:39;3;7;1;2;0;0;0;4;4;0;2;0;1;2;7;
Matt Bonner;;6:37;0;1;0;1;0;0;0;2;2;0;0;0;0;0;0;
Matt Bonner;;7:45;1;1;0;0;0;0;0;1;1;0;0;0;0;1;2;
Matt Bonner;;25:00;3;6;0;1;4;4;1;5;6;0;0;0;1;1;10;
Matt Bonner;;1:36;0;0;0;0;0;0;0;1;1;0;0;0;0;0;0;
Matt Bonner;;4:54;0;0;0;0;0;0;0;2;2;0;0;0;0;0;0;
Matt Bonner;;9:50;1;6;0;5;0;0;0;4;4;1;1;0;0;0;2;
Matt Bonner;;1:44;1;1;0;0;0;0;1;0;1;0;0;0;0;0;2;
Matt Bonner;;1:37;0;0;0;0;0;0;0;0;0;0;0;0;0;0;0;
Matt Bonner;;5:44;1;1;1;1;1;2;0;0;0;0;0;0;0;2;4;
Matt Bonner;;2:06;0;0;0;0;0;0;0;1;1;0;0;0;0;0;0;
Matt Bonner;;25:33;5;9;3;7;0;0;1;9;10;4;0;0;0;1;13;
Matt Bonner;;2:40;0;0;0;0;0;0;0;3;3;0;0;0;0;0;0;
Matt Bonner;;14:02;0;2;0;2;0;0;1;2;3;1;0;0;0;0;0;
Matt Bonner;;12:20;0;2;0;0;0;0;0;1;1;1;0;0;0;1;0;
Matt Bonner;;19:59;5;8;1;3;0;0;1;2;3;2;0;0;0;1;11;
Matt Bonner;;7:14;1;3;1;1;0;0;0;0;0;0;0;0;0;1;3;
Matt Bonner;;16:45;2;5;2;3;0;0;0;8;8;0;0;1;0;0;6;
Matt Bonner;;16:31;3;4;2;3;0;0;0;2;2;0;0;0;1;2;8;
Matt Bonner;;15:39;0;2;0;2;0;0;0;3;3;1;0;0;0;0;0;
Matt Bonner;;8:28;1;1;1;1;0;0;0;0;0;0;0;1;1;3;3;
Matt Bonner;;13:47;1;3;1;3;0;0;0;0;0;1;0;0;1;0;3;
Matt Bonner;;2:49;1;1;1;1;0;0;0;2;2;0;0;0;0;0;3;
Matt Bonner;;19:37;3;5;2;3;0;0;0;2;2;3;0;1;0;1;8;
Matt Bonner;;13:29;1;3;0;1;0;0;0;1;1;1;0;0;0;2;2;
Matt Bonner;;1:54;0;0;0;0;0;0;0;1;1;1;0;0;0;1;0;
Matt Bonner;;17:38;1;4;0;3;0;0;0;3;3;1;0;0;0;0;2;
Matt Bonner;;22:44;2;5;2;4;0;0;1;2;3;2;0;0;0;3;6;
Matt Bonner;;0:09;0;0;0;0;0;0;0;0;0;0;0;0;0;0;0;
Matt Bonner;;20:23;3;5;2;3;0;0;0;0;0;2;2;0;0;2;8;
Matt Bonner;;6:53;0;0;0;0;0;0;0;2;2;0;0;0;2;0;0;
Matt Bonner;;19:24;2;7;1;4;0;0;0;2;2;3;0;0;0;3;5;
Matt Bonner;;8:10;2;2;1;1;0;0;0;1;1;0;0;0;0;1;5;
Matt Bonner;;15:12;2;5;2;4;0;0;0;2;2;0;0;0;0;0;6;
Matt Bonner;;8:09;0;0;0;0;0;0;0;0;0;0;0;0;1;0;0;
Matt Bonner;;7:43;2;3;1;2;0;0;0;0;0;0;0;0;1;1;5;
Matt Bonner;;12:39;0;1;0;1;0;0;0;0;0;3;1;0;1;2;0;
Matt Bonner;;1:47;1;1;1;1;0;0;0;1;1;0;0;0;0;0;3;
Matt Bonner;;7:08;0;0;0;0;0;0;0;2;2;0;0;0;0;0;0;
Matt Bonner;;6:15;2;3;0;1;0;0;0;2;2;0;1;0;0;1;4;
Matt Bonner;;0:06;0;0;0;0;0;0;0;0;0;0;0;0;0;0;0;
Matt Bonner;;12:00;0;1;0;1;0;0;0;3;3;1;1;1;1;0;0;
