╔═══════════════╤═══════════════════════╗
║Name		│Maurice Harkless	║
╟───────────────┼───────────────────────╢
║Number		│21			║
╟───────────────┼───────────────────────╢
║Position	│F			║
╟───────────────┼───────────────────────╢
║Height		│6-9			║
╟───────────────┼───────────────────────╢
║Weight		│220			║
╟───────────────┼───────────────────────╢
║Birth		│MAY 11, 1993		║
╟───────────────┼───────────────────────╢
║Age		│21			║
╟───────────────┼───────────────────────╢
║Exp		│1			║
╟───────────────┼───────────────────────╢
║School		│St. John's, N.Y.	║
╚═══════════════╧═══════════════════════╝
Maurice Harkless;;9:56;1;2;0;0;0;0;1;1;2;0;1;2;0;1;2;
Maurice Harkless;;14:00;2;4;0;1;0;0;0;1;1;0;2;0;1;3;4;
Maurice Harkless;;31:29;7;13;2;4;6;6;2;4;6;1;2;0;2;3;22;
Maurice Harkless;;15:30;2;4;0;0;2;2;1;2;3;0;0;0;0;0;6;
Maurice Harkless;;24:00;3;4;1;2;3;4;1;1;2;0;1;0;1;1;10;
Maurice Harkless;F;17:13;1;4;1;2;0;0;0;0;0;0;1;0;0;1;3;
Maurice Harkless;F;40:40;5;11;1;4;2;4;3;4;7;3;2;0;1;2;13;
Maurice Harkless;F;35:56;1;1;0;0;2;2;0;3;3;0;0;1;1;1;4;
Maurice Harkless;;12:47;0;1;0;1;0;0;0;0;0;0;1;0;0;0;0;
Maurice Harkless;;24:00;3;4;1;2;0;0;0;4;4;2;2;0;1;2;7;
Maurice Harkless;;22:19;4;5;1;1;3;3;0;3;3;1;0;0;0;0;12;
Maurice Harkless;;18:55;1;2;0;1;2;2;0;0;0;0;4;0;0;1;4;
Maurice Harkless;;10:27;1;2;0;0;0;0;1;0;1;0;0;0;0;0;2;
Maurice Harkless;;20:25;1;3;1;2;0;6;0;0;0;1;2;0;0;1;3;
Maurice Harkless;;12:00;1;6;1;4;0;0;0;2;2;0;1;0;0;1;3;
Maurice Harkless;;26:05;4;8;0;1;2;4;0;3;3;3;2;0;0;1;10;
Maurice Harkless;;21:10;2;5;1;1;4;4;2;5;7;2;2;0;0;0;9;
Maurice Harkless;;19:43;2;4;0;1;0;0;1;3;4;0;0;0;1;2;4;
Maurice Harkless;;24:26;5;11;2;4;3;3;4;5;9;0;2;1;4;2;15;
Maurice Harkless;;21:46;0;2;0;0;1;2;1;2;3;3;1;0;0;1;1;
Maurice Harkless;;19:54;2;4;1;1;1;2;0;8;8;1;2;0;2;0;6;
Maurice Harkless;;17:56;2;5;0;0;0;0;1;1;2;0;0;1;0;0;4;
Maurice Harkless;;25:48;3;5;1;2;0;3;1;1;2;0;2;1;0;1;7;
Maurice Harkless;;9:27;0;2;0;1;1;2;1;0;1;0;0;0;1;2;1;
Maurice Harkless;;23:13;4;9;2;3;0;0;0;5;5;0;2;0;0;1;10;
Maurice Harkless;F;28:05;1;3;0;1;0;0;0;2;2;0;1;0;0;5;2;
Maurice Harkless;F;38:11;9;13;2;6;2;3;2;3;5;1;0;0;4;3;22;
Maurice Harkless;F;30:41;5;14;3;4;0;0;1;2;3;1;0;2;0;3;13;
Maurice Harkless;F;33:31;5;11;1;3;3;5;0;4;4;1;3;0;3;0;14;
Maurice Harkless;F;40:34;4;9;1;4;1;2;2;4;6;3;1;3;0;2;10;
Maurice Harkless;F;37:00;6;10;2;3;1;2;1;1;2;1;5;1;1;1;15;
Maurice Harkless;F;35:52;4;14;1;4;3;4;4;6;10;2;2;1;0;3;12;
Maurice Harkless;F;34:24;5;10;3;7;1;1;2;2;4;1;2;0;0;0;14;
Maurice Harkless;F;28:52;1;6;0;2;0;0;0;1;1;0;0;2;2;2;2;
Maurice Harkless;F;30:45;3;5;0;1;0;0;0;7;7;4;3;1;2;2;6;
Maurice Harkless;F;28:48;3;5;2;3;4;4;0;4;4;2;0;0;1;4;12;
Maurice Harkless;F;32:14;0;2;0;0;1;2;0;2;2;0;1;1;0;1;1;
Maurice Harkless;F;33:47;7;13;1;3;0;0;1;3;4;1;2;2;2;2;15;
Maurice Harkless;F;27:36;2;7;0;2;0;0;0;4;4;2;2;0;3;2;4;
Maurice Harkless;F;25:18;2;5;1;2;0;0;1;4;5;2;3;0;2;0;5;
Maurice Harkless;F;31:00;4;6;1;2;0;2;0;5;5;1;1;3;1;1;9;
Maurice Harkless;F;36:37;6;9;1;3;1;3;1;2;3;3;1;1;4;3;14;
Maurice Harkless;F;21:11;4;7;2;4;0;0;0;2;2;0;1;0;3;2;10;
Maurice Harkless;F;30:53;1;3;0;1;0;0;0;3;3;1;2;3;1;1;2;
Maurice Harkless;F;24:26;7;9;3;3;0;0;2;2;4;2;0;0;5;2;17;
Maurice Harkless;F;31:47;2;7;1;3;3;4;1;0;1;2;2;1;2;3;8;
Maurice Harkless;F;30:26;1;4;0;1;0;0;0;2;2;0;0;0;1;3;2;
Maurice Harkless;F;23:43;4;8;1;2;1;1;1;2;3;2;0;0;2;1;10;
Maurice Harkless;F;27:20;1;3;1;3;0;0;0;3;3;4;0;1;2;2;3;
Maurice Harkless;F;37:38;5;9;0;2;4;7;3;2;5;2;2;1;1;2;14;
Maurice Harkless;F;23:30;6;13;2;2;0;1;1;0;1;0;1;0;0;4;14;
Maurice Harkless;F;19:15;1;3;0;1;0;0;0;1;1;1;0;0;1;2;2;
Maurice Harkless;F;27:26;6;10;2;4;6;8;3;5;8;0;4;0;6;1;20;
Maurice Harkless;F;36:31;3;8;2;2;2;4;2;3;5;1;2;1;0;2;10;
Maurice Harkless;F;23:24;2;3;0;1;2;4;0;0;0;0;1;0;1;1;6;
Maurice Harkless;F;31:16;1;4;0;1;2;3;2;3;5;2;0;1;0;1;4;
Maurice Harkless;F;27:48;3;5;0;1;0;0;1;4;5;0;2;0;1;2;6;
Maurice Harkless;F;26:38;4;10;2;3;2;4;5;0;5;1;1;0;3;2;12;
Maurice Harkless;F;37:43;5;11;0;2;0;4;3;6;9;1;1;3;2;2;10;
Maurice Harkless;F;34:46;4;10;0;3;4;6;0;6;6;3;0;0;0;1;12;
Maurice Harkless;F;30:36;2;7;0;2;1;2;1;1;2;3;4;0;2;3;5;
Maurice Harkless;F;33:29;2;8;1;3;0;2;2;4;6;0;1;1;2;5;5;
Maurice Harkless;F;14:50;2;4;1;2;0;0;0;2;2;0;0;2;1;3;5;
Maurice Harkless;;10:40;1;3;0;1;1;2;0;2;2;1;0;0;1;2;3;
Maurice Harkless;;15:39;2;3;0;0;1;2;0;3;3;1;0;1;0;2;5;
Maurice Harkless;;15:36;4;7;3;4;0;0;0;0;0;1;2;0;0;1;11;
Maurice Harkless;;28:35;7;13;1;4;1;2;0;4;4;1;2;2;2;4;16;
Maurice Harkless;;8:23;0;0;0;0;0;0;0;0;0;0;0;1;1;3;0;
Maurice Harkless;;19:54;3;6;0;1;0;0;1;1;2;1;0;0;0;5;6;
Maurice Harkless;;26:31;2;7;0;2;2;4;2;4;6;1;2;2;0;4;6;
Maurice Harkless;;6:42;0;2;0;0;0;0;0;0;0;0;1;1;1;0;0;
Maurice Harkless;;9:42;0;0;0;0;0;0;0;0;0;0;0;0;0;1;0;
Maurice Harkless;;22:56;3;5;1;2;0;0;1;2;3;0;1;0;0;2;7;
Maurice Harkless;;14:36;1;3;0;0;0;1;1;2;3;0;0;2;2;1;2;
Maurice Harkless;;12:50;0;3;0;1;2;2;0;1;1;0;1;1;0;0;2;
Maurice Harkless;;15:13;2;3;0;0;1;2;1;2;3;1;2;1;1;3;5;
Maurice Harkless;;7:46;1;3;0;1;0;0;0;1;1;0;0;1;0;0;2;
Maurice Harkless;;20:34;1;6;0;1;0;0;0;3;3;4;1;0;1;1;2;
Maurice Harkless;;12:43;5;6;1;2;0;0;0;2;2;2;1;0;0;1;11;
Maurice Harkless;;21:54;2;4;0;1;1;1;1;3;4;0;1;1;1;1;5;
