Metta World Peace;;7:34;1;4;1;2;0;0;0;1;1;0;0;0;0;0;3;
Metta World Peace;;18:55;2;4;1;2;0;2;3;3;6;1;0;0;1;2;5;
Metta World Peace;;0:50;0;0;0;0;0;0;0;0;0;0;0;0;0;1;0;
Metta World Peace;;5:55;1;2;1;2;0;0;0;2;2;1;1;0;3;0;3;
Metta World Peace;;1:24;1;1;0;0;0;0;0;0;0;0;0;0;0;0;2;
Metta World Peace;;7:02;0;2;0;1;0;0;0;1;1;0;0;1;1;1;0;
Metta World Peace;;17:57;2;4;0;0;0;0;0;4;4;0;1;0;1;0;4;
Metta World Peace;;22:47;3;11;2;4;0;0;1;1;2;1;2;1;0;2;8;
Metta World Peace;;20:33;7;13;2;5;1;2;0;4;4;0;1;1;0;3;17;
Metta World Peace;;32:29;7;13;2;7;2;2;1;5;6;1;3;0;3;5;18;
Metta World Peace;;28:37;4;9;1;2;0;1;2;1;3;2;2;1;2;2;9;
Metta World Peace;;31:46;5;11;1;3;2;2;2;3;5;3;1;0;2;5;13;
Metta World Peace;;21:21;2;5;0;2;0;0;0;1;1;0;1;0;0;0;4;
Metta World Peace;;17:13;1;7;0;3;0;0;1;2;3;0;0;1;0;1;2;
Metta World Peace;;16:10;1;5;0;2;0;0;0;0;0;1;0;0;0;3;2;
Metta World Peace;;10:01;2;7;1;2;0;0;2;1;3;0;0;1;1;3;5;
Metta World Peace;;8:39;1;4;0;0;0;0;0;1;1;1;0;0;0;1;2;
Metta World Peace;;9:49;0;6;0;4;0;0;0;1;1;0;1;1;1;2;0;
Metta World Peace;;4:27;0;2;0;1;0;0;0;0;0;1;0;1;0;0;0;
Metta World Peace;;0:35;0;0;0;0;0;0;0;0;0;0;0;0;0;0;0;
Metta World Peace;;8:50;1;1;1;1;0;0;0;1;1;0;1;0;0;1;3;
Metta World Peace;;24:46;4;7;2;3;2;2;0;2;2;2;1;0;0;4;12;
Metta World Peace;;20:16;5;10;2;4;0;0;1;2;3;2;3;0;2;3;12;
Metta World Peace;F;19:59;1;3;0;2;0;0;1;1;2;0;0;0;2;3;2;
Metta World Peace;;0:11;0;0;0;0;0;0;0;0;0;0;0;0;0;0;0;
Metta World Peace;;8:55;2;5;0;1;1;1;1;0;1;0;1;0;0;0;5;
Metta World Peace;;3:13;0;0;0;0;0;0;1;0;1;0;1;0;0;1;0;
Metta World Peace;;10:43;3;4;0;0;2;4;1;0;1;1;4;0;0;0;8;
Metta World Peace;;5:23;0;1;0;1;0;0;1;2;3;0;0;0;0;1;0;
