╔═══════════════╤═══════════════╗
║Name		│Meyers Leonard	║
╟───────────────┼───────────────╢
║Number		│11		║
╟───────────────┼───────────────╢
║Position	│C		║
╟───────────────┼───────────────╢
║Height		│7-1		║
╟───────────────┼───────────────╢
║Weight		│245		║
╟───────────────┼───────────────╢
║Birth		│FEB 27, 1992	║
╟───────────────┼───────────────╢
║Age		│22		║
╟───────────────┼───────────────╢
║Exp		│1		║
╟───────────────┼───────────────╢
║School		│Illinois	║
╚═══════════════╧═══════════════╝
Meyers Leonard;;19:36;4;7;0;2;0;0;2;8;10;2;0;0;1;2;8;
Meyers Leonard;;11:08;1;2;0;0;0;0;1;5;6;0;1;0;0;2;2;
Meyers Leonard;;7:37;0;1;0;0;2;2;0;4;4;0;0;0;1;4;2;
Meyers Leonard;;6:51;0;2;0;0;0;0;0;0;0;0;0;0;0;1;0;
Meyers Leonard;;8:25;0;3;0;0;0;0;1;1;2;2;0;0;0;3;0;
Meyers Leonard;;6:44;2;2;0;0;0;0;0;0;0;0;1;0;1;1;4;
Meyers Leonard;;9:06;0;1;0;0;1;1;1;1;2;1;1;0;0;2;1;
Meyers Leonard;;8:54;1;2;0;0;0;0;0;1;1;0;0;0;1;3;2;
Meyers Leonard;;13:34;2;5;0;1;0;0;2;1;3;0;1;0;1;3;4;
Meyers Leonard;;13:33;4;5;0;0;0;0;2;2;4;0;0;1;0;2;8;
Meyers Leonard;;16:24;3;6;0;0;2;3;0;5;5;1;0;0;0;4;8;
Meyers Leonard;;13:48;0;0;0;0;1;2;1;3;4;0;0;0;0;3;1;
Meyers Leonard;;17:25;2;3;0;0;0;0;1;6;7;4;1;0;2;2;4;
Meyers Leonard;;5:59;1;2;0;0;0;0;0;1;1;0;0;0;0;2;2;
Meyers Leonard;;8:03;1;1;0;0;0;0;1;2;3;0;0;0;0;2;2;
Meyers Leonard;;14:10;4;6;0;0;0;0;2;3;5;0;0;0;0;2;8;
Meyers Leonard;;7:50;0;3;0;0;2;2;0;2;2;0;0;0;0;3;2;
Meyers Leonard;;7:27;0;0;0;0;0;0;0;0;0;2;0;0;2;2;0;
Meyers Leonard;;15:32;1;3;0;0;0;0;0;4;4;1;0;0;1;3;2;
Meyers Leonard;;2:05;0;0;0;0;1;2;0;0;0;0;0;0;0;2;1;
Meyers Leonard;;13:12;0;4;0;1;0;2;0;3;3;0;0;2;1;1;0;
Meyers Leonard;;14:54;0;2;0;0;0;0;0;5;5;2;1;0;0;4;0;
Meyers Leonard;;1:07;1;1;0;0;0;0;0;0;0;0;0;0;0;0;2;
Meyers Leonard;;1:59;0;1;0;0;0;0;0;0;0;0;0;0;0;0;0;
Meyers Leonard;;1:32;0;0;0;0;0;0;0;0;0;0;0;0;0;1;0;
Meyers Leonard;;1:05;0;0;0;0;0;0;0;0;0;0;0;0;0;0;0;
Meyers Leonard;;3:57;1;1;0;0;0;0;1;1;2;0;0;0;0;2;2;
Meyers Leonard;;1:01;0;0;0;0;0;0;0;0;0;0;0;0;0;0;0;
Meyers Leonard;;16:06;3;8;0;0;1;1;3;5;8;1;0;0;1;3;7;
Meyers Leonard;;1:22;0;0;0;0;0;0;0;2;2;0;0;0;0;0;0;
Meyers Leonard;;14:11;2;3;0;0;2;2;1;1;2;0;0;0;0;3;6;
Meyers Leonard;;5:13;1;1;0;0;2;2;0;1;1;1;0;0;0;2;4;
Meyers Leonard;;12:00;0;3;0;0;2;2;5;1;6;0;1;1;1;3;2;
Meyers Leonard;;4:41;1;1;0;0;0;0;1;0;1;0;0;0;0;2;2;
Meyers Leonard;;5:21;0;0;0;0;0;0;0;0;0;0;0;0;0;1;0;
Meyers Leonard;;10:16;1;1;0;0;0;0;0;4;4;0;0;1;0;2;2;
Meyers Leonard;;12:41;1;3;0;1;0;0;0;7;7;1;0;0;0;2;2;
Meyers Leonard;;11:08;3;5;0;1;0;0;1;4;5;0;0;0;1;1;6;
Meyers Leonard;;4:42;0;1;0;0;0;0;0;0;0;0;0;0;1;1;0;
Meyers Leonard;;4:35;1;2;0;0;0;0;0;2;2;0;0;0;0;0;2;
