╔═══════════════╤═══════════════╗
║Name		│Michael Beasley║
╟───────────────┼───────────────╢
║Number		│8		║
╟───────────────┼───────────────╢
║Position	│F		║
╟───────────────┼───────────────╢
║Height		│6-10		║
╟───────────────┼───────────────╢
║Weight		│235		║
╟───────────────┼───────────────╢
║Birth		│JAN 09, 1989	║
╟───────────────┼───────────────╢
║Age		│25		║
╟───────────────┼───────────────╢
║Exp		│5		║
╟───────────────┼───────────────╢
║School		│Kansas State	║
╚═══════════════╧═══════════════╝
Michael Beasley;;13:09;2;4;0;0;1;1;1;4;5;0;1;1;4;4;5;
Michael Beasley;;18:18;4;7;0;0;5;7;3;2;5;2;1;0;1;0;13;
Michael Beasley;;20:20;7;12;0;0;3;5;3;1;4;2;1;0;2;2;17;
Michael Beasley;;13:09;0;3;0;1;1;2;0;3;3;0;1;1;2;6;1;
Michael Beasley;;9:00;2;6;0;2;1;1;0;0;0;0;0;0;0;1;5;
Michael Beasley;;17:40;1;6;0;0;1;2;0;3;3;1;0;0;2;2;3;
Michael Beasley;;6:54;3;6;0;0;0;0;1;0;1;0;0;0;0;2;6;
Michael Beasley;;2:28;0;1;0;0;0;0;0;0;0;0;1;0;1;0;0;
Michael Beasley;;6:27;1;1;1;1;2;4;0;2;2;1;0;0;0;1;5;
Michael Beasley;;3:16;0;1;0;0;0;0;0;0;0;0;0;0;0;0;0;
Michael Beasley;;12:53;4;6;1;1;0;0;0;2;2;0;1;0;0;4;9;
Michael Beasley;;20:16;3;6;0;1;1;2;0;7;7;4;0;0;3;4;7;
Michael Beasley;;19:36;5;8;0;0;2;2;0;4;4;2;1;0;1;3;12;
Michael Beasley;;7:29;2;5;0;1;2;2;0;2;2;0;0;0;1;1;6;
Michael Beasley;;0:50;0;1;0;1;0;0;0;0;0;0;0;0;0;0;0;
Michael Beasley;;3:28;1;2;0;0;0;0;1;1;2;0;0;1;0;1;2;
Michael Beasley;;24:11;7;11;0;1;2;2;0;2;2;0;2;0;1;4;16;
Michael Beasley;;6:33;1;2;0;0;0;0;0;0;0;0;0;1;1;1;2;
Michael Beasley;;20:24;2;4;1;1;0;0;0;5;5;2;0;1;0;5;5;
Michael Beasley;;10:22;1;4;1;1;1;2;0;4;4;0;0;0;1;1;4;
Michael Beasley;;21:49;4;8;0;1;0;0;2;2;4;1;0;3;3;2;8;
Michael Beasley;;17:43;1;2;0;1;2;2;0;2;2;2;1;0;0;1;4;
Michael Beasley;;28:00;9;13;4;7;2;2;0;4;4;2;0;0;0;4;24;
Michael Beasley;;20:59;5;10;1;1;0;0;1;5;6;0;1;1;1;1;11;
Michael Beasley;;15:07;1;5;0;2;0;0;0;1;1;1;1;0;1;0;2;
Michael Beasley;;14:52;2;6;0;0;0;0;0;1;1;1;1;1;0;1;4;
Michael Beasley;;5:46;1;6;0;2;0;0;1;0;1;0;0;0;0;1;2;
Michael Beasley;;7:17;2;4;0;1;0;0;0;1;1;1;0;0;0;0;4;
Michael Beasley;F;28:09;5;11;0;0;2;3;1;3;4;4;1;0;4;1;12;
Michael Beasley;;18:02;8;12;0;0;0;0;0;3;3;0;0;0;1;0;16;
Michael Beasley;;14:55;1;5;0;0;0;0;0;5;5;0;0;1;0;1;2;
Michael Beasley;;4:44;1;2;0;0;0;0;1;1;2;0;0;0;2;0;2;
Michael Beasley;;3:09;0;1;0;1;0;0;0;1;1;0;0;0;0;1;0;
Michael Beasley;;5:31;1;5;0;1;0;0;0;0;0;1;1;0;0;0;2;
Michael Beasley;;0:33;0;0;0;0;0;0;0;0;0;0;0;0;0;0;0;
Michael Beasley;;26:54;7;12;0;1;4;4;1;4;5;3;1;1;2;1;18;
Michael Beasley;;14:35;3;4;0;1;2;2;0;1;1;1;0;2;1;1;8;
Michael Beasley;;3:59;2;4;2;3;0;0;0;0;0;0;0;1;1;1;6;
Michael Beasley;;8:17;5;7;0;0;0;0;0;0;0;0;0;0;1;1;10;
Michael Beasley;;19:39;8;12;2;3;1;4;0;1;1;3;0;0;0;2;19;
Michael Beasley;;15:50;3;5;0;0;0;0;0;1;1;0;2;1;2;1;6;
Michael Beasley;;23:19;7;14;1;4;0;0;1;2;3;1;1;0;1;3;15;
Michael Beasley;;17:18;3;5;0;0;0;0;0;5;5;0;0;1;1;0;6;
Michael Beasley;;20:37;4;10;0;0;6;6;1;6;7;0;0;1;2;4;14;
Michael Beasley;;7:43;4;4;0;0;1;2;0;3;3;0;0;0;1;1;9;
Michael Beasley;;22:40;3;8;0;2;2;2;1;5;6;0;0;0;0;2;8;
Michael Beasley;;25:35;5;10;0;1;7;7;1;8;9;2;0;1;1;1;17;
Michael Beasley;;13:35;3;3;1;1;0;0;0;3;3;0;0;0;2;2;7;
Michael Beasley;;14:43;2;8;0;0;0;0;3;4;7;0;1;0;0;1;4;
Michael Beasley;;30:54;9;16;3;3;2;3;2;2;4;1;1;0;1;1;23;
Michael Beasley;;22:40;7;13;0;1;1;2;3;4;7;2;1;2;3;5;15;
Michael Beasley;;20:02;3;8;1;1;3;4;1;6;7;1;0;0;0;4;10;
Michael Beasley;;33:04;3;9;0;2;3;3;0;6;6;1;1;0;3;5;9;
Michael Beasley;F;26:15;5;10;1;2;1;1;0;6;6;0;0;0;3;1;12;
Michael Beasley;;18:31;4;6;1;1;0;0;1;3;4;0;0;0;0;1;9;
