Michael Harris;;21:53;5;8;0;0;3;3;1;3;4;0;2;0;1;6;13;
Michael Harris;;12:28;0;2;0;0;0;0;1;1;2;0;0;0;0;2;0;
Michael Harris;;19:58;1;5;0;1;2;2;1;3;4;1;2;1;2;3;4;
Michael Harris;;15:45;1;3;0;0;7;8;1;1;2;0;1;1;0;2;9;
Michael Harris;;18:17;1;3;0;0;0;0;1;1;2;0;1;0;3;3;2;
Michael Harris;;8:39;1;3;0;0;2;2;1;1;2;1;1;1;0;2;4;
Michael Harris;;11:26;3;4;0;1;0;0;1;1;2;2;0;0;1;1;6;
Michael Harris;;6:09;0;1;0;0;2;2;0;0;0;0;1;0;0;0;2;
Michael Harris;;3:14;0;0;0;0;0;0;1;0;1;0;0;0;0;0;0;
Michael Harris;;9:48;0;1;0;0;2;2;0;2;2;0;1;1;0;1;2;
Michael Harris;;16:07;1;5;0;0;4;4;2;1;3;0;1;0;1;2;6;
Michael Harris;;10:33;1;2;0;0;0;0;0;0;0;0;0;0;0;2;2;
Michael Harris;;8:11;1;2;0;0;0;0;0;0;0;0;2;0;0;0;2;
Michael Harris;;7:33;1;1;0;0;0;0;0;0;0;0;0;1;1;1;2;
Michael Harris;;15:59;4;6;0;0;2;2;2;2;4;0;3;0;1;2;10;
Michael Harris;;17:38;3;4;0;0;0;0;0;0;0;1;1;1;0;6;6;
Michael Harris;;10:21;1;4;0;0;0;0;1;1;2;0;0;1;1;1;2;
Michael Harris;;1:02;0;0;0;0;0;0;1;1;2;0;0;0;0;0;0;
Michael Harris;;2:22;2;4;0;0;0;0;0;0;0;0;0;0;0;0;4;
Michael Harris;;7:24;3;3;0;0;2;2;1;0;1;0;0;0;0;2;8;
