╔═══════════════╤═══════════════╗
║Name		│Mike Scott	║
╟───────────────┼───────────────╢
║Number		│32		║
╟───────────────┼───────────────╢
║Position	│F		║
╟───────────────┼───────────────╢
║Height		│6-8		║
╟───────────────┼───────────────╢
║Weight		│237		║
╟───────────────┼───────────────╢
║Birth		│JUL 16, 1988	║
╟───────────────┼───────────────╢
║Age		│25		║
╟───────────────┼───────────────╢
║Exp		│1		║
╟───────────────┼───────────────╢
║School		│Virginia	║
╚═══════════════╧═══════════════╝
Mike Scott;;18:29;4;7;1;3;3;4;1;2;3;1;1;0;2;2;12;
Mike Scott;;25:10;4;10;2;4;2;3;4;1;5;2;1;0;1;3;12;
Mike Scott;;13:09;4;7;0;1;1;1;1;3;4;0;0;0;0;2;9;
Mike Scott;;16:38;5;9;1;2;4;4;1;3;4;1;0;0;0;0;15;
Mike Scott;;18:27;7;10;0;1;0;0;0;2;2;3;2;0;0;0;14;
Mike Scott;;28:15;6;13;3;8;0;0;0;4;4;1;1;0;1;1;15;
Mike Scott;;28:12;6;9;1;3;4;4;2;2;4;4;0;0;0;1;17;
Mike Scott;;20:41;4;9;1;3;3;3;1;3;4;1;2;0;1;2;12;
Mike Scott;;18:06;5;9;0;1;0;0;1;3;4;0;0;1;1;0;10;
Mike Scott;;22:10;2;7;0;2;6;9;1;1;2;0;0;0;2;1;10;
Mike Scott;;26:43;4;10;2;5;4;4;0;4;4;0;0;0;2;1;14;
Mike Scott;;20:24;6;9;2;3;2;2;3;3;6;1;0;0;1;1;16;
Mike Scott;;23:39;8;14;0;0;2;2;3;6;9;4;0;0;1;2;18;
Mike Scott;;21:13;5;9;1;2;3;4;3;3;6;3;0;0;1;2;14;
Mike Scott;;24:26;4;8;2;5;5;5;0;5;5;2;0;0;2;1;15;
Mike Scott;;24:45;5;12;4;7;2;2;0;5;5;1;0;0;1;0;16;
Mike Scott;;15:47;0;5;0;2;0;0;0;1;1;1;0;0;1;3;0;
Mike Scott;;17:33;3;7;2;4;0;0;0;0;0;2;1;0;0;1;8;
Mike Scott;;19:37;3;9;0;1;0;0;2;3;5;2;0;0;2;2;6;
Mike Scott;;24:58;5;9;1;3;2;2;1;6;7;1;0;0;0;1;13;
Mike Scott;;19:38;2;5;0;0;0;0;0;5;5;0;0;0;1;0;4;
Mike Scott;;30:26;9;16;2;4;0;0;0;5;5;0;0;1;1;5;20;
Mike Scott;;29:41;11;14;6;7;2;2;1;7;8;0;0;0;2;2;30;
Mike Scott;;32:34;5;12;2;5;0;0;2;5;7;3;1;0;4;3;12;
Mike Scott;;17:11;0;6;0;2;0;0;0;1;1;1;0;0;1;3;0;
Mike Scott;F;39:39;8;18;3;9;1;3;0;5;5;2;3;0;0;3;20;
Mike Scott;F;29:19;2;6;0;1;0;0;1;2;3;2;0;0;3;3;4;
Mike Scott;;23:52;6;14;1;7;1;1;0;3;3;1;1;0;2;3;14;
Mike Scott;;14:48;4;6;1;2;1;2;1;0;1;0;1;0;1;2;10;
Mike Scott;;15:35;3;5;0;2;1;1;0;3;3;0;0;0;0;2;7;
Mike Scott;;17:40;0;5;0;4;2;2;0;4;4;1;0;0;2;2;2;
Mike Scott;;11:02;1;3;0;0;0;2;0;2;2;1;1;0;0;0;2;
Mike Scott;;13:47;5;10;0;2;0;1;1;2;3;1;0;0;2;2;10;
Mike Scott;;15:39;2;6;0;1;2;2;1;3;4;0;1;0;1;1;6;
Mike Scott;;15:22;4;8;0;2;2;3;0;1;1;0;0;0;1;2;10;
Mike Scott;;17:36;4;9;0;0;0;0;1;4;5;1;1;0;1;2;8;
Mike Scott;;21:06;4;10;0;3;1;2;0;1;1;1;0;0;3;0;9;
Mike Scott;F;30:59;6;11;2;3;1;2;2;5;7;0;0;0;3;1;15;
Mike Scott;;12:55;0;3;0;2;0;0;1;2;3;1;0;0;2;2;0;
Mike Scott;;14:41;2;5;0;2;4;4;0;2;2;0;0;0;1;1;8;
Mike Scott;;14:15;2;6;0;2;2;3;0;4;4;0;1;0;1;1;6;
Mike Scott;;10:41;1;3;0;1;0;0;1;2;3;0;0;1;0;1;2;
Mike Scott;;20:16;12;13;1;1;1;1;0;2;2;0;0;0;1;1;26;
Mike Scott;;13:26;3;6;1;3;0;0;0;1;1;1;0;0;1;4;7;
Mike Scott;;11:28;2;5;0;1;0;0;0;3;3;1;1;0;1;2;4;
Mike Scott;;20:10;6;9;1;3;0;1;0;1;1;1;0;1;0;2;13;
Mike Scott;;10:42;4;7;0;1;0;0;1;1;2;0;0;0;1;0;8;
Mike Scott;;32:36;6;14;0;3;0;0;1;6;7;2;2;0;1;3;12;
Mike Scott;F;34:36;8;23;1;6;3;4;1;5;6;0;0;0;1;2;20;
Mike Scott;F;32:06;8;13;1;3;0;0;2;2;4;4;1;0;2;2;17;
Mike Scott;;7:22;0;1;0;0;0;0;0;1;1;0;0;0;2;4;0;
Mike Scott;;10:57;2;4;0;1;0;0;1;1;2;1;0;0;0;0;4;
Mike Scott;;21:36;5;13;0;1;3;4;1;4;5;1;1;0;1;1;13;
Mike Scott;;6:11;1;2;0;1;0;0;1;3;4;0;0;0;0;2;2;
Mike Scott;;13:57;7;11;1;2;2;2;0;2;2;1;0;0;2;2;17;
Mike Scott;;19:28;3;8;0;3;2;2;1;2;3;2;1;0;0;3;8;
Mike Scott;;16:33;3;6;0;1;2;2;3;2;5;1;0;0;0;2;8;
Mike Scott;;4:17;1;1;0;0;0;0;1;0;1;0;0;0;0;0;2;
Mike Scott;;16:47;4;10;1;3;2;2;0;1;1;1;0;0;0;3;11;
Mike Scott;;27:54;6;10;1;2;2;2;3;7;10;1;1;0;2;1;15;
Mike Scott;;18:36;4;9;0;1;3;5;1;3;4;0;0;0;4;3;11;
Mike Scott;;13:36;3;6;2;3;1;2;0;4;4;0;0;0;0;0;9;
Mike Scott;;15:26;4;6;2;3;0;0;2;2;4;0;1;0;1;3;10;
Mike Scott;;14:30;1;6;1;2;1;2;0;3;3;0;0;1;0;1;4;
Mike Scott;;22:17;3;8;0;2;3;4;1;3;4;1;0;0;1;1;9;
Mike Scott;;5:28;1;2;0;1;0;2;0;0;0;0;1;0;0;1;2;
Mike Scott;;11:31;2;7;0;2;2;2;0;4;4;0;0;0;0;1;6;
Mike Scott;;9:50;0;1;0;1;0;0;0;2;2;1;0;0;1;1;0;
Mike Scott;;7:54;1;4;0;0;0;0;0;0;0;0;0;0;1;2;2;
Mike Scott;;2:51;0;0;0;0;0;0;0;0;0;0;0;0;0;0;0;
Mike Scott;;10:45;2;6;0;2;0;0;1;1;2;0;1;0;1;0;4;
Mike Scott;;13:11;1;1;0;0;2;2;1;3;4;3;0;0;1;1;4;
Mike Scott;;12:52;5;6;1;2;3;3;0;1;1;1;0;0;2;2;14;
Mike Scott;;19:11;4;5;2;2;0;0;1;1;2;3;0;1;0;1;10;
Mike Scott;;21:10;3;5;1;3;4;4;1;5;6;3;0;0;0;0;11;
Mike Scott;;10:58;3;6;1;4;1;1;0;2;2;0;0;0;0;0;8;
Mike Scott;;7:57;0;2;0;2;0;0;1;0;1;0;1;0;0;2;0;
Mike Scott;;21:12;6;11;3;7;3;4;0;6;6;0;0;0;0;0;18;
Mike Scott;;17:29;2;6;1;4;0;2;1;3;4;0;1;0;1;0;5;
Mike Scott;F;27:58;4;12;0;3;0;0;0;7;7;1;0;1;0;1;8;
