╔═══════════════╤═══════════════╗
║Name		│Mike Dunleavy	║
╟───────────────┼───────────────╢
║Number		│34		║
╟───────────────┼───────────────╢
║Position	│F		║
╟───────────────┼───────────────╢
║Height		│6-9		║
╟───────────────┼───────────────╢
║Weight		│230		║
╟───────────────┼───────────────╢
║Birth		│SEP 15, 1980	║
╟───────────────┼───────────────╢
║Age		│33		║
╟───────────────┼───────────────╢
║Exp		│11		║
╟───────────────┼───────────────╢
║School		│Duke		║
╚═══════════════╧═══════════════╝
Mike Dunleavy;;22:32;4;7;2;2;1;2;1;3;4;2;2;2;0;0;11;
Mike Dunleavy;;28:00;9;14;2;3;0;0;1;2;3;0;1;1;1;0;20;
Mike Dunleavy;F;28:29;4;9;0;1;0;0;1;6;7;1;0;1;2;1;8;
Mike Dunleavy;F;34:42;6;10;3;3;3;5;1;3;4;1;0;0;1;2;18;
Mike Dunleavy;F;35:22;8;17;1;3;0;0;1;5;6;2;1;0;1;3;17;
Mike Dunleavy;F;28:50;3;9;3;5;1;2;0;1;1;0;0;2;2;1;10;
Mike Dunleavy;F;28:42;3;10;3;6;2;2;1;5;6;6;1;1;2;2;11;
Mike Dunleavy;F;31:44;3;9;1;3;0;0;0;2;2;1;1;0;4;2;7;
Mike Dunleavy;F;18:23;3;8;1;3;0;0;0;1;1;0;1;0;1;0;7;
Mike Dunleavy;F;29:38;6;12;0;3;0;0;0;3;3;4;3;1;1;2;12;
Mike Dunleavy;F;38:43;9;14;4;5;0;0;0;2;2;4;1;0;1;3;22;
Mike Dunleavy;F;30:05;6;14;2;6;3;3;2;1;3;2;1;0;1;1;17;
Mike Dunleavy;F;28:41;4;11;2;4;2;2;1;7;8;3;1;1;1;1;12;
Mike Dunleavy;F;31:21;4;11;2;6;0;0;1;1;2;1;1;1;0;1;10;
Mike Dunleavy;F;36:00;3;11;0;4;4;6;2;4;6;3;1;1;0;2;10;
Mike Dunleavy;F;31:35;1;6;1;4;3;4;0;3;3;4;1;2;2;1;6;
Mike Dunleavy;F;23:00;2;5;1;3;4;5;0;0;0;1;0;0;0;3;9;
Mike Dunleavy;F;38:28;3;9;1;5;4;6;0;2;2;1;0;2;5;5;11;
Mike Dunleavy;F;35:41;1;6;0;3;5;5;2;5;7;1;1;0;3;2;7;
Mike Dunleavy;F;30:20;4;7;1;3;0;0;0;5;5;1;2;0;0;1;9;
Mike Dunleavy;F;36:31;7;14;1;5;0;0;1;5;6;2;1;1;3;1;15;
Mike Dunleavy;F;31:37;4;11;3;7;3;3;2;3;5;1;3;1;2;4;14;
Mike Dunleavy;F;37:56;1;6;0;2;0;0;1;10;11;3;1;1;4;3;2;
Mike Dunleavy;F;35:39;3;7;1;3;3;4;0;5;5;6;0;3;0;2;10;
Mike Dunleavy;F;35:46;5;12;2;7;1;2;2;2;4;0;1;0;3;0;13;
Mike Dunleavy;F;47:51;6;15;4;9;6;6;4;4;8;4;0;0;2;4;22;
Mike Dunleavy;F;36:15;5;11;3;6;2;2;0;4;4;3;1;2;2;4;15;
Mike Dunleavy;F;41:33;5;10;4;7;2;2;1;7;8;4;2;0;1;2;16;
Mike Dunleavy;F;30:59;4;9;1;3;1;1;0;7;7;3;1;0;0;1;10;
Mike Dunleavy;F;32:56;3;9;2;3;0;0;2;5;7;4;0;0;2;2;8;
Mike Dunleavy;F;42:52;3;8;1;6;0;0;0;4;4;2;0;2;2;4;7;
Mike Dunleavy;F;27:54;2;10;0;3;1;1;1;5;6;1;0;0;1;3;5;
Mike Dunleavy;F;24:53;4;8;0;3;0;0;0;3;3;2;2;0;1;2;8;
Mike Dunleavy;F;21:20;3;8;0;2;1;1;0;3;3;3;0;0;0;1;7;
Mike Dunleavy;F;36:58;8;15;4;6;1;1;3;4;7;2;1;0;1;1;21;
Mike Dunleavy;F;40:59;4;11;3;6;5;5;0;6;6;2;0;0;3;3;16;
Mike Dunleavy;F;30:15;4;10;2;5;1;2;1;1;2;2;1;0;0;1;11;
Mike Dunleavy;F;31:12;5;12;1;4;4;4;0;4;4;4;0;0;1;3;15;
Mike Dunleavy;F;37:56;3;9;0;1;3;3;0;3;3;2;1;5;3;4;9;
Mike Dunleavy;F;33:51;2;8;0;3;2;2;1;2;3;3;2;0;1;2;6;
Mike Dunleavy;F;38:15;6;12;1;2;0;0;0;8;8;4;1;1;0;3;13;
Mike Dunleavy;F;32:24;1;9;0;3;0;0;0;1;1;2;0;0;1;2;2;
Mike Dunleavy;F;33:19;3;11;0;2;5;5;0;2;2;2;1;2;1;2;11;
Mike Dunleavy;F;38:49;7;12;3;6;5;5;0;3;3;3;0;0;3;2;22;
Mike Dunleavy;F;30:35;2;3;2;2;2;2;0;2;2;3;2;0;1;3;8;
Mike Dunleavy;F;31:36;5;8;2;4;0;0;1;3;4;2;1;2;1;2;12;
Mike Dunleavy;F;32:17;3;8;0;3;2;2;0;7;7;2;1;0;3;3;8;
Mike Dunleavy;F;38:29;4;7;2;4;5;5;1;4;5;3;0;1;0;2;15;
Mike Dunleavy;F;37:20;5;11;3;5;1;1;0;6;6;1;2;0;1;1;14;
Mike Dunleavy;F;32:43;4;9;1;4;4;4;0;3;3;0;1;0;0;1;13;
Mike Dunleavy;F;39:22;8;11;3;4;3;4;0;0;0;5;0;0;1;2;22;
Mike Dunleavy;F;42:01;4;12;2;6;2;4;1;6;7;3;0;2;0;4;12;
Mike Dunleavy;;22:56;3;9;2;4;2;2;0;3;3;1;0;0;1;1;10;
Mike Dunleavy;;14:44;0;2;0;2;0;0;0;2;2;1;0;0;0;2;0;
Mike Dunleavy;;16:24;3;7;1;3;0;0;0;4;4;2;0;0;0;2;7;
Mike Dunleavy;;20:32;2;6;1;2;1;1;0;3;3;0;0;0;0;0;6;
Mike Dunleavy;;21:58;4;7;1;1;0;0;0;2;2;1;0;0;0;3;9;
Mike Dunleavy;;23:53;4;6;2;3;5;5;0;4;4;2;1;0;1;1;15;
Mike Dunleavy;;28:24;1;6;1;2;2;2;0;2;2;2;0;0;0;1;5;
Mike Dunleavy;;23:22;4;5;2;2;0;0;0;4;4;2;0;0;1;2;10;
Mike Dunleavy;;26:37;2;6;2;3;2;2;0;5;5;0;0;1;2;2;8;
Mike Dunleavy;G;31:13;6;11;2;5;1;1;0;5;5;2;1;1;0;1;15;
Mike Dunleavy;G;31:33;3;6;2;4;3;3;1;2;3;1;1;0;0;2;11;
Mike Dunleavy;G;29:30;6;9;2;4;0;0;0;2;2;3;0;0;2;2;14;
Mike Dunleavy;;35:35;1;8;0;3;1;2;1;1;2;3;1;0;2;3;3;
Mike Dunleavy;;18:15;1;4;0;2;0;0;0;7;7;0;0;0;3;1;2;
Mike Dunleavy;;21:59;1;6;0;3;0;0;0;1;1;3;1;0;1;2;2;
Mike Dunleavy;;38:09;6;10;5;7;3;5;0;5;5;3;1;0;1;2;20;
Mike Dunleavy;;26:00;1;4;1;3;0;0;1;3;4;2;1;0;2;2;3;
Mike Dunleavy;;33:44;7;15;2;8;0;0;0;6;6;4;1;0;1;2;16;
Mike Dunleavy;F;43:53;9;15;2;4;4;6;1;4;5;3;0;2;1;4;24;
Mike Dunleavy;F;45:14;7;24;3;11;3;3;2;6;8;3;3;1;3;5;20;
Mike Dunleavy;F;38:17;4;8;1;3;3;3;1;4;5;4;1;0;2;2;12;
Mike Dunleavy;;23:24;5;12;1;6;3;3;0;3;3;1;0;1;0;1;14;
Mike Dunleavy;;26:37;5;9;2;5;2;2;0;7;7;0;0;1;1;2;14;
Mike Dunleavy;;19:33;4;8;1;3;0;1;0;3;3;1;1;0;2;1;9;
Mike Dunleavy;F;35:46;4;12;3;7;0;0;0;2;2;6;0;0;1;2;11;
Mike Dunleavy;F;40:55;5;7;0;0;1;3;0;2;2;3;0;1;3;3;11;
Mike Dunleavy;F;32:36;5;10;1;4;2;2;1;6;7;2;1;0;2;1;13;
Mike Dunleavy;F;18:10;3;9;0;2;0;0;1;2;3;4;1;0;0;3;6;
Mike Dunleavy;F;26:22;2;5;0;2;3;3;1;3;4;1;2;0;1;0;7;
Mike Dunleavy;;24:52;5;8;1;1;2;2;0;1;1;3;1;0;2;1;13;
