╔═══════════════╤═══════════════╗
║Name		│Mike Conley	║
╟───────────────┼───────────────╢
║Number		│11		║
╟───────────────┼───────────────╢
║Position	│G		║
╟───────────────┼───────────────╢
║Height		│6-1		║
╟───────────────┼───────────────╢
║Weight		│185		║
╟───────────────┼───────────────╢
║Birth		│OCT 11, 1987	║
╟───────────────┼───────────────╢
║Age		│26		║
╟───────────────┼───────────────╢
║Exp		│6		║
╟───────────────┼───────────────╢
║School		│Ohio State	║
╚═══════════════╧═══════════════╝
Mike Conley;G;30:25;4;11;0;1;3;3;0;4;4;6;0;1;6;1;11;
Mike Conley;G;35:40;8;15;3;5;4;5;0;0;0;8;4;0;2;1;23;
Mike Conley;G;32:17;6;14;3;6;0;0;0;2;2;6;0;0;2;2;15;
Mike Conley;G;41:37;12;23;3;5;3;5;1;5;6;5;3;0;4;1;30;
Mike Conley;G;38:59;11;19;3;7;6;6;0;0;0;7;0;0;0;2;31;
Mike Conley;G;38:30;7;15;0;1;7;7;0;4;4;13;4;0;2;2;21;
Mike Conley;G;36:58;7;18;2;7;3;3;0;3;3;7;2;0;1;2;19;
Mike Conley;G;35:05;6;13;2;6;1;2;1;6;7;5;1;1;2;3;15;
Mike Conley;G;37:20;8;13;3;5;6;8;0;2;2;6;1;1;1;3;25;
Mike Conley;G;37:32;4;15;1;5;4;4;1;2;3;2;1;0;2;2;13;
Mike Conley;G;33:17;6;11;2;2;0;0;1;3;4;3;1;0;0;1;14;
Mike Conley;G;30:26;6;13;3;6;2;3;1;2;3;4;1;0;1;1;17;
Mike Conley;G;34:36;8;14;2;4;1;2;0;3;3;7;1;0;2;1;19;
Mike Conley;G;34:25;8;13;2;4;9;9;1;2;3;10;2;0;4;2;27;
Mike Conley;G;29:49;4;14;0;2;4;4;0;3;3;8;3;0;0;0;12;
Mike Conley;G;31:28;6;15;0;2;10;12;1;4;5;3;1;1;4;1;22;
Mike Conley;G;35:02;3;10;1;2;2;2;0;2;2;6;1;0;1;5;9;
Mike Conley;G;32:33;6;16;0;5;4;5;1;4;5;5;1;0;2;1;16;
Mike Conley;G;25:43;3;11;1;3;0;0;0;1;1;3;2;1;3;3;7;
Mike Conley;G;26:13;1;10;1;3;3;3;1;1;2;9;1;0;5;1;6;
Mike Conley;G;37:49;8;14;2;4;4;4;0;1;1;7;2;1;2;1;22;
Mike Conley;G;34:15;7;14;2;4;4;4;0;3;3;7;1;0;4;3;20;
Mike Conley;G;20:42;0;8;0;2;2;2;0;3;3;3;0;0;6;1;2;
Mike Conley;G;30:36;4;15;0;2;4;5;1;4;5;7;2;0;2;0;12;
Mike Conley;G;30:15;7;18;5;7;1;2;0;3;3;4;2;0;2;1;20;
Mike Conley;G;28:54;7;14;2;3;1;1;0;4;4;4;2;0;0;2;17;
Mike Conley;G;33:07;5;12;1;2;5;6;2;1;3;1;1;0;2;3;16;
Mike Conley;G;30:06;4;12;0;1;2;2;2;4;6;6;1;0;2;3;10;
Mike Conley;G;23:00;5;9;2;5;7;8;0;4;4;4;1;0;2;1;19;
Mike Conley;G;33:05;7;15;1;6;3;4;0;4;4;7;3;0;2;3;18;
Mike Conley;G;34:09;4;12;0;3;4;5;2;2;4;6;3;0;3;2;12;
Mike Conley;G;31:42;9;15;1;3;2;4;0;5;5;4;0;0;2;1;21;
Mike Conley;G;29:50;9;12;3;5;2;5;1;4;5;6;2;0;3;1;23;
Mike Conley;G;33:23;7;14;1;2;4;4;1;0;1;6;1;0;2;2;19;
Mike Conley;G;34:46;8;17;2;7;2;3;1;2;3;6;0;0;1;1;20;
Mike Conley;G;37:33;6;19;2;6;2;4;2;3;5;9;3;0;1;0;16;
Mike Conley;G;30:23;9;15;1;2;0;0;2;0;2;2;1;0;2;1;19;
Mike Conley;G;33:17;3;15;1;4;0;0;0;0;0;8;1;0;3;5;7;
Mike Conley;G;35:20;5;14;1;7;10;11;0;5;5;4;2;0;1;4;21;
Mike Conley;G;30:46;8;13;2;3;0;2;1;2;3;7;1;0;1;1;18;
Mike Conley;G;41:21;10;18;3;7;3;4;1;2;3;6;2;0;3;2;26;
Mike Conley;G;23:20;0;3;0;1;2;2;0;4;4;8;1;0;3;0;2;
Mike Conley;G;34:30;9;12;2;3;4;4;0;1;1;8;2;0;1;2;24;
Mike Conley;G;37:35;6;11;1;3;1;4;0;3;3;7;1;0;0;3;14;
Mike Conley;G;41:39;8;16;1;5;5;7;0;4;4;5;2;0;3;4;22;
Mike Conley;G;27:10;7;17;0;3;0;0;0;2;2;8;2;0;3;5;14;
Mike Conley;G;36:03;7;12;1;4;7;7;0;5;5;4;2;0;5;6;22;
Mike Conley;G;38:02;7;16;1;4;9;10;2;2;4;8;3;1;1;2;24;
Mike Conley;G;32:33;5;14;1;3;4;4;0;2;2;8;0;0;2;2;15;
Mike Conley;G;33:41;10;16;0;4;6;6;0;1;1;1;1;0;1;1;26;
Mike Conley;G;25:20;9;11;1;2;1;1;0;3;3;6;3;0;3;4;20;
Mike Conley;G;29:26;4;11;1;3;2;3;0;0;0;2;1;1;1;4;11;
Mike Conley;G;35:15;12;19;4;10;1;3;0;0;0;5;3;0;3;2;29;
Mike Conley;G;34:01;4;15;1;5;2;2;1;1;2;7;1;1;2;1;11;
Mike Conley;G;38:16;8;12;3;5;0;0;1;0;1;9;1;1;2;0;19;
Mike Conley;G;29:19;6;11;2;4;1;2;0;2;2;5;0;0;1;3;15;
Mike Conley;G;38:49;8;19;1;4;2;2;3;3;6;4;1;0;0;2;19;
Mike Conley;G;37:57;12;19;2;3;2;2;0;1;1;2;4;0;2;0;28;
Mike Conley;G;33:42;2;14;1;3;5;6;1;1;2;10;1;0;0;2;10;
Mike Conley;G;32:55;6;14;0;3;2;2;0;1;1;9;2;0;0;0;14;
Mike Conley;G;34:40;7;14;0;1;2;4;0;1;1;10;1;0;2;0;16;
Mike Conley;G;36:52;6;15;1;4;5;5;0;2;2;14;0;0;2;3;18;
Mike Conley;G;33:37;6;8;2;4;2;2;1;0;1;4;1;0;3;3;16;
Mike Conley;G;30:29;4;12;0;0;4;4;0;0;0;2;1;1;2;1;12;
Mike Conley;G;35:08;5;16;2;5;1;3;0;3;3;7;1;0;2;3;13;
Mike Conley;G;35:11;7;13;2;5;4;4;0;2;2;9;0;0;3;1;20;
Mike Conley;G;35:19;6;16;2;6;4;6;0;1;1;7;0;0;0;1;18;
Mike Conley;G;36:43;12;20;4;8;0;1;0;5;5;3;0;1;4;2;28;
Mike Conley;G;34:22;4;18;0;4;1;1;0;1;1;8;0;0;2;1;9;
Mike Conley;G;36:48;2;11;2;5;0;0;0;3;3;5;4;0;2;3;6;
Mike Conley;G;37:38;4;14;2;4;1;2;1;3;4;6;2;1;2;3;11;
Mike Conley;G;30:48;5;14;1;5;3;4;3;3;6;4;2;0;2;2;14;
Mike Conley;G;36:33;9;19;0;2;8;10;3;3;6;9;6;0;1;2;26;
