╔═══════════════╤═══════════════╗
║Name		│Mike James	║
╟───────────────┼───────────────╢
║Number		│8		║
╟───────────────┼───────────────╢
║Position	│G		║
╟───────────────┼───────────────╢
║Height		│6-2		║
╟───────────────┼───────────────╢
║Weight		│188		║
╟───────────────┼───────────────╢
║Birth		│JUN 23, 1975	║
╟───────────────┼───────────────╢
║Age		│39		║
╟───────────────┼───────────────╢
║Exp		│11		║
╟───────────────┼───────────────╢
║School		│Duquesne	║
╚═══════════════╧═══════════════╝
Mike James;;9:13;1;2;0;0;0;0;0;1;1;3;0;0;1;2;2;
Mike James;;17:32;2;5;1;3;0;2;0;2;2;5;0;0;1;0;5;
Mike James;;4:10;1;1;0;0;0;0;0;1;1;2;0;0;1;0;2;
Mike James;;8:35;0;3;0;0;0;0;0;0;0;1;1;0;1;1;0;
Mike James;;1:05;0;0;0;0;0;0;0;0;0;0;0;0;0;0;0;
Mike James;;1:25;0;0;0;0;0;0;0;0;0;0;0;0;0;0;0;
Mike James;;6:22;0;3;0;1;0;0;0;0;0;1;0;0;0;1;0;
Mike James;;3:02;1;2;0;0;0;0;0;0;0;1;0;0;1;1;2;
Mike James;;13:03;0;1;0;1;0;0;0;2;2;2;1;0;0;4;0;
Mike James;;9:52;0;3;0;0;0;0;0;1;1;2;0;0;0;2;0;
Mike James;;2:48;0;1;0;0;0;0;0;0;0;0;0;0;0;0;0;
