╔═══════════════╤═══════════════╗
║Name		│Mike Muscala	║
╟───────────────┼───────────────╢
║Number		│31		║
╟───────────────┼───────────────╢
║Position	│C		║
╟───────────────┼───────────────╢
║Height		│6-11		║
╟───────────────┼───────────────╢
║Weight		│239		║
╟───────────────┼───────────────╢
║Birth		│JUL 01, 1991	║
╟───────────────┼───────────────╢
║Age		│22		║
╟───────────────┼───────────────╢
║Exp		│R		║
╟───────────────┼───────────────╢
║School		│Bucknell	║
╚═══════════════╧═══════════════╝
Mike Muscala;;19:05;2;6;0;1;0;0;1;4;5;0;0;2;1;2;4;
Mike Muscala;;14:44;2;6;0;0;0;0;2;2;4;0;1;1;0;4;4;
Mike Muscala;;10:39;0;0;0;0;0;0;0;2;2;1;1;0;0;4;0;
Mike Muscala;;5:35;2;4;0;0;0;0;1;1;2;0;0;0;1;1;4;
Mike Muscala;;2:38;0;1;0;0;0;0;1;0;1;0;0;0;0;1;0;
Mike Muscala;;3:44;1;2;0;0;1;1;0;1;1;0;0;0;0;1;3;
Mike Muscala;;4:25;0;2;0;0;0;0;0;1;1;0;0;0;0;0;0;
Mike Muscala;;5:11;1;3;0;0;0;0;1;1;2;0;0;1;1;1;2;
Mike Muscala;;5:23;0;2;0;0;0;0;0;1;1;0;0;1;1;3;0;
Mike Muscala;;23:55;3;8;0;1;2;2;0;4;4;0;1;1;0;1;8;
Mike Muscala;;18:12;3;9;0;0;0;0;3;1;4;0;0;0;0;2;6;
Mike Muscala;;22:04;1;6;0;0;0;0;4;4;8;1;0;1;2;3;2;
Mike Muscala;;4:25;1;2;0;0;0;0;0;2;2;0;0;0;1;1;2;
Mike Muscala;;11:57;2;4;0;1;4;4;2;1;3;0;0;0;0;0;8;
Mike Muscala;;2:43;1;2;0;0;0;0;0;1;1;0;0;0;1;0;2;
Mike Muscala;;4:03;1;1;0;0;0;0;1;0;1;0;0;0;1;0;2;
Mike Muscala;;8:02;2;2;0;0;2;2;1;1;2;1;0;1;0;1;6;
Mike Muscala;;1:39;0;0;0;0;0;0;0;0;0;0;0;0;0;0;0;
Mike Muscala;;21:29;3;5;0;0;2;2;0;4;4;1;0;0;1;2;8;
Mike Muscala;;25:05;6;8;0;0;3;3;0;4;4;3;0;2;2;2;15;
