╔═══════════════╤═══════════════╗
║Name		│Mike Miller	║
╟───────────────┼───────────────╢
║Number		│13		║
╟───────────────┼───────────────╢
║Position	│F		║
╟───────────────┼───────────────╢
║Height		│6-8		║
╟───────────────┼───────────────╢
║Weight		│218		║
╟───────────────┼───────────────╢
║Birth		│FEB 19, 1980	║
╟───────────────┼───────────────╢
║Age		│34		║
╟───────────────┼───────────────╢
║Exp		│13		║
╟───────────────┼───────────────╢
║School		│Florida	║
╚═══════════════╧═══════════════╝
Mike Miller;;32:45;4;7;0;1;3;3;1;6;7;4;0;0;0;1;11;
Mike Miller;;16:07;1;3;0;1;2;2;0;0;0;1;0;0;0;2;4;
Mike Miller;G;17:31;1;3;0;2;4;4;1;3;4;2;0;0;0;0;6;
Mike Miller;G;23:34;0;2;0;0;1;2;0;0;0;3;0;0;0;1;1;
Mike Miller;G;16:51;4;6;1;2;2;2;1;0;1;1;0;0;0;0;11;
Mike Miller;;26:20;6;8;3;5;0;0;0;3;3;2;1;1;2;2;15;
Mike Miller;;10:39;0;1;0;1;0;0;0;1;1;1;0;0;1;1;0;
Mike Miller;;19:23;1;8;0;3;0;0;0;4;4;1;2;0;0;0;2;
Mike Miller;;12:35;0;2;0;1;0;0;0;3;3;1;0;0;2;1;0;
Mike Miller;;14:19;2;5;1;4;0;0;0;1;1;2;0;0;1;1;5;
Mike Miller;;17:49;1;2;0;0;0;0;0;2;2;1;0;0;2;2;2;
Mike Miller;;9:51;2;4;1;3;0;0;1;0;1;1;0;0;0;0;5;
Mike Miller;;15:48;4;5;3;3;0;0;0;2;2;1;0;0;1;1;11;
Mike Miller;;26:50;5;11;1;6;0;1;1;2;3;2;1;0;1;2;11;
Mike Miller;;24:56;2;4;1;2;0;0;0;1;1;1;0;0;0;1;5;
Mike Miller;;14:11;1;3;1;3;2;2;0;3;3;0;1;0;2;1;5;
Mike Miller;;23:54;4;9;1;2;2;2;1;0;1;1;0;0;1;0;11;
Mike Miller;;7:35;0;1;0;1;0;0;0;0;0;1;0;0;0;1;0;
Mike Miller;;25:40;3;7;2;3;0;0;1;1;2;1;1;0;1;0;8;
Mike Miller;;19:42;0;4;0;2;0;0;0;2;2;2;0;0;0;1;0;
Mike Miller;;14:32;1;3;0;2;0;0;0;2;2;1;0;0;0;2;2;
Mike Miller;;13:05;0;1;0;0;0;0;0;0;0;2;0;0;1;0;0;
Mike Miller;;20:21;7;11;5;7;0;0;0;1;1;1;1;0;0;0;19;
Mike Miller;;24:11;5;8;2;5;1;1;0;2;2;1;0;0;2;0;13;
Mike Miller;;22:02;4;6;3;5;0;0;1;0;1;2;0;0;0;1;11;
Mike Miller;;20:41;3;5;0;2;0;0;1;1;2;1;0;1;1;1;6;
Mike Miller;;19:37;7;9;4;5;1;2;1;1;2;2;1;0;0;1;19;
Mike Miller;;5:54;0;1;0;0;0;0;0;1;1;0;0;0;0;1;0;
Mike Miller;;25:58;3;6;2;3;2;2;0;1;1;2;0;0;1;0;10;
Mike Miller;;15:18;0;4;0;1;0;0;0;3;3;3;0;0;1;0;0;
Mike Miller;;20:08;5;7;4;5;0;0;0;5;5;0;2;1;1;2;14;
Mike Miller;;19:38;3;4;0;0;2;2;0;1;1;3;0;0;1;1;8;
Mike Miller;;25:28;6;10;1;2;1;2;1;1;2;0;1;0;2;2;14;
Mike Miller;;27:28;3;6;2;5;0;1;0;2;2;2;0;1;2;2;8;
Mike Miller;;18:15;1;4;1;2;1;2;0;0;0;0;0;0;2;2;4;
Mike Miller;;5:41;1;3;0;0;0;0;0;1;1;1;0;0;1;1;2;
Mike Miller;;18:45;2;5;1;1;1;1;0;2;2;3;0;0;0;1;6;
Mike Miller;;22:45;1;4;1;2;0;0;0;1;1;0;0;0;2;1;3;
Mike Miller;;24:43;4;7;4;6;1;2;1;5;6;0;0;0;2;2;13;
Mike Miller;;18:19;4;8;2;3;1;1;0;3;3;3;0;0;1;2;11;
Mike Miller;;27:50;3;6;2;3;1;1;0;4;4;4;0;0;0;0;9;
Mike Miller;;24:33;0;1;0;1;0;0;0;2;2;4;0;0;0;2;0;
Mike Miller;;27:51;5;9;2;5;0;0;0;4;4;2;2;1;1;1;12;
Mike Miller;;17:09;1;2;0;1;0;0;0;2;2;0;0;0;1;0;2;
Mike Miller;;28:23;4;8;1;3;0;0;0;4;4;3;0;0;0;0;9;
Mike Miller;;17:36;0;4;0;2;2;2;0;1;1;2;0;0;2;1;2;
Mike Miller;;10:12;0;2;0;2;0;0;1;1;2;1;1;0;1;0;0;
Mike Miller;;9:21;0;2;0;2;0;0;0;2;2;2;0;0;0;0;0;
Mike Miller;;19:56;8;11;3;4;0;0;0;1;1;1;0;0;1;0;19;
Mike Miller;;23:35;5;7;3;4;0;0;1;4;5;2;1;0;2;0;13;
Mike Miller;;30:15;8;11;5;6;0;0;0;1;1;1;0;0;3;1;21;
Mike Miller;;24:26;1;5;1;4;0;0;1;2;3;2;0;0;3;1;3;
Mike Miller;;24:49;3;6;2;3;3;3;0;4;4;3;0;0;1;2;11;
Mike Miller;;32:03;3;9;2;5;0;0;0;2;2;3;1;0;1;5;8;
Mike Miller;;17:58;2;5;0;2;0;0;1;3;4;3;0;0;3;3;4;
Mike Miller;;23:23;2;4;1;3;0;0;1;4;5;2;0;0;1;1;5;
Mike Miller;;23:54;3;4;3;4;0;0;0;6;6;2;2;0;2;3;9;
Mike Miller;;28:36;4;7;4;5;3;4;0;9;9;4;0;0;0;1;15;
Mike Miller;;21:40;3;6;2;3;0;0;0;3;3;2;0;0;1;0;8;
Mike Miller;;20:46;3;10;2;7;0;0;0;0;0;2;0;0;2;4;8;
Mike Miller;;25:46;2;8;0;4;0;0;0;6;6;2;0;0;1;1;4;
Mike Miller;;20:53;0;0;0;0;0;0;0;3;3;2;1;0;3;1;0;
Mike Miller;;19:33;3;6;2;4;0;0;0;3;3;1;0;0;2;1;8;
Mike Miller;;28:32;1;4;1;2;0;0;1;3;4;2;1;0;0;1;3;
Mike Miller;;23:19;1;5;1;3;1;2;2;0;2;0;0;0;2;4;4;
Mike Miller;;17:29;2;4;2;4;2;2;0;3;3;1;1;0;0;2;8;
Mike Miller;;17:14;3;5;2;3;0;0;0;3;3;0;0;0;2;1;8;
Mike Miller;;22:55;2;3;2;3;0;0;0;3;3;0;0;0;1;1;6;
Mike Miller;;14:25;0;4;0;2;0;0;1;0;1;0;0;0;1;3;0;
Mike Miller;;19:59;1;3;0;2;0;0;1;1;2;1;1;0;0;0;2;
Mike Miller;;28:18;7;9;2;3;0;0;1;4;5;1;0;0;1;0;16;
Mike Miller;;24:09;3;6;2;3;0;0;0;4;4;0;0;0;1;3;8;
Mike Miller;;28:53;3;8;2;4;1;1;2;3;5;1;1;0;0;2;9;
Mike Miller;;27:19;3;5;2;3;2;2;1;0;1;4;0;0;0;0;10;
Mike Miller;;25:22;2;5;0;2;1;1;0;1;1;0;0;0;0;1;5;
Mike Miller;;29:50;4;10;1;5;0;0;0;2;2;5;1;0;2;0;9;
Mike Miller;F;29:51;3;5;2;4;0;0;1;3;4;2;0;0;1;1;8;
Mike Miller;;13:35;1;3;0;1;0;0;1;3;4;0;0;0;0;1;2;
Mike Miller;;17:58;5;7;3;3;2;2;0;2;2;0;0;0;0;1;15;
Mike Miller;;20:28;3;9;0;2;1;2;2;3;5;1;0;0;0;4;7;
Mike Miller;;21:15;4;6;3;5;0;0;0;1;1;4;2;0;1;1;11;
Mike Miller;;16:02;1;2;0;1;0;0;0;0;0;2;0;0;0;1;2;
