╔═══════════════╤═══════════════╗
║Name		│Miles Plumlee	║
╟───────────────┼───────────────╢
║Number		│22		║
╟───────────────┼───────────────╢
║Position	│C-F		║
╟───────────────┼───────────────╢
║Height		│6-11		║
╟───────────────┼───────────────╢
║Weight		│255		║
╟───────────────┼───────────────╢
║Birth		│SEP 01, 1988	║
╟───────────────┼───────────────╢
║Age		│25		║
╟───────────────┼───────────────╢
║Exp		│1		║
╟───────────────┼───────────────╢
║School		│Duke		║
╚═══════════════╧═══════════════╝
Miles Plumlee;C;34:37;4;8;0;0;0;0;2;10;12;0;1;3;1;2;8;
Miles Plumlee;C;20:49;2;4;0;0;5;7;2;7;9;0;0;0;1;3;9;
Miles Plumlee;C;34:49;5;11;0;0;1;2;1;6;7;0;3;2;2;1;11;
Miles Plumlee;C;31:56;4;8;0;0;3;4;0;9;9;2;1;0;1;6;11;
Miles Plumlee;C;32:55;3;6;0;0;2;4;2;9;11;0;2;2;1;5;8;
Miles Plumlee;C;22:19;6;10;0;0;0;0;2;2;4;2;0;0;1;1;12;
Miles Plumlee;C;32:51;4;9;0;0;4;4;6;5;11;1;3;2;1;5;12;
Miles Plumlee;C;26:37;2;7;0;0;2;2;1;5;6;0;0;1;2;2;6;
Miles Plumlee;C;20:48;3;7;0;0;0;1;0;2;2;0;0;0;2;0;6;
Miles Plumlee;C;24:12;1;5;0;0;0;0;1;3;4;1;1;1;1;2;2;
Miles Plumlee;C;29:44;5;8;0;0;1;2;3;4;7;1;1;0;0;1;11;
Miles Plumlee;C;27:26;7;8;0;0;0;0;2;4;6;0;0;2;4;2;14;
Miles Plumlee;C;17:53;1;3;0;0;1;2;0;10;10;0;0;0;0;4;3;
Miles Plumlee;C;32:25;6;15;0;0;2;4;6;7;13;2;0;0;3;2;14;
Miles Plumlee;C;20:49;4;7;0;0;0;0;2;1;3;2;0;1;2;2;8;
Miles Plumlee;C;19:06;2;8;0;0;0;0;2;4;6;0;2;1;2;3;4;
Miles Plumlee;C;21:54;3;5;0;0;0;0;3;8;11;0;0;2;0;1;6;
Miles Plumlee;C;31:19;3;5;0;0;2;2;5;5;10;0;3;0;2;2;8;
Miles Plumlee;C;25:56;2;4;0;0;1;2;1;5;6;0;0;1;1;3;5;
Miles Plumlee;C;21:54;5;10;0;0;2;2;2;5;7;0;1;0;1;1;12;
Miles Plumlee;C;14:08;1;3;0;0;0;0;1;5;6;0;0;0;0;2;2;
Miles Plumlee;C;21:51;1;5;0;0;0;0;1;7;8;1;1;0;0;6;2;
Miles Plumlee;C;19:50;2;6;0;0;0;0;2;6;8;0;1;3;4;4;4;
Miles Plumlee;C;18:37;1;1;0;0;2;2;2;2;4;1;0;0;2;1;4;
Miles Plumlee;C;24:20;4;7;0;0;0;0;1;6;7;0;1;0;0;2;8;
Miles Plumlee;C;16:59;3;7;0;0;0;0;3;4;7;0;1;2;2;1;6;
Miles Plumlee;C;24:35;3;8;0;0;0;0;4;3;7;0;1;1;2;2;6;
Miles Plumlee;C;21:29;2;6;0;0;1;1;4;4;8;0;1;0;2;0;5;
Miles Plumlee;C;11:45;1;3;0;0;0;0;1;3;4;0;1;0;1;2;2;
Miles Plumlee;;10:19;1;3;0;0;0;0;1;3;4;1;0;0;1;1;2;
Miles Plumlee;C;26:15;6;10;0;0;0;0;3;6;9;0;0;2;0;0;12;
Miles Plumlee;C;26:14;4;5;0;0;1;2;4;6;10;1;0;0;0;5;9;
Miles Plumlee;C;20:35;2;2;0;0;1;2;2;5;7;0;0;1;2;2;5;
Miles Plumlee;C;16:15;3;6;0;0;3;4;2;2;4;1;0;1;2;5;9;
Miles Plumlee;C;18:21;1;4;0;0;1;2;2;4;6;2;0;0;2;1;3;
Miles Plumlee;C;20:23;5;10;0;0;0;0;6;3;9;0;0;2;2;2;10;
Miles Plumlee;C;24:17;4;5;0;0;3;3;2;3;5;0;2;1;0;3;11;
Miles Plumlee;C;14:41;1;2;0;0;0;0;2;4;6;0;0;1;2;0;2;
Miles Plumlee;C;19:47;0;3;0;0;0;0;2;4;6;0;1;0;1;1;0;
Miles Plumlee;C;17:59;2;3;0;0;0;0;1;2;3;0;0;0;3;1;4;
Miles Plumlee;C;22:57;5;6;0;0;1;2;4;8;12;3;0;0;1;1;11;
Miles Plumlee;C;10:34;3;4;0;0;0;0;0;2;2;1;0;0;0;4;6;
Miles Plumlee;C;26:04;6;7;0;0;1;1;3;4;7;1;1;0;1;2;13;
Miles Plumlee;C;25:13;2;4;0;0;2;5;6;10;16;2;1;0;2;2;6;
Miles Plumlee;C;18:23;3;5;0;0;2;2;2;4;6;0;0;0;0;3;8;
Miles Plumlee;C;24:14;1;2;0;0;0;0;1;5;6;1;0;0;1;2;2;
Miles Plumlee;C;24:41;3;6;0;0;0;0;1;8;9;0;0;0;2;2;6;
Miles Plumlee;C;16:33;2;2;0;0;0;0;3;3;6;0;1;2;1;1;4;
Miles Plumlee;C;30:03;6;9;0;0;0;0;3;1;4;0;1;0;1;0;12;
Miles Plumlee;C;12:33;1;3;0;0;0;0;1;1;2;0;0;1;1;0;2;
Miles Plumlee;C;39:56;8;14;0;0;2;2;5;10;15;0;0;3;2;1;18;
Miles Plumlee;C;34:51;6;11;0;0;1;2;5;8;13;1;0;3;0;1;13;
Miles Plumlee;C;23:45;0;2;0;0;0;0;3;2;5;0;0;1;3;3;0;
Miles Plumlee;C;29:27;4;10;0;0;2;6;1;4;5;0;1;0;1;2;10;
Miles Plumlee;F;28:19;7;12;0;0;1;2;2;4;6;1;1;2;1;3;15;
Miles Plumlee;C;31:13;7;13;0;0;4;8;3;8;11;0;0;2;2;4;18;
Miles Plumlee;C;27:54;4;9;0;0;0;0;3;9;12;0;1;5;0;1;8;
Miles Plumlee;C;31:55;5;8;0;0;0;0;0;10;10;1;1;1;1;4;10;
Miles Plumlee;C;35:17;3;10;0;0;0;0;2;5;7;1;0;2;4;5;6;
Miles Plumlee;C;30:19;5;9;0;0;0;5;0;6;6;1;1;0;2;2;10;
Miles Plumlee;C;29:41;5;9;0;0;2;5;3;4;7;0;0;3;1;3;12;
Miles Plumlee;C;24:20;2;6;0;0;0;2;2;9;11;0;0;3;1;3;4;
Miles Plumlee;C;26:16;4;10;0;0;0;0;2;5;7;0;2;2;1;2;8;
Miles Plumlee;C;24:30;4;7;0;0;0;0;2;1;3;0;1;1;1;1;8;
Miles Plumlee;C;22:18;3;6;0;0;2;4;2;8;10;1;1;1;2;3;8;
Miles Plumlee;C;32:45;6;9;0;0;3;4;2;8;10;2;0;1;0;3;15;
Miles Plumlee;C;24:51;4;8;0;0;1;2;2;5;7;1;1;3;0;2;9;
Miles Plumlee;C;30:05;5;8;0;0;1;2;3;5;8;1;0;2;4;1;11;
Miles Plumlee;C;20:55;2;7;0;0;0;0;4;5;9;0;0;2;2;3;4;
Miles Plumlee;C;19:24;3;6;0;0;3;4;2;5;7;0;0;2;1;4;9;
Miles Plumlee;C;19:23;3;4;0;0;0;0;2;4;6;0;0;0;1;3;6;
Miles Plumlee;C;26:53;6;12;0;0;0;0;4;5;9;2;4;3;2;4;12;
Miles Plumlee;C;28:59;2;6;0;0;2;2;3;7;10;2;0;3;0;3;6;
Miles Plumlee;C;33:44;6;9;0;0;1;2;7;6;13;0;2;2;2;4;13;
Miles Plumlee;C;24:55;3;7;0;0;1;4;4;8;12;0;1;0;1;4;7;
Miles Plumlee;C;28:50;3;4;0;0;0;0;2;6;8;0;0;0;1;0;6;
Miles Plumlee;C;30:58;8;14;0;0;1;5;6;14;20;1;0;2;3;5;17;
Miles Plumlee;C;18:26;4;9;0;0;1;1;3;4;7;0;0;0;2;0;9;
Miles Plumlee;C;32:28;10;14;0;0;2;4;4;9;13;1;1;3;2;2;22;
Miles Plumlee;C;20:52;3;5;0;0;0;2;2;5;7;1;0;3;2;3;6;
