╔═══════════════╤═══════════════════════╗
║Name		│Miroslav Raduljica	║
╟───────────────┼───────────────────────╢
║Number		│9			║
╟───────────────┼───────────────────────╢
║Position	│C			║
╟───────────────┼───────────────────────╢
║Height		│7-0			║
╟───────────────┼───────────────────────╢
║Weight		│250			║
╟───────────────┼───────────────────────╢
║Birth		│JAN 05, 1988		║
╟───────────────┼───────────────────────╢
║Age		│26			║
╟───────────────┼───────────────────────╢
║Exp		│R			║
╟───────────────┼───────────────────────╢
║School		│Serbia			║
╚═══════════════╧═══════════════════════╝
Miroslav Raduljica;;13:23;3;5;0;0;1;1;1;1;2;0;0;0;0;4;7;
Miroslav Raduljica;;3:11;0;0;0;0;0;0;0;1;1;0;0;0;0;0;0;
Miroslav Raduljica;;2:18;2;2;0;0;0;0;0;0;0;0;0;0;0;1;4;
Miroslav Raduljica;;20:37;3;4;0;0;4;4;4;1;5;0;0;1;0;3;10;
Miroslav Raduljica;;16:43;3;6;0;0;3;3;1;2;3;0;1;0;0;5;9;
Miroslav Raduljica;;4:14;2;3;0;0;1;2;0;1;1;0;1;0;0;1;5;
Miroslav Raduljica;;4:51;0;0;0;0;1;2;0;0;0;0;0;0;1;1;1;
Miroslav Raduljica;;8:20;0;1;0;0;0;0;1;0;1;0;0;0;1;1;0;
Miroslav Raduljica;;7:06;1;3;0;0;0;0;1;2;3;0;0;0;1;2;2;
Miroslav Raduljica;;19:36;4;5;0;0;0;0;3;5;8;2;2;0;1;3;8;
Miroslav Raduljica;;16:18;1;3;0;0;2;2;1;0;1;1;0;0;0;3;4;
Miroslav Raduljica;;10:57;0;2;0;0;0;0;1;0;1;1;0;0;0;1;0;
Miroslav Raduljica;;23:07;4;6;0;0;3;4;4;2;6;1;0;1;0;1;11;
Miroslav Raduljica;;11:44;3;4;0;0;0;0;2;3;5;0;0;2;3;4;6;
Miroslav Raduljica;;8:14;0;1;0;0;2;2;1;1;2;1;0;0;0;3;2;
Miroslav Raduljica;;19:14;1;4;0;0;0;0;2;1;3;2;1;1;2;3;2;
Miroslav Raduljica;;7:11;2;3;0;0;0;0;1;2;3;0;0;0;0;1;4;
Miroslav Raduljica;;10:13;3;4;0;0;0;0;0;2;2;0;0;0;0;1;6;
Miroslav Raduljica;;1:54;0;0;0;0;2;2;0;1;1;0;0;0;0;2;2;
Miroslav Raduljica;;3:48;0;1;0;0;0;0;2;0;2;1;0;0;2;1;0;
Miroslav Raduljica;;4:14;0;1;0;0;0;0;0;1;1;0;0;0;2;1;0;
Miroslav Raduljica;;3:30;0;0;0;0;0;0;0;0;0;2;0;0;0;0;0;
Miroslav Raduljica;;7:53;0;5;0;0;0;0;3;0;3;0;0;0;0;0;0;
Miroslav Raduljica;;3:09;1;2;0;0;3;4;1;0;1;0;0;0;0;1;5;
Miroslav Raduljica;;4:07;0;0;0;0;0;0;0;1;1;0;0;0;1;3;0;
Miroslav Raduljica;;3:01;0;0;0;0;1;2;0;0;0;0;0;0;0;1;1;
Miroslav Raduljica;;5:31;1;1;0;0;0;0;1;0;1;0;0;0;1;0;2;
Miroslav Raduljica;;5:23;0;0;0;0;1;2;0;1;1;0;0;0;0;2;1;
Miroslav Raduljica;;17:05;2;4;0;0;2;2;1;5;6;1;0;1;0;2;6;
Miroslav Raduljica;;4:23;0;0;0;0;0;0;1;0;1;0;0;0;1;2;0;
Miroslav Raduljica;;11:06;0;0;0;0;0;0;0;1;1;1;0;0;0;1;0;
Miroslav Raduljica;;6:14;1;1;0;0;0;0;0;1;1;0;0;0;1;3;2;
Miroslav Raduljica;;18:13;0;2;0;0;4;6;2;4;6;1;0;2;0;3;4;
Miroslav Raduljica;;6:15;1;2;0;0;0;0;0;0;0;1;0;0;0;1;2;
Miroslav Raduljica;;4:43;1;1;0;0;0;0;1;0;1;1;0;0;0;0;2;
Miroslav Raduljica;;3:31;0;1;0;0;0;0;0;1;1;0;0;0;1;1;0;
Miroslav Raduljica;;1:58;1;1;0;0;0;0;0;1;1;1;0;0;1;2;2;
Miroslav Raduljica;;9:29;3;5;0;0;2;2;1;1;2;1;0;0;1;2;8;
Miroslav Raduljica;;1:23;0;0;0;0;0;0;0;0;0;0;0;0;0;0;0;
Miroslav Raduljica;;22:40;4;7;0;0;2;2;6;1;7;1;0;2;0;1;10;
Miroslav Raduljica;;2:55;0;2;0;0;0;0;2;0;2;0;0;0;0;2;0;
Miroslav Raduljica;;14:13;6;8;0;0;0;0;1;1;2;1;0;0;1;1;12;
Miroslav Raduljica;C;17:15;2;6;0;0;3;5;3;1;4;0;0;2;1;4;7;
Miroslav Raduljica;;21:40;5;7;0;0;4;4;2;2;4;1;2;0;4;3;14;
Miroslav Raduljica;C;19:14;3;3;0;0;2;2;0;4;4;0;0;1;1;3;8;
Miroslav Raduljica;;6:01;1;1;0;0;0;0;0;0;0;0;0;0;0;0;2;
Miroslav Raduljica;;13:32;3;6;0;0;2;2;4;1;5;1;0;0;1;1;8;
Miroslav Raduljica;;12:56;1;3;0;0;0;0;0;2;2;1;0;0;0;3;2;
