╔═══════════════╤═══════════════╗
║Name		│Mirza Teletovic║
╟───────────────┼───────────────╢
║Number		│33		║
╟───────────────┼───────────────╢
║Position	│F		║
╟───────────────┼───────────────╢
║Height		│6-9		║
╟───────────────┼───────────────╢
║Weight		│242		║
╟───────────────┼───────────────╢
║Birth		│SEP 17, 1985	║
╟───────────────┼───────────────╢
║Age		│28		║
╟───────────────┼───────────────╢
║Exp		│1		║
╟───────────────┼───────────────╢
║School		│Bosnia		║
╚═══════════════╧═══════════════╝
Mirza Teletovic;;10:28;1;2;1;2;0;0;0;3;3;0;0;0;0;2;3;
Mirza Teletovic;;11:37;3;6;3;6;0;0;1;1;2;1;0;0;0;2;9;
Mirza Teletovic;;24:26;6;12;4;9;0;0;0;3;3;0;0;0;1;4;16;
Mirza Teletovic;;29:03;2;5;2;5;2;2;1;9;10;2;0;0;0;3;8;
Mirza Teletovic;;13:23;1;4;1;4;0;0;0;0;0;0;1;0;2;1;3;
Mirza Teletovic;;21:45;3;10;2;8;0;0;2;3;5;1;0;1;2;2;8;
Mirza Teletovic;;22:19;3;4;3;3;0;0;0;5;5;1;0;0;0;3;9;
Mirza Teletovic;;20:04;3;6;2;5;0;0;1;1;2;3;0;0;1;1;8;
Mirza Teletovic;;20:39;5;10;4;8;0;0;2;1;3;2;2;0;1;1;14;
Mirza Teletovic;;26:45;12;18;7;11;3;3;3;3;6;1;0;1;0;4;34;
Mirza Teletovic;;18:57;4;11;1;6;0;0;0;4;4;0;0;0;1;1;9;
Mirza Teletovic;;17:02;2;6;1;4;0;0;0;0;0;0;0;0;2;2;5;
Mirza Teletovic;;20:15;1;6;1;5;0;0;0;1;1;4;0;0;1;2;3;
Mirza Teletovic;;15:24;1;2;0;1;0;0;0;3;3;0;2;0;1;1;2;
Mirza Teletovic;;28:11;7;12;5;9;1;1;0;3;3;0;0;1;1;4;20;
Mirza Teletovic;;21:52;4;10;0;1;0;0;2;5;7;2;0;0;1;2;8;
Mirza Teletovic;;13:43;0;5;0;5;0;0;0;2;2;1;1;1;0;1;0;
Mirza Teletovic;;30:32;4;12;1;8;4;8;2;9;11;0;0;0;1;1;13;
Mirza Teletovic;;25:33;5;11;3;8;0;0;1;7;8;1;0;1;0;3;13;
Mirza Teletovic;;2:37;0;0;0;0;0;0;0;0;0;0;0;0;0;1;0;
Mirza Teletovic;;18:14;3;7;2;6;0;0;0;3;3;0;1;0;0;1;8;
Mirza Teletovic;;25:56;2;7;0;5;0;1;0;4;4;0;1;1;1;1;4;
Mirza Teletovic;;14:34;3;7;3;5;0;0;2;0;2;1;0;0;0;1;9;
Mirza Teletovic;;23:31;3;6;2;3;0;0;2;4;6;2;1;0;2;3;8;
Mirza Teletovic;;26:07;3;9;2;8;0;0;1;3;4;0;1;1;2;3;8;
Mirza Teletovic;;10:33;1;4;1;4;0;0;0;3;3;0;0;0;1;3;3;
Mirza Teletovic;;14:06;0;5;0;5;0;0;2;2;4;1;2;0;1;4;0;
Mirza Teletovic;;17:02;3;9;2;4;0;0;2;1;3;0;0;1;0;2;8;
Mirza Teletovic;;7:12;0;2;0;1;2;2;0;1;1;0;0;1;0;0;2;
Mirza Teletovic;;18:01;4;7;1;3;0;0;0;4;4;3;2;0;2;2;9;
Mirza Teletovic;;7:22;1;3;0;1;3;4;2;0;2;0;0;0;1;0;5;
Mirza Teletovic;;16:26;6;11;3;5;2;2;2;2;4;0;0;3;0;0;17;
Mirza Teletovic;;13:46;0;2;0;1;0;0;0;2;2;1;0;0;1;1;0;
Mirza Teletovic;;14:36;0;5;0;1;0;0;1;0;1;2;0;0;0;0;0;
Mirza Teletovic;;20:50;3;6;0;1;1;3;0;1;1;2;0;1;0;2;7;
Mirza Teletovic;;19:48;3;9;3;7;0;0;0;7;7;0;1;0;0;3;9;
Mirza Teletovic;;18:39;3;7;2;6;1;1;1;1;2;0;0;0;0;4;9;
Mirza Teletovic;;27:51;6;12;6;12;4;4;0;3;3;0;0;0;0;1;22;
Mirza Teletovic;;28:04;3;11;3;7;0;0;2;8;10;0;1;0;2;1;9;
Mirza Teletovic;;22:15;3;10;1;5;0;0;3;3;6;2;1;0;1;2;7;
Mirza Teletovic;;24:34;4;7;2;5;0;0;1;6;7;1;1;0;1;2;10;
Mirza Teletovic;;21:21;3;8;0;4;0;0;1;0;1;1;0;0;1;0;6;
Mirza Teletovic;;22:48;7;11;6;10;0;0;0;1;1;0;1;0;1;2;20;
Mirza Teletovic;;9:08;1;2;1;2;0;0;1;2;3;0;0;1;0;3;3;
Mirza Teletovic;;22:35;4;8;2;6;1;1;0;2;2;1;0;0;0;1;11;
Mirza Teletovic;F;31:39;5;17;5;12;2;4;3;6;9;0;1;0;1;4;17;
Mirza Teletovic;;20:32;2;6;2;3;2;2;0;3;3;1;2;0;1;1;8;
Mirza Teletovic;;28:44;7;12;4;7;2;2;2;4;6;1;0;1;2;4;20;
Mirza Teletovic;;6:58;1;6;0;2;0;0;1;0;1;2;0;0;0;3;2;
Mirza Teletovic;;12:00;0;5;0;3;1;2;0;1;1;0;0;0;1;1;1;
Mirza Teletovic;;2:18;0;1;0;1;0;0;0;0;0;0;0;0;0;1;0;
Mirza Teletovic;;7:37;1;1;0;0;0;0;0;2;2;0;0;0;0;2;2;
Mirza Teletovic;;10:05;1;7;0;3;0;0;1;1;2;1;0;0;0;0;2;
Mirza Teletovic;;15:01;3;5;1;3;0;0;0;7;7;0;0;0;1;0;7;
Mirza Teletovic;;14:18;3;5;3;4;0;0;0;1;1;0;0;0;2;3;9;
Mirza Teletovic;;21:15;0;1;0;0;0;0;1;4;5;1;0;0;2;1;0;
Mirza Teletovic;;20:58;4;8;4;7;5;6;1;4;5;2;1;1;1;1;17;
Mirza Teletovic;;32:06;6;14;3;6;3;5;4;9;13;0;2;0;3;2;18;
Mirza Teletovic;;14:57;3;6;2;5;0;0;0;1;1;1;1;0;0;0;8;
Mirza Teletovic;;13:56;0;4;0;3;0;0;1;2;3;0;0;1;0;2;0;
Mirza Teletovic;;28:42;2;5;2;5;0;0;2;6;8;0;0;0;1;4;6;
Mirza Teletovic;;15:36;1;5;1;2;0;0;2;3;5;1;0;0;0;1;3;
Mirza Teletovic;;5:15;2;4;0;1;0;0;0;1;1;0;0;0;0;1;4;
Mirza Teletovic;;23:49;6;10;5;6;0;0;0;4;4;1;0;1;0;5;17;
Mirza Teletovic;F;26:03;4;8;2;6;1;4;1;4;5;0;1;0;1;2;11;
Mirza Teletovic;;9:07;0;3;0;2;0;0;0;0;0;0;1;1;0;0;0;
Mirza Teletovic;F;32:52;6;13;6;11;0;0;0;4;4;2;0;1;0;3;18;
Mirza Teletovic;F;30:25;3;10;0;5;2;2;1;3;4;3;0;0;2;4;8;
Mirza Teletovic;F;18:54;7;11;3;7;0;1;0;2;2;0;0;2;1;4;17;
Mirza Teletovic;;31:22;7;13;5;9;0;0;0;6;6;2;0;1;1;4;19;
Mirza Teletovic;F;30:37;7;13;3;8;0;0;2;2;4;1;1;0;1;4;17;
Mirza Teletovic;F;29:39;4;9;2;3;2;2;0;0;0;2;0;0;1;3;12;
