╔═══════════════╤═══════════════╗
║Name		│Mo Williams	║
╟───────────────┼───────────────╢
║Number		│25		║
╟───────────────┼───────────────╢
║Position	│G		║
╟───────────────┼───────────────╢
║Height		│6-1		║
╟───────────────┼───────────────╢
║Weight		│195		║
╟───────────────┼───────────────╢
║Birth		│DEC 19, 1982	║
╟───────────────┼───────────────╢
║Age		│31		║
╟───────────────┼───────────────╢
║Exp		│10		║
╟───────────────┼───────────────╢
║School		│Alabama	║
╚═══════════════╧═══════════════╝
Mo Williams;;21:14;6;9;3;5;0;0;0;0;0;10;2;0;3;5;15;
Mo Williams;;24:17;5;13;2;6;4;4;1;2;3;5;2;1;3;1;16;
Mo Williams;;22:01;3;9;1;3;2;2;3;1;4;6;1;0;1;5;9;
Mo Williams;;29:55;5;10;1;4;1;1;0;1;1;4;2;0;1;4;12;
Mo Williams;;24:20;4;9;3;5;0;0;1;1;2;4;1;0;2;0;11;
Mo Williams;;28:52;3;11;2;6;0;0;0;1;1;7;1;0;3;3;8;
Mo Williams;;26:25;4;13;0;1;5;5;2;0;2;3;1;0;1;3;13;
Mo Williams;;19:11;3;6;0;1;2;2;0;4;4;3;2;0;0;2;8;
Mo Williams;;25:41;4;10;1;2;0;0;1;2;3;3;2;0;1;2;9;
Mo Williams;;26:20;6;10;1;2;0;0;1;1;2;9;0;0;3;3;13;
Mo Williams;;19:02;1;5;0;1;0;0;0;1;1;4;2;0;1;5;2;
Mo Williams;;25:14;6;12;2;3;2;3;1;4;5;6;0;0;2;3;16;
Mo Williams;;30:46;3;9;1;2;0;0;0;1;1;2;0;0;3;3;7;
Mo Williams;;19:21;1;7;0;1;0;0;0;0;0;3;2;0;2;0;2;
Mo Williams;;18:23;1;4;1;1;0;0;0;0;0;4;0;0;0;3;3;
Mo Williams;;24:41;2;8;0;0;0;1;0;3;3;2;1;0;2;3;4;
Mo Williams;;20:19;2;7;1;1;5;6;1;2;3;2;1;0;2;0;10;
Mo Williams;;26:52;3;8;1;4;0;0;2;0;2;4;0;1;3;3;7;
Mo Williams;;26:08;8;14;1;2;2;2;0;1;1;2;0;0;1;3;19;
Mo Williams;;30:18;4;11;1;3;4;4;2;2;4;1;1;0;2;3;13;
Mo Williams;;27:35;2;7;0;2;0;0;0;5;5;3;0;0;2;3;4;
Mo Williams;;25:50;6;11;2;4;0;0;0;2;2;0;1;0;2;2;14;
Mo Williams;;26:59;8;13;3;5;2;2;2;4;6;7;1;0;2;1;21;
Mo Williams;;25:52;3;8;1;5;2;2;1;2;3;3;0;0;2;2;9;
Mo Williams;;22:59;3;9;0;3;1;2;0;0;0;5;1;0;3;2;7;
Mo Williams;;25:16;6;9;3;3;0;0;0;4;4;5;0;0;2;4;15;
Mo Williams;;25:03;3;9;1;6;0;0;0;3;3;2;0;0;1;2;7;
Mo Williams;;33:12;5;15;0;2;0;0;1;1;2;11;1;0;3;5;10;
Mo Williams;;11:10;2;5;0;1;0;0;0;0;0;3;0;0;1;2;4;
Mo Williams;;31:22;5;10;2;3;0;0;0;0;0;4;2;0;2;4;12;
Mo Williams;;34:19;7;12;3;5;6;6;0;2;2;3;0;0;1;4;23;
Mo Williams;;27:19;3;6;0;1;0;0;0;1;1;4;0;0;3;0;6;
Mo Williams;;13:39;1;5;0;1;1;2;1;0;1;3;0;0;2;2;3;
Mo Williams;;32:04;5;12;2;6;5;5;0;4;4;2;2;0;0;1;17;
Mo Williams;;20:09;1;6;1;4;0;0;2;1;3;3;1;0;1;1;3;
Mo Williams;;25:08;3;6;1;2;1;2;2;2;4;11;0;0;4;2;8;
Mo Williams;;24:55;7;12;1;2;3;3;0;3;3;2;0;0;2;1;18;
Mo Williams;;28:46;7;9;1;3;2;2;0;1;1;4;2;0;4;3;17;
Mo Williams;;24:50;3;11;2;6;0;0;0;1;1;3;1;0;0;4;8;
Mo Williams;;23:23;4;10;1;1;2;2;1;1;2;4;0;0;3;5;11;
Mo Williams;;32:52;3;9;0;3;2;2;0;0;0;2;1;0;4;1;8;
Mo Williams;;23:43;1;7;1;3;1;2;0;0;0;4;0;0;3;0;4;
Mo Williams;;21:58;8;10;1;2;1;1;0;3;3;3;0;0;0;2;18;
Mo Williams;;21:53;1;9;0;4;0;0;0;2;2;3;1;1;3;2;2;
Mo Williams;;25:38;5;13;0;3;1;1;1;0;1;3;0;0;1;2;11;
Mo Williams;;23:15;6;9;1;2;0;0;0;0;0;2;0;1;2;3;13;
Mo Williams;;23:33;4;12;0;3;0;0;1;1;2;7;0;0;4;4;8;
Mo Williams;;25:02;1;6;0;2;0;0;1;1;2;6;0;1;1;1;2;
Mo Williams;;25:02;3;5;2;3;0;0;1;1;2;5;0;0;1;4;8;
Mo Williams;;31:41;7;9;1;1;2;2;1;2;3;4;1;0;5;3;17;
Mo Williams;;29:56;5;10;2;3;0;0;0;2;2;3;1;0;2;3;12;
Mo Williams;;30:10;8;13;0;0;2;2;0;1;1;8;3;0;4;2;18;
Mo Williams;;32:37;4;7;3;5;2;2;2;3;5;7;0;0;4;3;13;
Mo Williams;;30:34;6;14;0;1;0;0;1;4;5;6;3;2;1;5;12;
Mo Williams;;23:02;2;6;1;4;0;0;1;0;1;6;2;0;4;3;5;
Mo Williams;;20:43;3;7;2;3;0;0;0;1;1;4;0;0;0;3;8;
Mo Williams;;13:52;1;7;0;0;2;2;0;1;1;4;1;0;0;2;4;
Mo Williams;;23:36;1;8;1;2;0;0;0;2;2;4;0;0;2;3;3;
Mo Williams;;23:59;3;8;1;1;2;2;0;2;2;2;0;0;3;3;9;
Mo Williams;;22:42;6;12;1;4;0;0;0;0;0;2;0;0;3;4;13;
Mo Williams;;24:46;2;9;2;3;1;2;1;2;3;6;1;0;2;2;7;
Mo Williams;;20:07;3;4;1;1;0;0;0;1;1;3;1;0;2;1;7;
Mo Williams;;22:29;3;9;0;4;0;0;1;2;3;3;1;0;2;3;6;
Mo Williams;;26:08;4;12;1;3;0;0;0;1;1;2;3;1;3;3;9;
Mo Williams;;24:05;5;10;1;3;2;2;1;1;2;4;1;0;2;4;13;
Mo Williams;;22:56;5;9;3;5;1;2;0;3;3;7;0;1;3;0;14;
Mo Williams;;25:32;3;10;2;5;0;0;1;2;3;3;0;0;0;4;8;
Mo Williams;;22:40;3;8;1;3;2;2;0;2;2;6;0;1;2;2;9;
Mo Williams;;17:42;4;11;1;5;0;0;1;1;2;6;0;0;1;6;9;
Mo Williams;;23:44;2;8;0;3;3;3;1;1;2;5;0;0;2;5;7;
Mo Williams;;23:40;4;10;4;9;0;0;0;1;1;8;0;0;2;2;12;
Mo Williams;;26:06;1;5;1;4;2;2;0;1;1;9;2;0;5;2;5;
Mo Williams;;29:57;3;9;2;5;0;0;2;2;4;5;0;0;0;2;8;
Mo Williams;;18:32;2;7;1;5;0;2;0;1;1;3;0;0;0;4;5;
