╔═══════════════╤═══════════════════════╗
║Name		│Monta Ellis		║
╟───────────────┼───────────────────────╢
║Number		│11			║
╟───────────────┼───────────────────────╢
║Position	│G			║
╟───────────────┼───────────────────────╢
║Height		│6-3			║
╟───────────────┼───────────────────────╢
║Weight		│185			║
╟───────────────┼───────────────────────╢
║Birth		│OCT 26, 1985		║
╟───────────────┼───────────────────────╢
║Age		│28			║
╟───────────────┼───────────────────────╢
║Exp		│8			║
╟───────────────┼───────────────────────╢
║School		│Lanier HS (Jackson, MS)║
╚═══════════════╧═══════════════════════╝
Monta Ellis;G;37:27;7;18;0;2;9;10;2;3;5;1;1;2;1;2;23;
Monta Ellis;G;37:36;6;12;0;2;1;2;0;2;2;9;2;0;2;4;13;
Monta Ellis;G;38:49;6;13;1;4;0;0;0;3;3;3;2;0;3;0;13;
Monta Ellis;G;37:18;7;18;0;1;2;2;0;0;0;9;5;0;3;3;16;
Monta Ellis;G;34:34;10;18;0;1;1;2;2;1;3;4;1;1;1;1;21;
Monta Ellis;G;32:35;8;16;1;4;6;8;0;2;2;8;2;1;3;1;23;
Monta Ellis;G;41:01;7;13;0;1;12;15;0;5;5;4;1;0;5;3;26;
Monta Ellis;G;36:29;8;18;1;3;4;5;0;3;3;3;1;0;1;1;21;
Monta Ellis;G;39:06;6;13;1;2;0;4;1;5;6;13;4;0;3;1;13;
Monta Ellis;G;38:45;10;20;0;1;4;6;0;6;6;7;2;2;3;4;24;
Monta Ellis;G;23:15;6;12;0;0;3;5;0;2;2;2;1;0;1;1;15;
Monta Ellis;G;36:17;8;16;0;1;6;10;0;3;3;8;2;0;3;4;22;
Monta Ellis;G;37:42;9;18;2;5;1;2;0;1;1;6;0;0;8;3;21;
Monta Ellis;G;38:18;5;11;2;3;4;6;1;6;7;7;1;0;2;4;16;
Monta Ellis;G;29:49;4;8;0;1;3;3;0;1;1;3;1;0;8;2;11;
Monta Ellis;G;31:02;3;10;0;1;0;0;1;0;1;5;2;0;4;5;6;
Monta Ellis;G;39:48;6;10;0;1;8;9;1;2;3;3;3;1;0;1;20;
Monta Ellis;G;33:43;8;12;2;3;4;5;0;2;2;7;2;1;6;5;22;
Monta Ellis;G;39:30;5;16;1;3;3;4;2;4;6;4;2;1;2;2;14;
Monta Ellis;G;33:37;8;17;1;3;5;6;0;4;4;4;1;0;1;2;22;
Monta Ellis;G;28:12;3;9;1;2;4;4;0;5;5;2;2;0;2;1;11;
Monta Ellis;G;32:14;7;12;0;1;2;2;1;3;4;7;2;0;3;1;16;
Monta Ellis;G;41:16;7;18;0;3;9;10;2;7;9;6;1;2;4;2;23;
Monta Ellis;G;37:18;4;13;1;3;3;4;0;2;2;2;3;0;3;2;12;
Monta Ellis;G;34:00;4;12;1;4;2;5;0;3;3;4;1;0;7;3;11;
Monta Ellis;G;37:04;5;9;0;0;2;2;0;1;1;13;3;0;2;2;12;
Monta Ellis;G;41:08;9;22;2;6;2;2;0;3;3;6;0;0;4;2;22;
Monta Ellis;G;33:54;8;18;1;3;6;6;0;4;4;7;4;0;2;2;23;
Monta Ellis;G;39:02;7;19;2;6;4;8;0;4;4;5;3;1;1;3;20;
Monta Ellis;G;37:55;7;15;1;2;2;3;0;3;3;8;1;0;3;2;17;
Monta Ellis;G;38:39;7;13;1;1;1;1;0;1;1;4;1;1;3;5;16;
Monta Ellis;G;41:48;6;13;0;2;5;9;2;6;8;7;3;0;4;3;17;
Monta Ellis;G;38:05;6;16;0;2;8;9;2;6;8;2;1;0;1;2;20;
Monta Ellis;G;34:52;6;13;1;3;2;4;0;3;3;2;2;1;2;1;15;
Monta Ellis;G;35:48;6;15;1;1;3;4;1;6;7;11;1;0;4;1;16;
Monta Ellis;G;30:54;2;7;0;0;5;6;0;1;1;7;0;0;2;2;9;
Monta Ellis;G;37:07;4;11;1;2;8;9;0;7;7;4;1;0;5;3;17;
Monta Ellis;G;36:48;7;15;4;6;4;5;0;6;6;4;2;0;3;5;22;
Monta Ellis;G;33:33;11;14;2;4;2;2;0;4;4;7;1;0;5;4;26;
Monta Ellis;G;41:01;11;24;2;8;8;11;0;1;1;4;1;1;4;5;32;
Monta Ellis;G;42:40;6;15;0;3;5;7;1;2;3;5;4;0;4;3;17;
Monta Ellis;G;35:48;4;19;0;2;4;4;1;4;5;7;2;0;3;3;12;
Monta Ellis;G;37:42;5;12;1;3;6;8;0;3;3;6;2;0;3;2;17;
Monta Ellis;G;42:41;11;23;2;5;3;4;1;1;2;6;2;1;2;0;27;
Monta Ellis;G;36:49;4;12;1;5;3;4;0;4;4;9;0;1;2;0;12;
Monta Ellis;G;34:06;3;13;0;0;2;2;0;3;3;9;1;0;3;1;8;
Monta Ellis;G;39:07;9;19;2;4;3;3;0;4;4;4;1;1;4;2;23;
Monta Ellis;G;38:25;7;17;1;4;1;2;1;3;4;5;0;0;2;0;16;
Monta Ellis;G;37:49;10;22;0;1;4;4;0;4;4;4;1;0;2;3;24;
Monta Ellis;G;43:28;15;23;3;4;4;7;0;4;4;5;2;0;5;3;37;
Monta Ellis;G;41:40;8;21;2;4;0;0;1;5;6;4;2;0;2;0;18;
Monta Ellis;G;36:48;11;17;2;3;8;8;0;4;4;8;2;0;7;3;32;
Monta Ellis;G;32:26;7;19;1;4;5;6;0;4;4;1;3;0;5;4;20;
Monta Ellis;G;38:00;5;14;0;1;8;10;1;2;3;2;3;0;2;3;18;
Monta Ellis;G;31:15;11;14;0;1;8;8;0;3;3;9;1;0;1;3;30;
Monta Ellis;G;38:50;8;17;1;3;3;4;0;5;5;3;0;0;7;5;20;
Monta Ellis;G;36:43;9;24;1;4;4;4;2;1;3;3;1;0;3;2;23;
Monta Ellis;G;39:51;6;14;0;1;6;7;1;1;2;5;3;0;4;2;18;
Monta Ellis;G;37:23;7;16;1;1;4;5;0;4;4;7;0;0;4;3;19;
Monta Ellis;G;41:44;7;16;2;6;4;6;0;3;3;4;1;0;5;4;20;
Monta Ellis;G;39:58;9;19;0;2;1;2;0;2;2;8;3;0;3;4;19;
Monta Ellis;G;39:26;7;14;1;2;9;13;1;3;4;10;0;2;4;1;24;
Monta Ellis;G;40:17;13;18;2;4;9;12;0;2;2;9;2;0;3;4;37;
Monta Ellis;G;38:21;8;19;1;2;9;10;1;2;3;6;1;0;3;2;26;
Monta Ellis;G;34:04;8;14;2;3;7;8;0;6;6;2;2;0;4;1;25;
Monta Ellis;G;35:51;8;15;0;2;6;6;0;0;0;4;1;0;1;2;22;
Monta Ellis;G;31:54;2;16;0;1;0;0;1;1;2;10;2;0;3;2;4;
Monta Ellis;G;37:06;6;15;0;0;0;0;0;3;3;4;2;1;7;2;12;
Monta Ellis;G;36:57;9;15;3;5;5;5;2;4;6;6;2;0;2;2;26;
Monta Ellis;G;37:52;8;18;0;2;6;6;0;5;5;5;0;1;3;2;22;
Monta Ellis;G;39:18;5;13;0;0;4;6;0;6;6;10;3;0;1;0;14;
Monta Ellis;G;39:11;8;17;2;3;2;2;0;1;1;4;1;0;3;4;20;
Monta Ellis;G;33:29;9;18;0;1;3;4;1;2;3;5;2;0;3;2;21;
Monta Ellis;G;35:32;8;20;0;1;5;6;2;2;4;5;3;0;1;3;21;
Monta Ellis;G;23:20;3;7;0;0;1;2;0;3;3;5;0;0;3;2;7;
Monta Ellis;G;32:26;6;12;1;4;5;5;1;3;4;4;3;0;3;3;18;
Monta Ellis;G;45:32;9;19;0;0;3;3;1;1;2;11;4;0;3;2;21;
Monta Ellis;G;37:19;8;17;0;2;3;5;1;3;4;9;3;0;5;2;19;
Monta Ellis;G;35:59;4;16;2;3;8;10;0;5;5;5;2;0;4;1;18;
Monta Ellis;G;41:18;9;19;0;3;5;7;0;3;3;6;3;0;4;4;23;
Monta Ellis;G;36:49;9;19;2;6;2;2;0;2;2;5;0;0;4;4;22;
Monta Ellis;G;40:06;3;14;0;3;3;3;0;3;3;10;2;1;3;2;9;
