╔═══════════════╤═══════════════════════╗
║Name		│Nando De Colo		║
╟───────────────┼───────────────────────╢
║Number		│3			║
╟───────────────┼───────────────────────╢
║Position	│G			║
╟───────────────┼───────────────────────╢
║Height		│6-5			║
╟───────────────┼───────────────────────╢
║Weight		│195			║
╟───────────────┼───────────────────────╢
║Birth		│JUN 23, 1987		║
╟───────────────┼───────────────────────╢
║Age		│27			║
╟───────────────┼───────────────────────╢
║Exp		│1			║
╟───────────────┼───────────────────────╢
║School		│Saint Catherine, France║
╚═══════════════╧═══════════════════════╝
Nando De Colo;;4:44;0;2;0;1;2;2;0;0;0;1;2;0;0;0;2;
Nando De Colo;;3:54;2;2;0;0;0;0;0;1;1;0;0;0;1;0;4;
Nando De Colo;;25:09;5;10;3;4;0;0;0;4;4;2;2;1;1;2;13;
Nando De Colo;;17:48;4;8;1;3;0;0;1;5;6;1;0;0;1;3;9;
Nando De Colo;;14:50;2;4;0;1;3;4;0;2;2;3;0;0;0;0;7;
Nando De Colo;;7:13;0;1;0;0;0;0;0;1;1;0;2;0;1;0;0;
Nando De Colo;G;17:56;3;6;1;1;1;1;0;2;2;0;0;0;2;2;8;
Nando De Colo;;8:59;0;0;0;0;2;2;0;0;0;2;0;0;0;0;2;
Nando De Colo;;11:03;2;2;0;0;1;2;0;0;0;1;0;0;0;1;5;
Nando De Colo;;16:51;3;7;0;1;2;2;2;2;4;3;1;1;1;4;8;
Nando De Colo;G;27:00;4;9;0;2;3;4;0;3;3;2;2;1;3;2;11;
Nando De Colo;;27:39;5;11;1;5;4;4;0;2;2;2;0;0;0;2;15;
Nando De Colo;G;24:49;3;8;0;2;0;0;1;2;3;2;1;0;1;1;6;
Nando De Colo;;9:14;1;3;0;0;0;0;0;1;1;0;0;0;0;1;2;
Nando De Colo;;4:21;0;0;0;0;0;0;0;1;1;0;0;0;0;0;0;
Nando De Colo;;4:53;0;0;0;0;0;0;1;2;3;1;0;0;0;0;0;
Nando De Colo;;2:34;0;0;0;0;0;0;0;1;1;0;0;0;0;0;0;
Nando De Colo;;1:28;0;0;0;0;4;4;0;1;1;0;0;1;0;0;4;
Nando De Colo;;0:53;0;0;0;0;0;0;0;0;0;0;0;0;0;1;0;
Nando De Colo;;0:10;0;0;0;0;0;0;0;0;0;0;0;0;0;0;0;
Nando De Colo;;5:33;0;0;0;0;2;2;1;1;2;0;0;0;1;0;2;
Nando De Colo;;13:35;0;1;0;1;0;0;1;1;2;3;1;1;0;1;0;
Nando De Colo;;7:07;0;3;0;1;0;0;0;0;0;1;0;0;0;2;0;
Nando De Colo;;10:31;1;2;1;1;0;0;0;1;1;1;0;0;3;2;3;
Nando De Colo;;5:04;1;1;1;1;0;0;1;1;2;1;0;0;1;1;3;
Nando De Colo;;3:09;0;1;0;0;0;0;0;0;0;0;0;0;1;0;0;
Nando De Colo;;7:38;2;5;0;1;0;0;0;4;4;1;1;0;0;2;4;
Nando De Colo;;10:33;1;3;0;2;0;0;0;1;1;1;1;1;0;0;2;
Nando De Colo;;12:35;1;4;0;0;2;2;1;0;1;2;0;0;1;2;4;
Nando De Colo;;22:53;3;8;2;5;2;2;0;2;2;5;2;0;2;1;10;
Nando De Colo;;18:35;3;4;0;0;1;1;0;2;2;6;1;0;1;2;7;
Nando De Colo;;7:14;1;5;1;2;0;0;0;0;0;0;0;0;0;1;3;
Nando De Colo;;14:56;2;5;0;2;0;0;1;0;1;2;0;0;1;3;4;
Nando De Colo;;17:48;2;6;1;2;2;2;1;1;2;5;1;0;1;2;7;
Nando De Colo;;25:41;5;12;2;4;0;0;1;2;3;4;0;0;2;3;12;
Nando De Colo;;8:33;2;2;1;1;0;0;0;2;2;0;1;0;0;0;5;
Nando De Colo;;9:45;1;3;1;3;0;0;0;2;2;1;0;0;0;0;3;
Nando De Colo;;8:25;0;1;0;1;0;0;1;2;3;2;0;0;1;0;0;
Nando De Colo;;15:47;3;4;2;3;0;1;0;1;1;4;1;0;2;4;8;
Nando De Colo;;6:07;0;2;0;2;0;0;0;1;1;0;1;0;3;1;0;
Nando De Colo;;5:44;0;1;0;0;0;0;0;1;1;3;0;0;1;1;0;
Nando De Colo;;6:53;1;2;0;0;0;0;0;0;0;1;0;0;1;0;2;
Nando De Colo;;9:27;1;3;0;1;0;0;1;2;3;1;2;0;2;1;2;
Nando De Colo;;2:26;0;1;0;0;0;0;0;0;0;0;0;0;0;0;0;
Nando De Colo;;5:55;0;1;0;0;0;0;0;2;2;1;0;0;0;0;0;
Nando De Colo;;0:39;0;0;0;0;0;0;0;0;0;0;0;0;0;0;0;
