╔═══════════════╤═══════════════════════╗
║Name		│Nate Wolters		║
╟───────────────┼───────────────────────╢
║Number		│6			║
╟───────────────┼───────────────────────╢
║Position	│G			║
╟───────────────┼───────────────────────╢
║Height		│6-4			║
╟───────────────┼───────────────────────╢
║Weight		│190			║
╟───────────────┼───────────────────────╢
║Birth		│MAY 15, 1991		║
╟───────────────┼───────────────────────╢
║Age		│23			║
╟───────────────┼───────────────────────╢
║Exp		│R			║
╟───────────────┼───────────────────────╢
║School		│South Dakota State	║
╚═══════════════╧═══════════════════════╝
Nate Wolters;;3:11;0;0;0;0;0;0;0;1;1;0;0;0;0;0;0;
Nate Wolters;;2:18;0;0;0;0;1;2;0;0;0;2;0;0;1;0;1;
Nate Wolters;;4:14;0;0;0;0;0;0;0;0;0;1;0;0;0;0;0;
Nate Wolters;;12:00;3;7;0;1;3;5;1;0;1;3;0;1;0;0;9;
Nate Wolters;;8:30;2;4;0;0;2;2;0;1;1;1;0;0;1;0;6;
Nate Wolters;;16:21;3;5;0;0;2;4;1;0;1;5;1;1;0;1;8;
Nate Wolters;;17:56;1;6;0;1;2;4;0;0;0;3;2;0;0;0;4;
Nate Wolters;;19:24;3;8;0;0;5;5;0;3;3;4;0;0;1;0;11;
Nate Wolters;G;40:58;4;11;0;0;0;3;1;6;7;9;0;0;0;3;8;
Nate Wolters;G;23:54;4;9;0;0;1;2;1;2;3;2;0;0;1;2;9;
Nate Wolters;G;23:18;3;7;0;0;0;0;1;1;2;2;0;0;1;1;6;
Nate Wolters;G;27:58;2;7;0;0;0;0;1;1;2;4;1;1;0;0;4;
Nate Wolters;G;38:47;9;15;1;3;0;1;2;5;7;3;1;0;2;1;19;
Nate Wolters;G;36:29;2;9;1;3;2;4;2;4;6;3;2;1;0;2;7;
Nate Wolters;G;32:58;6;11;2;3;0;0;2;4;6;7;1;2;1;3;14;
Nate Wolters;G;39:49;6;13;1;2;2;2;2;5;7;8;2;0;1;2;15;
Nate Wolters;G;39:35;6;14;0;2;0;0;1;1;2;5;0;0;1;2;12;
Nate Wolters;G;19:03;0;2;0;0;0;0;0;4;4;0;0;0;0;1;0;
Nate Wolters;G;14:38;3;5;0;2;0;0;0;1;1;2;1;0;3;1;6;
Nate Wolters;G;17:17;2;4;0;0;0;0;1;0;1;0;0;1;1;1;4;
Nate Wolters;G;19:14;3;6;1;2;0;0;0;1;1;1;0;0;1;2;7;
Nate Wolters;G;21:57;4;6;2;2;0;0;0;6;6;5;1;0;2;1;10;
Nate Wolters;G;23:33;4;6;0;0;0;0;0;2;2;2;0;0;1;0;8;
Nate Wolters;G;19:06;4;9;0;2;0;0;1;3;4;2;0;0;0;2;8;
Nate Wolters;G;29:00;4;10;1;2;1;2;2;3;5;4;0;0;0;1;10;
Nate Wolters;G;20:02;4;8;0;1;0;0;0;2;2;1;0;0;0;1;8;
Nate Wolters;G;31:14;5;6;2;2;2;4;0;3;3;3;0;0;2;3;14;
Nate Wolters;G;22:46;2;7;1;3;2;2;0;1;1;1;1;0;1;3;7;
Nate Wolters;G;29:19;5;7;2;2;3;4;0;3;3;2;0;0;1;0;15;
Nate Wolters;G;28:19;5;7;1;1;0;0;0;3;3;3;1;0;1;4;11;
Nate Wolters;G;38:09;1;5;0;0;2;4;0;4;4;6;0;0;5;3;4;
Nate Wolters;G;10:27;1;3;0;1;0;0;1;0;1;1;0;0;0;0;2;
Nate Wolters;;29:41;3;12;1;4;2;2;1;0;1;4;1;1;2;2;9;
Nate Wolters;;29:17;5;10;1;2;3;3;1;1;2;6;0;0;1;1;14;
Nate Wolters;G;36:30;3;8;0;3;1;2;0;4;4;10;0;0;1;4;7;
Nate Wolters;G;32:51;2;5;0;1;5;5;2;6;8;6;0;0;0;3;9;
Nate Wolters;G;35:45;2;6;0;1;1;2;1;2;3;5;2;1;1;2;5;
Nate Wolters;G;24:24;4;8;0;2;1;2;1;2;3;3;3;0;0;0;9;
Nate Wolters;G;39:48;3;8;0;1;3;4;1;2;3;3;1;0;1;2;9;
Nate Wolters;G;33:36;4;11;0;2;0;0;0;2;2;5;2;2;2;1;8;
Nate Wolters;G;27:49;3;10;0;2;1;1;2;4;6;4;0;0;2;2;7;
Nate Wolters;;18:13;3;5;0;0;0;2;0;1;1;4;0;1;3;0;6;
Nate Wolters;;17:37;3;5;0;1;1;2;0;1;1;4;0;0;2;0;7;
Nate Wolters;;9:02;0;2;0;0;0;0;0;1;1;2;0;0;1;1;0;
Nate Wolters;;16:37;4;6;0;1;0;0;0;1;1;3;0;0;0;0;8;
Nate Wolters;;19:46;2;5;0;1;2;2;1;1;2;2;1;0;1;1;6;
Nate Wolters;;17:02;2;8;0;0;0;0;0;3;3;5;0;0;1;2;4;
Nate Wolters;;10:54;1;3;0;0;0;0;0;1;1;2;0;0;1;0;2;
Nate Wolters;;13:15;1;4;0;0;2;2;0;4;4;2;0;0;1;0;4;
Nate Wolters;;30:11;7;15;0;2;4;5;0;1;1;7;2;1;2;2;18;
Nate Wolters;;18:57;2;7;0;0;1;2;2;0;2;3;2;0;1;0;5;
Nate Wolters;;27:34;3;6;0;0;0;0;1;4;5;2;0;1;2;1;6;
Nate Wolters;;13:39;1;3;0;1;0;0;0;2;2;1;0;0;0;0;2;
Nate Wolters;;18:20;3;7;0;0;2;2;0;0;0;3;2;0;1;0;8;
Nate Wolters;;15:24;3;6;0;1;0;0;0;2;2;0;3;0;0;1;6;
Nate Wolters;;15:34;2;5;0;0;0;0;0;0;0;1;1;0;0;1;4;
Nate Wolters;;11:29;2;5;1;2;0;0;0;0;0;2;1;0;2;1;5;
Nate Wolters;;14:22;1;2;0;0;0;2;0;1;1;3;0;1;1;0;2;
