╔═══════════════╤═══════════════╗
║Name		│Nate Robinson	║
╟───────────────┼───────────────╢
║Number		│10		║
╟───────────────┼───────────────╢
║Position	│G		║
╟───────────────┼───────────────╢
║Height		│5-9		║
╟───────────────┼───────────────╢
║Weight		│180		║
╟───────────────┼───────────────╢
║Birth		│MAY 31, 1984	║
╟───────────────┼───────────────╢
║Age		│30		║
╟───────────────┼───────────────╢
║Exp		│8		║
╟───────────────┼───────────────╢
║School		│Washington	║
╚═══════════════╧═══════════════╝
Nate Robinson;;13:08;0;3;0;1;0;0;0;2;2;0;0;0;0;0;0;
Nate Robinson;;22:43;5;10;3;5;2;4;1;1;2;7;1;0;1;2;15;
Nate Robinson;;19:51;7;11;3;5;4;5;3;2;5;5;3;0;0;2;21;
Nate Robinson;;22:42;4;7;1;1;1;1;0;0;0;5;1;0;3;2;10;
Nate Robinson;;23:08;3;13;0;6;0;1;1;0;1;2;0;0;0;2;6;
Nate Robinson;;19:36;2;4;1;2;0;0;0;1;1;6;0;0;0;4;5;
Nate Robinson;;16:55;1;7;0;3;1;2;1;3;4;0;0;0;2;2;3;
Nate Robinson;;22:51;9;12;3;5;3;3;2;2;4;3;1;0;4;4;24;
Nate Robinson;;20:30;8;11;3;5;0;0;0;1;1;2;1;0;0;2;19;
Nate Robinson;;24:09;3;8;1;4;2;2;0;1;1;0;1;0;2;2;9;
Nate Robinson;;19:53;4;12;3;5;2;2;0;0;0;1;0;0;1;3;13;
Nate Robinson;;18:58;6;11;2;5;1;1;0;0;0;3;1;1;4;2;15;
Nate Robinson;;24:24;4;8;1;4;3;4;0;1;1;8;2;0;1;4;12;
Nate Robinson;G;6:16;0;2;0;1;0;0;0;0;0;0;0;0;0;1;0;
Nate Robinson;;17:54;0;5;0;1;0;0;0;2;2;4;0;0;0;1;0;
Nate Robinson;;28:53;8;17;4;6;4;4;1;6;7;1;0;0;3;3;24;
Nate Robinson;;18:36;2;9;0;3;1;2;0;2;2;4;0;0;3;1;5;
Nate Robinson;;20:37;5;11;4;6;1;2;0;3;3;3;1;0;2;2;15;
Nate Robinson;;7:00;2;3;0;0;0;0;0;0;0;1;1;0;1;1;4;
Nate Robinson;;12:06;0;3;0;1;0;0;0;1;1;4;2;0;0;0;0;
Nate Robinson;;19:18;1;8;0;2;0;0;0;3;3;2;2;0;1;4;2;
Nate Robinson;;17:32;3;10;0;3;0;0;1;0;1;3;0;0;1;0;6;
Nate Robinson;;11:53;1;2;0;0;1;1;0;2;2;1;1;1;0;1;3;
Nate Robinson;;8:40;3;5;1;1;3;4;0;0;0;1;1;0;1;0;10;
Nate Robinson;;24:07;3;13;2;6;3;3;1;1;2;3;1;0;1;3;11;
Nate Robinson;;15:59;4;7;2;3;0;0;0;3;3;1;2;0;1;1;10;
Nate Robinson;;23:44;5;9;3;6;4;4;0;1;1;3;1;0;0;2;17;
Nate Robinson;;21:59;5;11;3;5;2;2;1;1;2;4;1;0;1;3;15;
Nate Robinson;;18:26;6;11;0;2;4;4;0;1;1;2;1;0;1;5;16;
Nate Robinson;;23:31;9;14;5;8;0;1;1;0;1;5;0;0;1;4;23;
Nate Robinson;;19:55;3;9;0;2;3;4;1;0;1;3;0;0;0;1;9;
Nate Robinson;;26:55;7;15;0;2;0;1;0;2;2;2;0;0;0;4;14;
Nate Robinson;;24:07;4;11;1;2;2;3;1;3;4;1;0;0;3;2;11;
Nate Robinson;;26:02;6;14;1;6;7;8;0;2;2;3;0;0;2;1;20;
Nate Robinson;;28:03;6;15;0;2;4;4;0;3;3;2;4;0;1;2;16;
Nate Robinson;;26:47;3;11;1;4;0;0;2;2;4;3;1;0;1;3;7;
Nate Robinson;;26:35;5;10;2;5;2;2;0;2;2;4;0;2;1;5;14;
Nate Robinson;;24:41;4;9;2;6;2;2;0;1;1;2;1;0;4;1;12;
Nate Robinson;;15:20;2;4;0;2;2;2;1;1;2;3;1;0;0;1;6;
Nate Robinson;;21:26;3;7;2;6;3;3;1;1;2;3;1;0;2;3;11;
Nate Robinson;;16:43;4;9;1;4;4;4;1;1;2;1;1;0;0;2;13;
Nate Robinson;;15:44;0;3;0;2;0;0;0;0;0;1;1;0;3;1;0;
Nate Robinson;;17:33;4;8;3;5;0;0;1;1;2;0;0;0;4;3;11;
Nate Robinson;;10:57;0;1;0;1;0;0;0;1;1;0;1;0;2;0;0;
