╔═══════════════╤═══════════════╗
║Name		│Nazr Mohammed	║
╟───────────────┼───────────────╢
║Number		│48		║
╟───────────────┼───────────────╢
║Position	│C		║
╟───────────────┼───────────────╢
║Height		│6-10		║
╟───────────────┼───────────────╢
║Weight		│250		║
╟───────────────┼───────────────╢
║Birth		│SEP 05, 1977	║
╟───────────────┼───────────────╢
║Age		│36		║
╟───────────────┼───────────────╢
║Exp		│15		║
╟───────────────┼───────────────╢
║School		│Kentucky	║
╚═══════════════╧═══════════════╝
Nazr Mohammed;;4:10;1;1;0;0;0;0;1;0;1;0;0;0;0;1;2;
Nazr Mohammed;;13:39;2;6;0;0;3;4;3;3;6;1;0;1;2;0;7;
Nazr Mohammed;;12:04;2;3;0;0;0;1;3;1;4;1;0;1;2;2;4;
Nazr Mohammed;;6:22;0;0;0;0;0;0;1;3;4;1;1;0;0;0;0;
Nazr Mohammed;;4:35;0;0;0;0;0;0;1;1;2;0;0;1;0;0;0;
Nazr Mohammed;;0:59;0;0;0;0;0;0;0;0;0;0;0;0;0;0;0;
Nazr Mohammed;;5:54;0;1;0;0;0;0;1;1;2;0;0;0;1;1;0;
Nazr Mohammed;;5:48;1;1;0;0;0;0;0;0;0;0;0;0;0;2;2;
Nazr Mohammed;;8:05;2;5;0;0;0;0;0;3;3;0;0;2;1;3;4;
Nazr Mohammed;;4:27;0;1;0;0;0;0;0;1;1;0;0;0;0;0;0;
Nazr Mohammed;;9:02;1;5;0;0;0;0;1;0;1;0;0;2;0;2;2;
Nazr Mohammed;;6:41;0;2;0;0;0;0;2;2;4;0;0;0;0;0;0;
Nazr Mohammed;;4:09;0;0;0;0;0;0;0;2;2;0;0;1;0;1;0;
Nazr Mohammed;;22:45;3;5;0;0;3;4;1;4;5;1;1;1;0;4;9;
Nazr Mohammed;;4:09;0;0;0;0;0;0;1;0;1;0;0;0;0;1;0;
Nazr Mohammed;;6:53;0;1;0;0;0;0;0;0;0;0;1;0;1;1;0;
Nazr Mohammed;;16:57;0;2;0;0;0;2;3;2;5;1;0;0;0;0;0;
Nazr Mohammed;;4:40;0;0;0;0;0;0;0;1;1;0;0;0;0;0;0;
Nazr Mohammed;;6:16;0;1;0;0;0;0;1;1;2;0;0;0;0;1;0;
Nazr Mohammed;;6:38;0;0;0;0;0;0;0;3;3;0;0;0;0;2;0;
Nazr Mohammed;;4:54;1;1;0;0;0;0;1;1;2;0;1;0;1;0;2;
Nazr Mohammed;;4:06;1;1;0;0;0;0;0;1;1;0;0;0;1;0;2;
Nazr Mohammed;;4:06;0;0;0;0;0;0;0;2;2;0;1;0;0;2;0;
Nazr Mohammed;;13:24;3;6;0;0;0;2;1;1;2;1;0;0;1;4;6;
Nazr Mohammed;;4:27;0;2;0;0;0;0;1;3;4;0;0;0;1;1;0;
Nazr Mohammed;;4:41;0;0;0;0;0;0;0;2;2;1;0;0;0;0;0;
Nazr Mohammed;;9:17;4;7;0;0;0;1;1;2;3;0;0;0;2;2;8;
Nazr Mohammed;;3:34;0;0;0;0;0;0;1;0;1;0;0;0;0;1;0;
Nazr Mohammed;;9:37;1;1;0;0;0;0;0;4;4;0;0;0;0;0;2;
Nazr Mohammed;;6:17;1;2;0;0;0;0;1;1;2;0;0;0;1;1;2;
Nazr Mohammed;;3:35;0;0;0;0;0;0;0;1;1;0;0;0;1;1;0;
Nazr Mohammed;;4:15;1;1;0;0;0;0;1;0;1;0;0;0;0;2;2;
Nazr Mohammed;;14:23;3;5;0;0;0;0;1;4;5;0;0;1;1;1;6;
Nazr Mohammed;;7:14;1;1;0;0;0;0;1;4;5;1;0;1;0;0;2;
Nazr Mohammed;;4:20;0;0;0;0;0;0;0;2;2;0;0;0;0;1;0;
Nazr Mohammed;;6:23;1;3;0;0;2;3;3;5;8;0;0;1;1;0;4;
Nazr Mohammed;;4:21;0;2;0;0;0;0;2;1;3;1;0;1;0;1;0;
Nazr Mohammed;;4:31;0;0;0;0;0;0;0;1;1;0;0;1;0;0;0;
Nazr Mohammed;;5:36;0;0;0;0;0;0;0;2;2;1;1;1;1;1;0;
Nazr Mohammed;;3:41;0;0;0;0;0;0;1;2;3;0;0;0;0;0;0;
Nazr Mohammed;;4:54;0;1;0;0;0;0;0;1;1;0;0;1;0;1;0;
Nazr Mohammed;;5:11;1;1;0;0;0;0;0;0;0;0;0;0;0;2;2;
Nazr Mohammed;;4:36;0;0;0;0;0;0;0;0;0;0;0;0;0;0;0;
Nazr Mohammed;;5:51;1;1;0;0;0;0;0;3;3;0;0;1;0;1;2;
Nazr Mohammed;;5:21;1;1;0;0;0;0;0;1;1;1;0;0;1;2;2;
Nazr Mohammed;;6:32;0;0;0;0;0;0;0;1;1;0;0;1;1;2;0;
Nazr Mohammed;;4:22;1;1;0;0;0;0;0;0;0;1;0;0;0;0;2;
Nazr Mohammed;;4:45;2;2;0;0;0;0;0;0;0;0;1;0;0;0;4;
Nazr Mohammed;;4:19;1;1;0;0;0;0;1;0;1;0;0;0;0;1;2;
Nazr Mohammed;;6:32;1;2;0;0;0;0;0;1;1;0;0;0;0;0;2;
Nazr Mohammed;;6:00;1;3;0;0;0;0;0;2;2;0;0;0;0;0;2;
Nazr Mohammed;;5:16;0;0;0;0;0;0;1;1;2;1;0;0;0;1;0;
Nazr Mohammed;;4:23;0;0;0;0;0;0;0;0;0;0;0;0;2;0;0;
Nazr Mohammed;;7:49;1;1;0;0;0;0;1;2;3;1;0;1;1;0;2;
Nazr Mohammed;;13:22;1;2;0;0;0;0;0;2;2;0;1;0;1;1;2;
Nazr Mohammed;;13:37;3;6;0;0;0;1;2;1;3;1;0;1;1;4;6;
Nazr Mohammed;;8:15;0;2;0;0;0;0;3;0;3;0;0;1;1;1;0;
Nazr Mohammed;;6:44;1;2;0;0;0;0;1;0;1;0;1;1;0;0;2;
Nazr Mohammed;;10:50;1;1;0;0;0;0;0;1;1;1;0;1;0;1;2;
Nazr Mohammed;;7:12;0;1;0;0;0;0;1;3;4;0;0;1;0;4;0;
Nazr Mohammed;;8:07;0;1;0;0;0;0;0;1;1;0;0;0;0;0;0;
Nazr Mohammed;;17:59;0;1;0;0;1;2;4;5;9;0;2;0;0;2;1;
Nazr Mohammed;;21:13;2;6;0;0;0;0;5;6;11;0;0;1;2;2;4;
Nazr Mohammed;;4:23;0;0;0;0;0;0;0;0;0;0;0;0;0;0;0;
Nazr Mohammed;;7:05;1;1;0;0;0;0;1;0;1;0;1;0;0;0;2;
Nazr Mohammed;;4:46;0;0;0;0;0;0;1;0;1;1;0;0;0;0;0;
Nazr Mohammed;;4:40;0;1;0;0;0;0;2;0;2;0;0;0;1;0;0;
Nazr Mohammed;;4:57;0;2;0;0;0;0;0;1;1;1;0;0;0;1;0;
Nazr Mohammed;;6:02;1;2;0;0;0;0;1;1;2;0;1;0;1;1;2;
Nazr Mohammed;C;12:25;0;2;0;0;1;2;1;3;4;1;0;1;1;2;1;
Nazr Mohammed;;2:39;0;2;0;0;0;0;2;0;2;0;0;0;0;1;0;
Nazr Mohammed;;4:46;1;1;0;0;1;2;0;0;0;0;0;1;1;1;3;
Nazr Mohammed;;6:48;0;0;0;0;1;2;0;0;0;0;0;0;2;3;1;
Nazr Mohammed;;4:29;0;0;0;0;0;0;0;0;0;1;0;0;1;1;0;
Nazr Mohammed;;9:29;1;3;0;0;2;2;1;1;2;0;0;1;0;0;4;
Nazr Mohammed;;6:31;2;4;0;0;2;2;1;1;2;0;0;0;1;0;6;
Nazr Mohammed;;7:25;0;1;0;0;0;0;0;0;0;0;0;0;0;0;0;
Nazr Mohammed;;4:05;0;1;0;0;0;0;1;1;2;0;0;1;0;0;0;
Nazr Mohammed;;4:13;0;2;0;0;0;0;1;1;2;0;1;1;0;1;0;
Nazr Mohammed;;7:41;1;2;0;0;0;0;1;2;3;0;0;0;1;2;2;
