╔═══════════════╤═══════════════╗
║Name		│Nemanja Nedovic║
╟───────────────┼───────────────╢
║Number		│8		║
╟───────────────┼───────────────╢
║Position	│G		║
╟───────────────┼───────────────╢
║Height		│6-3		║
╟───────────────┼───────────────╢
║Weight		│192		║
╟───────────────┼───────────────╢
║Birth		│JUN 16, 1991	║
╟───────────────┼───────────────╢
║Age		│23		║
╟───────────────┼───────────────╢
║Exp		│R		║
╟───────────────┼───────────────╢
║School		│Serbia		║
╚═══════════════╧═══════════════╝
Nemanja Nedovic;;4:35;0;1;0;0;2;2;0;0;0;1;0;0;1;0;2;
Nemanja Nedovic;;3:27;0;3;0;2;0;0;0;0;0;0;0;0;0;0;0;
Nemanja Nedovic;;0:21;0;0;0;0;0;0;0;0;0;0;0;0;0;0;0;
Nemanja Nedovic;;7:36;0;1;0;1;0;0;0;0;0;0;0;0;0;0;0;
Nemanja Nedovic;;0:49;0;0;0;0;0;0;0;0;0;0;0;0;0;0;0;
Nemanja Nedovic;;3:33;0;2;0;0;0;0;0;1;1;1;0;0;1;0;0;
Nemanja Nedovic;;11:40;1;3;0;2;0;0;0;1;1;0;0;0;2;0;2;
Nemanja Nedovic;;1:27;0;0;0;0;0;0;0;0;0;0;0;0;0;0;0;
Nemanja Nedovic;;4:51;0;1;0;1;1;2;1;0;1;1;0;0;0;0;1;
Nemanja Nedovic;;6:17;1;2;0;1;2;2;0;0;0;0;0;0;1;0;4;
Nemanja Nedovic;;2:59;0;1;0;0;0;0;0;0;0;2;0;0;0;0;0;
Nemanja Nedovic;;2:46;0;1;0;0;0;0;0;0;0;0;0;0;0;1;0;
Nemanja Nedovic;;5:18;0;2;0;2;0;0;0;1;1;0;0;0;0;2;0;
Nemanja Nedovic;;13:03;2;4;1;1;0;0;1;1;2;1;0;0;2;3;5;
Nemanja Nedovic;;12:39;0;2;0;1;0;0;0;2;2;1;0;0;0;2;0;
Nemanja Nedovic;;12:13;1;2;0;0;2;2;0;0;0;1;0;0;1;1;4;
Nemanja Nedovic;;11:25;0;1;0;1;0;0;0;3;3;3;0;1;0;1;0;
Nemanja Nedovic;;7:54;1;5;0;2;0;0;0;1;1;1;0;0;2;1;2;
Nemanja Nedovic;;4:51;0;0;0;0;0;0;0;0;0;0;0;0;1;0;0;
Nemanja Nedovic;;11:26;0;2;0;1;0;0;0;1;1;0;0;0;2;1;0;
Nemanja Nedovic;;3:22;1;1;1;1;0;0;0;0;0;1;0;0;0;0;3;
Nemanja Nedovic;;3:30;0;2;0;1;0;0;0;0;0;0;0;0;0;1;0;
Nemanja Nedovic;;0:08;0;0;0;0;0;0;0;0;0;0;0;0;0;0;0;
Nemanja Nedovic;;6:11;1;3;1;1;0;0;1;1;2;0;0;0;0;0;3;
