╔═══════════════╤═══════════════════════╗
║Name		│Nene			║
╟───────────────┼───────────────────────╢
║Number		│42			║
╟───────────────┼───────────────────────╢
║Position	│F-C			║
╟───────────────┼───────────────────────╢
║Height		│6-11			║
╟───────────────┼───────────────────────╢
║Weight		│250			║
╟───────────────┼───────────────────────╢
║Birth		│SEP 13, 1982		║
╟───────────────┼───────────────────────╢
║Age		│31			║
╟───────────────┼───────────────────────╢
║Exp		│11			║
╟───────────────┼───────────────────────╢
║School		│Sao Carlos, Brazil	║
╚═══════════════╧═══════════════════════╝
Nene;;23:52;2;7;0;0;0;2;2;1;3;1;2;1;2;6;4;
Nene;;20:14;4;9;0;0;7;8;1;3;4;0;0;1;4;0;15;
Nene;;25:26;6;9;0;0;2;2;0;4;4;4;0;0;4;3;14;
Nene;;15:01;3;9;0;0;1;2;1;5;6;1;0;0;2;3;7;
Nene;;26:44;4;6;0;0;3;5;0;4;4;3;1;1;4;3;11;
Nene;;28:52;6;15;0;0;0;3;1;4;5;4;1;1;1;4;12;
Nene;;26:30;3;10;0;0;2;6;4;6;10;6;1;1;0;5;8;
Nene;F;35:48;9;14;0;0;1;6;1;4;5;5;2;2;3;4;19;
Nene;F;34:22;6;15;0;0;7;9;0;4;4;9;2;2;1;3;19;
Nene;F;34:37;3;15;0;0;4;6;1;6;7;4;1;2;4;3;10;
Nene;F;35:10;5;9;0;0;4;10;0;4;4;3;0;1;4;2;14;
Nene;F;23:09;1;5;0;0;5;8;1;4;5;2;2;2;1;3;7;
Nene;F;33:51;7;14;0;0;3;5;3;6;9;3;1;1;2;3;17;
Nene;F;33:08;8;15;0;0;2;4;5;3;8;2;1;1;6;3;18;
Nene;F;33:05;9;16;0;0;1;2;3;3;6;2;0;1;1;3;19;
Nene;F;34:44;7;15;0;0;2;2;2;5;7;2;2;1;3;3;16;
Nene;F;25:39;7;15;0;1;0;1;2;6;8;6;2;0;4;4;14;
Nene;F;27:05;8;12;1;1;0;2;2;3;5;1;1;0;3;5;17;
Nene;F;30:49;5;15;0;0;3;4;0;7;7;1;2;1;1;2;13;
Nene;F;32:50;4;12;0;0;1;2;0;6;6;3;2;1;3;2;9;
Nene;F;34:17;6;10;0;0;1;4;2;6;8;5;4;0;2;3;13;
Nene;F;34:55;6;13;0;0;6;7;2;3;5;5;2;3;1;3;18;
Nene;F;36:23;7;13;0;1;3;3;1;3;4;3;3;1;2;4;17;
Nene;F;30:00;9;12;0;0;3;9;0;1;1;1;1;0;2;6;21;
Nene;F;33:52;8;17;0;0;1;5;1;4;5;2;0;0;2;4;17;
Nene;F;30:49;3;9;0;0;4;6;1;5;6;2;1;0;5;4;10;
Nene;F;33:12;13;19;0;0;4;6;3;4;7;0;3;2;4;3;30;
Nene;F;21:02;4;10;0;0;0;0;1;3;4;4;1;1;2;3;8;
Nene;;16:52;5;9;0;0;0;4;0;0;0;1;1;0;0;3;10;
Nene;;19:55;7;11;0;0;3;6;1;2;3;2;1;1;2;0;17;
Nene;;24:13;8;12;0;0;2;4;1;3;4;2;1;1;5;2;18;
Nene;;22:21;5;6;0;0;2;4;1;2;3;3;0;0;2;2;12;
Nene;C;30:18;4;6;0;0;4;7;1;2;3;1;1;1;0;4;12;
Nene;F;29:19;4;10;0;0;2;2;2;3;5;2;1;2;1;4;10;
Nene;F;34:32;8;12;0;0;4;7;2;6;8;3;1;1;2;4;20;
Nene;F;25:21;5;6;0;0;4;10;3;4;7;6;0;1;0;3;14;
Nene;F;33:11;3;7;0;0;8;14;4;3;7;3;3;0;6;3;14;
Nene;F;25:03;2;6;0;0;0;0;0;2;2;0;0;0;1;3;4;
Nene;F;36:41;9;16;0;1;6;9;1;6;7;2;1;2;3;4;24;
Nene;F;34:35;7;12;0;0;6;6;1;4;5;4;1;1;2;4;20;
Nene;F;37:45;10;16;0;0;4;4;1;7;8;6;1;1;1;5;24;
Nene;F;36:44;5;14;0;0;0;0;0;10;10;4;0;2;4;3;10;
Nene;F;34:45;4;10;0;0;0;2;1;6;7;3;1;1;1;4;8;
Nene;F;37:14;13;22;0;0;4;6;0;2;2;5;2;0;1;2;30;
Nene;F;35:07;2;6;0;0;5;6;2;6;8;1;1;0;2;1;9;
Nene;F;35:41;4;12;0;0;5;6;1;11;12;3;1;1;2;3;13;
Nene;F;30:50;5;12;0;0;4;5;0;6;6;1;1;3;2;3;14;
Nene;F;24:54;5;8;0;0;0;4;0;2;2;2;2;1;0;1;10;
Nene;;22:38;6;10;0;0;5;7;0;3;3;2;2;0;1;1;17;
Nene;;22:32;4;6;0;0;5;6;1;7;8;5;2;1;0;3;13;
Nene;;22:08;4;10;0;0;5;8;1;4;5;0;0;0;2;3;13;
Nene;;19:12;2;4;0;1;3;4;1;4;5;3;2;0;3;1;7;
Nene;;28:01;5;9;0;0;1;2;0;6;6;5;0;0;1;3;11;
