╔═══════════════╤═══════════════╗
║Name		│Nick Collison	║
╟───────────────┼───────────────╢
║Number		│4		║
╟───────────────┼───────────────╢
║Position	│F-C		║
╟───────────────┼───────────────╢
║Height		│6-10		║
╟───────────────┼───────────────╢
║Weight		│255		║
╟───────────────┼───────────────╢
║Birth		│OCT 26, 1980	║
╟───────────────┼───────────────╢
║Age		│33		║
╟───────────────┼───────────────╢
║Exp		│9		║
╟───────────────┼───────────────╢
║School		│Kansas		║
╚═══════════════╧═══════════════╝
Nick Collison;;5:51;0;0;0;0;0;0;0;0;0;0;1;0;0;0;0;
Nick Collison;;22:31;4;6;0;0;0;0;2;1;3;1;1;1;1;3;8;
Nick Collison;;19:23;3;4;0;0;2;4;2;1;3;1;0;0;0;1;8;
Nick Collison;;30:00;3;3;1;1;1;2;4;2;6;3;0;0;2;2;8;
Nick Collison;;13:25;0;1;0;0;0;0;0;1;1;0;0;0;2;1;0;
Nick Collison;;13:38;2;3;0;0;0;0;2;1;3;1;0;0;0;3;4;
Nick Collison;;18:22;0;1;0;0;3;4;1;4;5;1;0;0;1;2;3;
Nick Collison;;19:09;1;2;0;0;0;0;0;3;3;2;0;1;0;1;2;
Nick Collison;;15:40;0;1;0;0;3;4;1;0;1;3;0;1;1;5;3;
Nick Collison;;16:60;4;6;0;0;2;3;3;4;7;2;0;0;1;3;10;
Nick Collison;;19:13;1;2;0;0;0;0;5;2;7;1;0;0;0;2;2;
Nick Collison;;15:54;3;3;0;0;0;0;2;2;4;1;1;0;0;3;6;
Nick Collison;;22:54;3;7;0;1;0;0;1;1;2;4;0;0;1;1;6;
Nick Collison;;26:22;5;6;0;1;2;3;1;2;3;1;2;1;0;3;12;
Nick Collison;;18:12;4;7;0;1;0;0;1;1;2;5;0;0;1;1;8;
Nick Collison;;12:55;1;2;0;0;1;2;2;1;3;2;1;0;0;1;3;
Nick Collison;;15:56;1;3;0;0;2;2;3;3;6;2;1;0;0;2;4;
Nick Collison;;18:07;1;1;0;0;0;0;2;1;3;0;0;0;2;2;2;
Nick Collison;;10:49;1;2;0;0;0;0;2;1;3;2;0;1;0;1;2;
Nick Collison;;16:08;1;2;0;0;0;0;1;1;2;1;0;0;1;1;2;
Nick Collison;;16:05;1;1;0;0;2;2;1;2;3;0;0;1;1;2;4;
Nick Collison;;20:32;1;2;0;0;0;0;1;5;6;2;0;1;2;2;2;
Nick Collison;;22:53;4;4;0;0;1;2;2;2;4;1;0;0;0;3;9;
Nick Collison;;15:37;0;1;0;0;0;0;2;2;4;3;1;0;1;2;0;
Nick Collison;;11:00;0;1;0;0;0;0;0;3;3;1;0;0;0;0;0;
Nick Collison;;19:34;2;3;0;0;1;2;2;4;6;3;0;0;1;3;5;
Nick Collison;;16:53;2;3;0;0;1;2;3;1;4;0;1;1;3;2;5;
Nick Collison;;14:56;0;2;0;1;0;0;2;3;5;1;0;1;1;3;0;
Nick Collison;;13:28;2;3;0;0;3;4;1;1;2;0;0;0;3;5;7;
Nick Collison;;12:31;0;1;0;0;2;2;0;5;5;4;1;0;0;2;2;
Nick Collison;;10:33;2;2;0;0;0;0;2;2;4;0;0;0;0;3;4;
Nick Collison;;11:31;1;2;0;0;0;0;1;2;3;0;0;0;1;2;2;
Nick Collison;;1:43;0;0;0;0;0;0;0;0;0;0;0;0;0;3;0;
Nick Collison;;12:13;2;2;0;0;2;2;2;4;6;0;1;0;1;3;6;
Nick Collison;;19:10;0;1;0;0;1;2;3;4;7;1;0;0;2;3;1;
Nick Collison;;13:33;1;3;0;0;0;0;1;1;2;1;2;0;1;4;2;
Nick Collison;;21:03;0;1;0;0;0;0;2;3;5;3;1;0;0;2;0;
Nick Collison;;19:06;1;2;0;0;1;2;0;0;0;1;0;0;1;3;3;
Nick Collison;;22:15;4;5;1;1;1;2;3;3;6;1;0;0;1;5;10;
Nick Collison;;22:28;3;7;0;0;1;2;4;3;7;1;1;0;2;3;7;
Nick Collison;;14:30;1;3;0;0;0;0;1;2;3;2;2;1;0;2;2;
Nick Collison;;23:49;4;5;0;0;0;0;2;5;7;1;0;1;2;5;8;
Nick Collison;;13:23;1;1;0;0;2;2;0;0;0;2;1;0;1;2;4;
Nick Collison;;15:02;2;5;1;1;0;0;2;2;4;0;0;0;2;2;5;
Nick Collison;;14:36;3;3;0;0;0;0;0;1;1;0;1;1;1;1;6;
Nick Collison;;18:00;3;6;0;1;1;2;1;6;7;3;0;0;1;4;7;
Nick Collison;;12:15;1;1;0;0;0;0;2;2;4;1;0;0;1;2;2;
Nick Collison;;15:56;2;4;0;0;2;3;2;2;4;0;1;0;3;0;6;
Nick Collison;;16:03;0;1;0;0;0;0;0;2;2;3;0;1;0;1;0;
Nick Collison;;7:44;0;2;0;1;0;0;0;1;1;2;0;0;0;1;0;
Nick Collison;;15:16;2;3;0;0;0;0;3;0;3;2;0;0;1;3;4;
Nick Collison;;12:57;2;4;0;0;2;2;1;3;4;0;1;1;1;5;6;
Nick Collison;;16:28;2;3;1;1;2;2;0;0;0;0;0;0;2;3;7;
Nick Collison;;20:34;1;2;0;0;2;2;0;1;1;2;1;0;3;3;4;
Nick Collison;;17:27;2;3;0;0;0;2;0;1;1;0;1;0;1;5;4;
Nick Collison;;20:40;3;3;0;0;3;3;0;4;4;1;1;0;0;0;9;
Nick Collison;;20:08;2;2;0;0;0;0;1;4;5;0;0;0;0;5;4;
Nick Collison;;20:37;1;5;0;0;0;0;2;2;4;1;1;0;1;1;2;
Nick Collison;;25:06;1;5;0;1;1;2;0;4;4;2;0;0;0;2;3;
Nick Collison;;19:17;2;5;0;0;0;0;2;4;6;1;0;0;0;3;4;
Nick Collison;;11:30;1;1;0;0;2;3;1;2;3;1;2;0;0;1;4;
Nick Collison;;6:24;0;0;0;0;0;0;1;1;2;1;0;0;1;0;0;
Nick Collison;;18:42;0;1;0;0;0;0;3;0;3;2;1;1;2;2;0;
Nick Collison;;16:49;2;5;0;2;0;0;1;2;3;1;0;0;1;2;4;
Nick Collison;;14:49;2;4;0;1;2;2;1;4;5;0;0;0;1;2;6;
Nick Collison;;17:13;3;3;0;0;0;0;1;2;3;1;0;1;1;1;6;
Nick Collison;;16:35;1;3;0;0;2;2;2;3;5;1;0;0;0;5;4;
Nick Collison;;24:18;2;4;0;1;2;5;0;2;2;1;0;2;3;3;6;
Nick Collison;;15:31;0;1;0;0;2;2;1;2;3;1;0;2;0;4;2;
Nick Collison;;21:17;2;3;0;0;0;0;2;4;6;2;0;0;0;3;4;
Nick Collison;;16:55;2;2;0;0;1;2;0;4;4;1;0;2;1;1;5;
Nick Collison;;5:32;0;2;0;0;0;0;2;0;2;0;0;1;2;1;0;
Nick Collison;;17:42;1;3;0;0;0;0;2;1;3;2;0;0;1;2;2;
Nick Collison;;20:47;4;7;0;1;0;0;2;4;6;0;1;2;1;3;8;
Nick Collison;;19:50;4;6;0;0;1;1;1;2;3;0;0;0;0;2;9;
Nick Collison;;19:38;3;4;0;0;2;2;2;2;4;1;0;1;0;1;8;
Nick Collison;;16:09;2;3;0;0;2;2;2;3;5;1;1;1;0;1;6;
Nick Collison;;18:39;2;4;0;0;1;2;3;1;4;3;0;1;0;3;5;
Nick Collison;;16:15;0;2;0;1;2;2;0;1;1;3;0;0;1;3;2;
Nick Collison;;13:14;2;5;0;0;0;0;1;4;5;3;0;0;1;1;4;
Nick Collison;;16:51;2;4;0;0;0;0;2;5;7;0;0;0;1;3;4;
