╔═══════════════╤═══════════════╗
║Name		│Nick Calathes	║
╟───────────────┼───────────────╢
║Number		│12		║
╟───────────────┼───────────────╢
║Position	│G		║
╟───────────────┼───────────────╢
║Height		│6-6		║
╟───────────────┼───────────────╢
║Weight		│213		║
╟───────────────┼───────────────╢
║Birth		│FEB 07, 1989	║
╟───────────────┼───────────────╢
║Age		│25		║
╟───────────────┼───────────────╢
║Exp		│R		║
╟───────────────┼───────────────╢
║School		│Florida	║
╚═══════════════╧═══════════════╝
Nick Calathes;;4:51;0;0;0;0;2;2;0;0;0;1;0;0;0;1;2;
Nick Calathes;;15:43;1;3;0;1;0;0;0;0;0;5;3;0;1;2;2;
Nick Calathes;;11:23;0;3;0;0;1;2;0;0;0;1;0;0;0;1;1;
Nick Calathes;;9:01;1;1;0;0;0;2;1;0;1;2;0;0;0;1;2;
Nick Calathes;;9:30;1;2;0;0;0;0;0;0;0;2;1;0;1;2;2;
Nick Calathes;;9:17;0;1;0;0;0;0;0;2;2;0;0;0;1;2;0;
Nick Calathes;;13:02;1;3;0;1;1;2;0;1;1;3;0;0;2;1;3;
Nick Calathes;;14:47;3;4;1;1;0;0;0;2;2;0;2;0;1;2;7;
Nick Calathes;;10:28;1;2;1;1;2;4;0;0;0;0;0;0;1;2;5;
Nick Calathes;;14:43;1;3;0;1;0;0;0;1;1;2;1;0;2;0;2;
Nick Calathes;;19:45;5;10;1;2;0;0;0;2;2;1;3;0;1;3;11;
Nick Calathes;;13:24;1;5;0;1;0;0;0;4;4;4;0;0;0;0;2;
Nick Calathes;;13:40;2;4;0;0;0;0;0;2;2;4;0;0;2;1;4;
Nick Calathes;;11:34;3;5;1;1;0;0;0;0;0;0;2;0;2;3;7;
Nick Calathes;G;40:07;8;12;4;5;2;3;0;5;5;3;1;0;0;2;22;
Nick Calathes;G;28:48;4;11;0;4;0;0;1;2;3;3;4;0;0;3;8;
Nick Calathes;G;41:17;6;12;2;4;2;2;2;3;5;5;3;0;6;5;16;
Nick Calathes;G;29:48;5;15;0;3;0;0;1;2;3;5;3;0;4;3;10;
Nick Calathes;G;39:12;7;9;2;3;1;2;0;5;5;6;1;0;6;5;17;
Nick Calathes;G;35:43;8;12;1;2;1;1;2;5;7;6;2;0;2;3;18;
Nick Calathes;G;36:51;6;14;0;1;0;0;1;4;5;6;4;2;2;2;12;
Nick Calathes;;18:55;4;7;1;1;2;2;0;3;3;5;1;0;1;2;11;
Nick Calathes;;12:33;0;3;0;3;0;0;0;1;1;2;0;1;2;3;0;
Nick Calathes;;16:04;2;2;0;0;0;0;0;2;2;4;1;1;3;3;4;
Nick Calathes;;22:17;3;8;0;0;0;1;0;2;2;5;1;0;1;0;6;
Nick Calathes;;21:47;2;6;0;1;0;0;0;2;2;5;0;0;2;1;4;
Nick Calathes;;10:11;0;1;0;1;0;0;0;0;0;1;0;1;2;0;0;
Nick Calathes;;13:45;3;4;0;1;0;0;0;3;3;4;0;0;0;2;6;
Nick Calathes;;30:01;4;8;0;1;2;2;2;3;5;5;4;0;1;1;10;
Nick Calathes;;17:24;0;0;0;0;0;0;0;1;1;5;2;0;0;0;0;
Nick Calathes;;17:45;1;5;0;2;0;0;0;2;2;1;0;0;0;0;2;
Nick Calathes;;19:06;3;4;1;1;0;0;0;2;2;9;1;0;1;2;7;
Nick Calathes;;14:53;2;4;0;0;2;2;0;4;4;7;0;0;1;1;6;
Nick Calathes;;17:54;3;3;0;0;5;8;3;5;8;2;2;0;1;3;11;
Nick Calathes;;26:01;3;6;0;2;0;1;0;2;2;6;2;0;3;3;6;
Nick Calathes;;14:55;1;4;0;1;0;0;1;1;2;3;0;0;0;0;2;
Nick Calathes;;13:51;2;3;0;0;0;0;0;3;3;3;0;0;2;1;4;
Nick Calathes;;16:20;1;3;0;1;0;0;0;0;0;2;1;1;1;2;2;
Nick Calathes;;16:30;1;4;0;0;0;0;1;1;2;3;1;0;2;1;2;
Nick Calathes;;14:58;4;6;1;1;0;0;1;1;2;3;2;0;1;1;9;
Nick Calathes;;13:14;3;6;0;1;1;1;0;3;3;1;2;0;2;0;7;
Nick Calathes;;6:05;0;2;0;0;0;0;0;1;1;2;0;0;0;0;0;
Nick Calathes;;17:37;4;7;1;1;0;0;1;1;2;3;1;0;3;2;9;
Nick Calathes;;14:44;3;8;0;1;0;0;0;3;3;3;0;0;2;1;6;
Nick Calathes;;17:21;1;3;0;0;2;2;0;1;1;2;2;0;1;3;4;
Nick Calathes;;17:23;2;6;0;2;0;0;0;2;2;1;1;0;1;4;4;
Nick Calathes;;8:28;1;1;0;0;0;0;1;0;1;2;1;0;0;2;2;
Nick Calathes;;24:43;3;7;0;1;6;9;1;4;5;4;2;0;3;2;12;
Nick Calathes;;14:26;1;4;0;1;0;0;0;0;0;2;0;0;1;0;2;
Nick Calathes;;10:25;0;1;0;0;0;0;0;1;1;2;1;0;2;3;0;
Nick Calathes;;11:15;1;2;1;1;0;0;1;0;1;1;1;0;1;0;3;
Nick Calathes;;4:46;1;3;0;0;0;0;1;1;2;1;0;0;1;0;2;
Nick Calathes;;6:04;1;1;0;0;0;0;0;1;1;0;0;0;0;1;2;
Nick Calathes;;10:09;1;3;0;0;0;0;0;0;0;2;0;0;4;3;2;
Nick Calathes;;22:40;1;6;0;2;0;0;0;2;2;5;1;1;4;2;2;
Nick Calathes;;25:11;2;5;0;0;0;3;0;2;2;6;1;0;1;3;4;
Nick Calathes;;4:55;0;0;0;0;1;2;0;1;1;1;0;0;2;0;1;
Nick Calathes;;3:36;0;1;0;0;0;0;0;1;1;0;0;0;1;2;0;
Nick Calathes;;14:18;2;4;0;1;0;0;0;0;0;3;0;0;2;2;4;
Nick Calathes;;15:05;1;1;0;0;2;2;0;0;0;7;0;0;1;2;4;
Nick Calathes;;5:41;1;1;0;0;0;0;0;0;0;1;0;0;1;1;2;
Nick Calathes;;11:08;0;3;0;1;1;2;0;0;0;2;0;0;0;0;1;
Nick Calathes;;14:26;1;3;0;0;0;2;0;2;2;0;0;0;0;1;2;
Nick Calathes;;23:08;1;4;0;0;2;4;1;1;2;2;0;0;1;2;4;
Nick Calathes;;19:55;1;2;0;0;4;4;0;2;2;8;0;0;2;2;6;
Nick Calathes;;17:11;2;2;0;0;0;0;1;0;1;2;2;0;2;2;4;
Nick Calathes;;12:41;1;1;0;0;1;3;0;2;2;2;0;0;1;2;3;
Nick Calathes;;7:45;0;2;0;0;0;0;0;2;2;2;0;0;0;0;0;
Nick Calathes;;19:47;4;6;1;1;1;2;0;2;2;1;2;0;2;3;10;
Nick Calathes;;17:44;0;4;0;1;0;0;0;1;1;4;1;1;2;2;0;
Nick Calathes;;2:42;0;0;0;0;0;0;0;0;0;1;0;0;0;0;0;
