╔═══════════════╤═══════════════╗
║Name		│Nick Young	║
╟───────────────┼───────────────╢
║Number		│0		║
╟───────────────┼───────────────╢
║Position	│F-G		║
╟───────────────┼───────────────╢
║Height		│6-7		║
╟───────────────┼───────────────╢
║Weight		│210		║
╟───────────────┼───────────────╢
║Birth		│JUN 01, 1985	║
╟───────────────┼───────────────╢
║Age		│29		║
╟───────────────┼───────────────╢
║Exp		│6		║
╟───────────────┼───────────────╢
║School		│USC		║
╚═══════════════╧═══════════════╝
Nick Young;F;35:20;6;14;0;5;4;6;0;2;2;1;0;0;3;3;16;
Nick Young;;36:08;8;15;1;3;4;4;0;1;1;1;0;0;2;3;21;
Nick Young;;18:50;1;7;0;4;0;0;0;3;3;0;0;0;2;1;2;
Nick Young;;37:11;10;20;2;6;3;3;0;6;6;1;0;0;0;4;25;
Nick Young;;32:03;3;14;0;5;5;5;1;6;7;0;0;1;3;3;11;
Nick Young;;32:32;7;16;4;8;10;10;0;1;1;6;0;0;1;3;28;
Nick Young;;10:46;4;8;0;1;1;1;0;3;3;1;0;0;0;2;9;
Nick Young;;30:31;7;13;5;7;10;11;0;2;2;1;0;0;0;2;29;
Nick Young;;42:52;11;23;3;6;6;7;0;5;5;1;2;0;4;3;31;
Nick Young;;33:01;8;20;2;6;1;3;1;2;3;1;3;0;2;4;19;
Nick Young;;30:02;6;16;1;3;3;6;1;3;4;1;1;0;2;0;16;
Nick Young;F;34:24;5;11;0;2;3;4;1;2;3;2;0;0;3;4;13;
Nick Young;;24:01;5;16;1;7;1;2;0;1;1;1;0;0;0;2;12;
Nick Young;;35:50;8;22;2;7;3;4;0;2;2;3;1;0;2;2;21;
Nick Young;;29:46;4;12;3;7;13;14;0;2;2;0;0;0;4;4;24;
Nick Young;;17:32;1;5;0;2;4;4;0;4;4;4;0;0;0;0;6;
Nick Young;;19:33;3;4;1;1;3;5;0;1;1;0;1;0;3;1;10;
Nick Young;;28:58;7;16;4;9;3;4;1;1;2;1;0;0;1;4;21;
Nick Young;;30:35;8;17;2;4;8;9;0;3;3;1;0;0;1;3;26;
Nick Young;;18:37;6;10;5;6;3;3;0;4;4;0;0;0;3;3;20;
Nick Young;;28:47;6;14;3;8;2;2;1;1;2;3;2;0;3;4;17;
Nick Young;;27:38;3;12;3;6;2;2;1;0;1;2;4;0;0;3;11;
Nick Young;;23:35;4;12;1;6;2;3;0;3;3;2;1;0;0;1;11;
Nick Young;;32:51;15;26;6;13;4;5;2;2;4;1;2;0;1;0;40;
Nick Young;;29:57;6;17;4;8;1;1;2;0;2;1;1;0;1;3;17;
Nick Young;;19:52;5;8;2;4;2;3;0;2;2;0;0;0;2;1;14;
Nick Young;;26:07;5;15;2;11;6;7;0;2;2;2;2;0;2;3;18;
Nick Young;;22:56;11;19;6;10;4;6;0;1;1;3;0;0;0;4;32;
Nick Young;;30:04;10;20;3;8;2;2;0;0;0;4;0;0;0;1;25;
Nick Young;;25:31;5;12;4;8;0;0;0;1;1;0;1;1;0;2;14;
Nick Young;;34:05;14;23;6;11;7;9;0;3;3;3;0;0;2;2;41;
Nick Young;;29:50;6;12;2;5;2;3;0;6;6;2;1;0;0;2;16;
Nick Young;F;22:03;3;10;1;4;6;8;0;1;1;0;1;0;2;1;13;
Nick Young;F;19:43;2;9;1;2;1;1;0;2;2;1;0;0;0;4;6;
Nick Young;F;17:41;1;3;0;0;4;5;0;1;1;0;1;2;1;4;6;
Nick Young;;20:48;5;9;1;4;2;2;0;4;4;4;0;0;0;0;13;
Nick Young;;27:00;8;12;1;2;4;7;0;1;1;1;3;0;3;2;21;
Nick Young;F;21:59;3;9;1;5;4;4;2;2;4;2;2;0;2;3;11;
Nick Young;F;28:27;5;11;1;3;2;2;1;2;3;0;0;0;3;6;13;
Nick Young;F;19:35;3;9;0;3;2;2;1;3;4;0;0;0;0;2;8;
Nick Young;;23:20;7;11;1;2;2;2;0;0;0;1;0;0;0;2;17;
Nick Young;;26:27;4;12;2;6;1;1;3;2;5;1;0;0;1;2;11;
Nick Young;;32:54;7;14;2;4;2;5;0;1;1;1;1;0;0;0;18;
Nick Young;;26:39;7;13;2;5;3;3;0;0;0;0;1;0;0;0;19;
Nick Young;;31:14;7;15;3;7;4;5;0;1;1;0;2;0;0;3;21;
Nick Young;;28:37;3;11;1;4;0;0;1;1;2;2;1;1;0;2;7;
Nick Young;;20:38;6;12;2;4;2;4;0;2;2;3;1;0;0;3;16;
Nick Young;;32:45;8;16;4;6;6;6;1;0;1;1;1;1;1;5;26;
Nick Young;;27:51;3;12;0;2;6;7;0;1;1;2;2;0;1;2;12;
Nick Young;;22:16;7;14;1;3;2;2;0;3;3;2;2;0;2;1;17;
Nick Young;;30:54;6;16;0;6;2;4;0;3;3;3;1;1;1;4;14;
Nick Young;;29:57;7;16;2;7;3;3;0;3;3;3;0;1;1;2;19;
Nick Young;;27:33;5;12;1;2;2;6;1;2;3;3;0;0;2;4;13;
Nick Young;;30:47;6;13;4;7;1;1;0;2;2;2;0;0;1;2;17;
Nick Young;;32:20;2;10;1;4;8;9;2;1;3;1;0;1;0;1;13;
Nick Young;;32:43;7;14;5;7;4;4;1;3;4;1;0;1;1;3;23;
Nick Young;;33:33;6;11;3;6;3;3;0;3;3;1;1;1;1;2;18;
Nick Young;;31:14;9;14;4;6;3;3;0;3;3;4;0;0;5;2;25;
Nick Young;;30:38;5;18;1;6;9;12;2;2;4;0;1;0;4;3;20;
Nick Young;;32:31;6;17;2;6;5;5;0;2;2;1;1;0;2;1;19;
Nick Young;;31:37;7;18;4;7;2;2;1;1;2;1;0;0;2;2;20;
Nick Young;;28:35;10;17;1;4;0;1;0;0;0;3;1;1;4;6;21;
Nick Young;;35:54;6;21;2;11;12;12;2;4;6;2;1;0;6;2;26;
Nick Young;F;41:33;8;21;3;8;6;6;0;6;6;0;0;0;2;3;25;
