╔═══════════════╤═══════════════╗
║Name		│Nicolas Batum	║
╟───────────────┼───────────────╢
║Number		│88		║
╟───────────────┼───────────────╢
║Position	│F		║
╟───────────────┼───────────────╢
║Height		│6-8		║
╟───────────────┼───────────────╢
║Weight		│200		║
╟───────────────┼───────────────╢
║Birth		│DEC 14, 1988	║
╟───────────────┼───────────────╢
║Age		│25		║
╟───────────────┼───────────────╢
║Exp		│5		║
╟───────────────┼───────────────╢
║School		│Lisieux, France║
╚═══════════════╧═══════════════╝
Nicolas Batum;F;27:34;3;6;2;3;0;0;1;6;7;7;0;1;0;1;8;
Nicolas Batum;F;36:53;1;9;0;4;2;2;3;7;10;10;1;1;4;6;4;
Nicolas Batum;F;39:13;3;7;0;2;5;6;1;10;11;5;0;0;4;4;11;
Nicolas Batum;F;33:59;6;14;2;6;0;0;1;9;10;14;1;1;2;3;14;
Nicolas Batum;F;37:24;6;14;2;5;2;2;2;5;7;7;1;1;4;0;16;
Nicolas Batum;F;35:44;3;5;0;2;1;1;4;5;9;6;1;1;2;1;7;
Nicolas Batum;F;36:40;3;6;1;2;2;3;1;8;9;7;0;1;0;0;9;
Nicolas Batum;F;33:14;8;11;3;6;2;3;0;7;7;1;0;0;1;0;21;
Nicolas Batum;F;33:50;2;6;1;3;1;3;2;1;3;7;2;0;2;5;6;
Nicolas Batum;F;35:25;1;4;1;2;0;0;2;3;5;2;2;2;2;2;3;
Nicolas Batum;F;37:47;1;5;0;3;4;4;1;6;7;10;2;0;2;0;6;
Nicolas Batum;F;34:53;5;10;0;3;3;4;1;7;8;5;1;0;1;3;13;
Nicolas Batum;F;30:40;1;4;0;1;3;4;1;2;3;3;1;0;0;1;5;
Nicolas Batum;F;38:49;4;11;0;4;2;3;0;6;6;4;1;0;2;0;10;
Nicolas Batum;F;34:37;5;10;1;4;7;8;2;3;5;4;1;1;4;1;18;
Nicolas Batum;F;35:59;6;12;2;5;4;4;1;3;4;3;1;0;5;1;18;
Nicolas Batum;F;37:31;9;14;2;5;0;0;3;7;10;3;1;0;4;3;20;
Nicolas Batum;F;44:48;1;8;0;3;2;2;2;4;6;4;2;2;4;2;4;
Nicolas Batum;F;33:59;6;12;0;4;3;4;0;5;5;4;1;0;4;3;15;
Nicolas Batum;F;37:36;5;8;3;5;5;5;0;1;1;4;0;0;1;3;18;
Nicolas Batum;F;36:36;5;10;1;6;2;2;0;7;7;7;0;0;5;3;13;
Nicolas Batum;F;39:53;2;8;1;3;3;4;0;5;5;5;1;2;4;3;8;
Nicolas Batum;F;25:04;1;4;1;3;0;0;0;3;3;3;0;1;1;2;3;
Nicolas Batum;F;36:05;9;15;3;6;1;1;1;9;10;4;1;3;3;3;22;
Nicolas Batum;F;38:48;4;6;3;4;5;6;0;6;6;3;0;2;1;1;16;
Nicolas Batum;F;29:00;6;12;1;4;6;6;0;6;6;6;2;0;1;2;19;
Nicolas Batum;F;36:04;3;10;1;5;2;2;1;15;16;6;1;0;4;4;9;
Nicolas Batum;F;37:53;6;14;2;5;3;5;5;10;15;5;2;1;5;1;17;
Nicolas Batum;F;29:18;5;9;3;5;1;2;1;17;18;1;0;0;4;1;14;
Nicolas Batum;F;38:59;3;8;1;5;2;2;2;3;5;5;0;2;3;3;9;
Nicolas Batum;F;43:26;4;10;0;3;0;0;5;7;12;6;1;2;7;4;8;
Nicolas Batum;F;37:38;5;13;3;5;2;4;1;7;8;1;0;0;0;0;15;
Nicolas Batum;F;37:54;4;11;1;4;4;5;4;10;14;2;1;0;1;3;13;
Nicolas Batum;F;45:11;8;16;4;8;2;2;3;15;18;5;1;0;4;3;22;
Nicolas Batum;F;42:41;7;13;5;9;4;5;3;11;14;5;3;1;4;0;23;
Nicolas Batum;F;43:48;7;15;3;7;4;4;1;8;9;9;0;0;1;0;21;
Nicolas Batum;F;34:14;5;9;2;5;0;0;4;10;14;5;0;0;1;0;12;
Nicolas Batum;F;30:00;2;5;2;4;0;0;0;6;6;6;1;1;0;4;6;
Nicolas Batum;F;40:03;4;8;3;7;0;0;2;8;10;3;1;0;5;2;11;
Nicolas Batum;F;34:54;3;9;0;3;0;0;1;8;9;3;1;1;6;2;6;
Nicolas Batum;F;36:56;5;10;2;6;0;0;2;5;7;3;1;2;1;1;12;
Nicolas Batum;F;35:28;4;10;4;7;1;2;2;5;7;4;0;1;2;1;13;
Nicolas Batum;F;35:40;5;11;0;2;0;0;0;5;5;6;0;0;1;3;10;
Nicolas Batum;F;35:34;6;13;4;5;0;0;2;3;5;7;2;0;1;2;16;
Nicolas Batum;F;37:34;6;12;1;6;0;0;1;10;11;6;0;2;2;3;13;
Nicolas Batum;F;39:09;7;12;2;7;0;0;2;10;12;4;1;1;1;1;16;
Nicolas Batum;F;36:37;5;8;1;3;0;0;0;1;1;6;0;1;4;3;11;
Nicolas Batum;F;35:18;6;11;1;4;2;2;0;7;7;7;2;1;0;2;15;
Nicolas Batum;F;43:49;7;9;3;5;1;5;0;12;12;5;1;1;3;0;18;
Nicolas Batum;F;12:00;3;6;0;2;1;2;1;3;4;4;0;0;2;0;7;
Nicolas Batum;F;36:44;3;9;1;5;0;0;2;11;13;4;1;1;4;2;7;
Nicolas Batum;F;35:17;8;14;5;8;0;0;0;5;5;3;0;1;2;2;21;
Nicolas Batum;F;35:54;4;11;1;4;2;3;4;8;12;11;0;1;4;2;11;
Nicolas Batum;F;37:21;4;10;1;5;4;4;2;1;3;4;3;1;3;2;13;
Nicolas Batum;F;33:48;5;10;3;6;1;2;3;4;7;8;0;0;2;2;14;
Nicolas Batum;F;36:39;4;9;2;4;2;2;2;5;7;5;0;0;2;3;12;
Nicolas Batum;F;30:53;5;11;1;5;1;2;2;1;3;8;1;0;2;3;12;
Nicolas Batum;F;30:22;3;10;1;5;2;2;1;2;3;0;0;0;3;1;9;
Nicolas Batum;F;33:49;6;15;4;10;2;2;1;4;5;6;2;0;0;2;18;
Nicolas Batum;F;41:19;8;15;5;8;3;3;1;5;6;4;1;2;3;3;24;
Nicolas Batum;F;34:13;2;5;1;2;2;2;0;6;6;1;1;0;4;2;7;
Nicolas Batum;F;35:28;3;6;2;4;0;2;1;7;8;8;2;1;1;2;8;
Nicolas Batum;F;39:05;5;12;3;7;4;4;0;8;8;3;5;1;2;2;17;
Nicolas Batum;F;40:22;5;9;2;4;2;2;0;3;3;4;2;0;4;4;14;
Nicolas Batum;F;38:40;8;12;3;5;4;5;3;4;7;6;1;1;1;1;23;
Nicolas Batum;F;33:34;5;13;1;6;4;5;2;2;4;5;2;0;2;1;15;
Nicolas Batum;F;36:02;4;9;1;5;0;1;2;7;9;9;1;0;1;1;9;
Nicolas Batum;F;35:43;2;5;1;2;3;4;1;4;5;3;0;0;2;5;8;
Nicolas Batum;F;35:19;6;10;2;5;0;0;0;6;6;3;2;1;3;2;14;
Nicolas Batum;F;28:16;5;6;3;3;0;0;2;5;7;3;1;0;4;1;13;
Nicolas Batum;F;37:03;8;17;4;10;2;4;2;3;5;6;1;1;5;0;22;
Nicolas Batum;F;33:12;3;5;1;2;0;0;0;8;8;11;1;1;2;1;7;
Nicolas Batum;F;37:44;5;11;2;6;3;4;2;4;6;6;0;2;4;1;15;
Nicolas Batum;F;26:50;6;10;3;7;2;2;1;4;5;9;0;0;1;0;17;
Nicolas Batum;F;44:08;7;13;3;7;1;2;2;3;5;5;2;0;2;4;18;
Nicolas Batum;F;36:39;3;13;2;8;6;6;0;9;9;2;0;1;3;1;14;
Nicolas Batum;F;39:06;7;15;3;8;3;3;2;4;6;3;0;2;5;4;20;
Nicolas Batum;F;35:20;4;10;1;7;2;2;1;7;8;7;0;0;0;2;11;
Nicolas Batum;F;41:18;6;11;2;6;5;5;2;5;7;3;1;1;5;0;19;
Nicolas Batum;F;36:17;2;6;1;4;6;7;0;6;6;9;1;3;1;0;11;
Nicolas Batum;F;39:20;3;9;1;7;1;2;1;6;7;6;0;0;3;0;8;
Nicolas Batum;F;38:06;6;15;1;7;2;2;2;1;3;3;2;0;3;4;15;
