╔═══════════════╤═══════════════╗
║Name		│Nikola Pekovic	║
╟───────────────┼───────────────╢
║Number		│14		║
╟───────────────┼───────────────╢
║Position	│C		║
╟───────────────┼───────────────╢
║Height		│6-11		║
╟───────────────┼───────────────╢
║Weight		│285		║
╟───────────────┼───────────────╢
║Birth		│JAN 03, 1986	║
╟───────────────┼───────────────╢
║Age		│28		║
╟───────────────┼───────────────╢
║Exp		│3		║
╟───────────────┼───────────────╢
║School		│Montenegro	║
╚═══════════════╧═══════════════╝
Nikola Pekovic;C;33:51;7;12;0;0;8;11;3;4;7;0;1;0;1;3;22;
Nikola Pekovic;C;38:06;13;22;0;0;5;8;5;6;11;0;0;0;0;2;31;
Nikola Pekovic;C;22:41;7;15;0;0;2;2;5;9;14;1;0;1;3;1;16;
Nikola Pekovic;C;33:23;6;16;0;0;5;5;8;4;12;2;1;2;2;1;17;
Nikola Pekovic;C;27:17;10;14;0;0;6;6;3;3;6;3;2;0;1;2;26;
Nikola Pekovic;C;28:41;10;15;0;0;2;2;5;1;6;0;2;0;1;3;22;
Nikola Pekovic;C;36:05;5;12;0;0;4;5;2;6;8;2;1;3;3;5;14;
Nikola Pekovic;C;25:16;6;12;0;0;1;2;3;3;6;1;0;2;1;2;13;
Nikola Pekovic;C;29:09;12;17;0;0;3;3;3;11;14;1;1;1;1;2;27;
Nikola Pekovic;C;32:09;7;14;0;0;4;4;2;7;9;2;0;0;2;4;18;
Nikola Pekovic;C;32:56;11;18;0;0;0;0;5;9;14;1;0;0;1;1;22;
Nikola Pekovic;C;34:45;9;18;0;0;5;5;3;8;11;2;0;0;0;2;23;
Nikola Pekovic;C;6:00;0;1;0;0;1;2;0;1;1;0;0;0;1;0;1;
Nikola Pekovic;C;27:49;8;12;0;0;4;6;7;2;9;0;0;1;1;5;20;
Nikola Pekovic;C;23:57;5;8;0;0;6;9;3;6;9;1;0;0;2;1;16;
Nikola Pekovic;C;25:32;8;12;0;0;1;1;2;4;6;0;0;0;0;2;17;
Nikola Pekovic;C;28:51;5;14;0;0;7;10;2;7;9;0;2;0;1;3;17;
Nikola Pekovic;C;33:01;8;13;0;0;1;1;5;6;11;0;0;0;5;3;17;
Nikola Pekovic;C;22:57;6;9;0;0;2;4;5;3;8;1;1;0;0;5;14;
Nikola Pekovic;C;16:52;4;11;0;0;0;0;0;4;4;0;1;0;1;1;8;
Nikola Pekovic;C;21:37;9;10;0;0;8;8;1;2;3;0;0;0;3;3;26;
Nikola Pekovic;C;26:48;5;7;0;0;3;5;2;4;6;1;2;0;3;1;13;
Nikola Pekovic;C;6:53;0;3;0;0;0;0;0;1;1;0;0;0;0;1;0;
Nikola Pekovic;C;29:41;5;11;0;0;1;1;1;6;7;0;0;0;2;3;11;
Nikola Pekovic;C;27:41;5;10;0;0;5;6;3;7;10;1;0;0;4;3;15;
Nikola Pekovic;C;40:48;4;10;0;0;3;4;4;8;12;0;0;1;2;1;11;
Nikola Pekovic;C;35:28;3;12;0;0;2;4;5;7;12;1;2;0;3;2;8;
Nikola Pekovic;C;37:27;4;11;0;0;2;3;2;5;7;3;0;0;2;3;10;
Nikola Pekovic;C;31:19;4;9;0;0;7;8;4;2;6;0;1;3;2;2;15;
Nikola Pekovic;C;34:24;6;14;0;0;2;3;4;6;10;4;1;1;3;2;14;
Nikola Pekovic;C;35:32;10;14;0;0;3;4;4;6;10;1;2;0;0;4;23;
Nikola Pekovic;C;19:23;5;7;0;0;0;0;1;6;7;1;0;0;2;4;10;
Nikola Pekovic;C;34:28;7;11;0;0;0;0;2;4;6;1;1;0;0;3;14;
Nikola Pekovic;C;30:30;8;9;0;0;4;5;8;4;12;0;1;0;0;0;20;
Nikola Pekovic;C;36:06;5;10;0;0;3;5;2;4;6;1;1;0;2;2;13;
Nikola Pekovic;C;31:58;9;13;0;0;2;2;1;6;7;0;0;1;1;2;20;
Nikola Pekovic;C;26:00;5;12;0;0;5;7;4;3;7;1;0;1;1;1;15;
Nikola Pekovic;C;35:33;6;13;0;0;2;4;5;2;7;1;1;1;1;1;14;
Nikola Pekovic;C;37:22;8;15;0;0;4;6;5;6;11;0;0;0;3;3;20;
Nikola Pekovic;C;37:38;8;14;0;0;5;6;4;6;10;1;0;0;0;3;21;
Nikola Pekovic;C;31:35;10;13;0;0;1;2;5;4;9;0;0;0;2;2;21;
Nikola Pekovic;C;37:38;8;17;0;0;6;9;4;6;10;3;1;0;0;1;22;
Nikola Pekovic;C;38:14;7;18;0;0;4;7;7;5;12;0;0;0;3;1;18;
Nikola Pekovic;C;32:51;7;14;0;0;4;6;2;3;5;0;0;0;2;2;18;
Nikola Pekovic;C;38:19;9;15;0;0;2;2;7;3;10;3;0;1;3;2;20;
Nikola Pekovic;C;37:25;7;13;0;0;4;4;4;7;11;1;0;0;2;2;18;
Nikola Pekovic;C;27:41;6;12;0;0;7;8;2;3;5;1;0;1;0;5;19;
Nikola Pekovic;C;25:08;6;16;0;0;1;4;4;3;7;1;1;0;1;4;13;
Nikola Pekovic;C;29:00;14;19;0;0;2;3;5;4;9;1;0;0;1;4;30;
Nikola Pekovic;C;35:24;7;18;0;0;8;12;10;3;13;1;2;0;3;3;22;
Nikola Pekovic;C;46:09;16;28;0;0;2;3;8;6;14;1;0;1;2;5;34;
Nikola Pekovic;C;33:40;6;13;0;0;6;8;6;4;10;0;0;0;0;2;18;
Nikola Pekovic;C;32:47;7;12;0;0;5;8;6;5;11;3;1;1;3;2;19;
Nikola Pekovic;C;41:42;6;13;0;0;6;6;3;7;10;1;1;1;1;2;18;
