╔═══════════════╤═══════════════╗
║Name		│Nikola Vucevic	║
╟───────────────┼───────────────╢
║Number		│9		║
╟───────────────┼───────────────╢
║Position	│C		║
╟───────────────┼───────────────╢
║Height		│7-0		║
╟───────────────┼───────────────╢
║Weight		│250		║
╟───────────────┼───────────────╢
║Birth		│OCT 24, 1990	║
╟───────────────┼───────────────╢
║Age		│23		║
╟───────────────┼───────────────╢
║Exp		│2		║
╟───────────────┼───────────────╢
║School		│USC		║
╚═══════════════╧═══════════════╝
Nikola Vucevic;C;19:08;1;7;0;0;0;2;3;5;8;0;0;0;2;2;2;
Nikola Vucevic;C;20:29;6;12;0;0;4;4;5;5;10;0;2;0;0;2;16;
Nikola Vucevic;C;25:34;5;9;0;0;2;2;1;5;6;4;1;0;2;4;12;
Nikola Vucevic;C;29:41;7;14;0;0;0;0;5;6;11;1;0;0;2;1;14;
Nikola Vucevic;C;34:33;8;16;0;0;0;1;4;9;13;0;0;0;2;3;16;
Nikola Vucevic;C;27:50;6;13;0;0;2;2;3;3;6;0;1;0;2;5;14;
Nikola Vucevic;C;31:43;4;12;0;0;2;2;3;7;10;2;0;0;2;2;10;
Nikola Vucevic;C;37:13;6;16;0;0;7;8;8;5;13;1;2;1;1;2;19;
Nikola Vucevic;C;36:56;6;12;0;0;1;1;4;6;10;3;0;2;1;2;13;
Nikola Vucevic;C;27:04;7;10;0;0;5;6;2;7;9;0;1;1;2;4;19;
Nikola Vucevic;C;36:49;8;15;0;0;4;6;3;9;12;1;1;0;0;4;20;
Nikola Vucevic;C;38:56;7;12;0;0;0;0;3;10;13;1;1;0;1;5;14;
Nikola Vucevic;C;30:03;4;12;0;0;3;4;1;3;4;1;3;1;3;5;11;
Nikola Vucevic;C;30:58;9;14;0;0;1;2;4;10;14;2;1;1;3;6;19;
Nikola Vucevic;C;33:37;9;19;0;0;3;4;6;7;13;2;1;3;0;3;21;
Nikola Vucevic;C;22:45;9;14;0;0;0;0;6;4;10;0;2;0;0;3;18;
Nikola Vucevic;C;32:18;7;14;0;0;4;7;3;14;17;3;1;2;2;4;18;
Nikola Vucevic;C;31:51;7;9;0;0;1;2;3;7;10;4;1;0;2;5;15;
Nikola Vucevic;C;29:57;8;16;0;0;3;4;3;10;13;3;1;0;2;4;19;
Nikola Vucevic;C;30:30;6;13;0;0;0;0;2;10;12;1;0;0;5;4;12;
Nikola Vucevic;C;38:47;8;17;0;0;4;4;4;12;16;3;0;1;0;5;20;
Nikola Vucevic;C;36:48;4;9;0;0;0;1;3;9;12;1;0;0;2;2;8;
Nikola Vucevic;C;22:43;7;14;0;0;1;2;2;3;5;1;0;0;1;0;15;
Nikola Vucevic;C;9:28;4;7;0;0;0;1;2;1;3;0;0;0;1;1;8;
Nikola Vucevic;C;42:42;8;15;0;0;0;0;1;12;13;5;2;0;1;4;16;
Nikola Vucevic;C;34:30;2;9;0;0;0;0;3;8;11;3;1;0;2;5;4;
Nikola Vucevic;C;33:04;10;18;0;0;2;3;3;7;10;1;2;1;1;1;22;
Nikola Vucevic;C;40:17;11;22;0;0;2;2;10;13;23;1;0;0;1;3;24;
Nikola Vucevic;C;33:12;10;13;0;0;2;2;1;9;10;4;1;2;2;2;22;
Nikola Vucevic;C;27:17;3;11;0;0;1;2;4;3;7;2;3;0;3;1;7;
Nikola Vucevic;C;30:39;4;11;0;0;0;0;5;5;10;3;2;1;5;4;8;
Nikola Vucevic;C;45:40;9;15;0;0;4;6;7;9;16;3;3;3;2;4;22;
Nikola Vucevic;C;27:26;4;6;0;0;2;4;0;7;7;3;0;0;0;2;10;
Nikola Vucevic;C;35:22;9;14;0;0;1;2;6;6;12;1;0;1;2;1;19;
Nikola Vucevic;C;38:26;11;19;0;0;8;8;5;16;21;3;1;1;4;3;30;
Nikola Vucevic;C;36:05;6;12;0;0;2;4;5;8;13;1;0;1;4;3;14;
Nikola Vucevic;C;33:43;3;10;0;0;1;2;1;5;6;4;1;0;1;4;7;
Nikola Vucevic;C;28:54;6;11;0;0;3;3;4;6;10;4;3;1;2;2;15;
Nikola Vucevic;C;37:18;6;10;0;0;5;6;4;7;11;3;2;1;4;3;17;
Nikola Vucevic;C;34:19;8;12;0;0;0;0;0;8;8;4;2;1;2;4;16;
Nikola Vucevic;C;22:33;2;7;0;0;2;2;3;3;6;1;0;0;1;6;6;
Nikola Vucevic;C;31:19;5;9;0;0;1;2;3;6;9;1;1;1;2;4;11;
Nikola Vucevic;C;33:36;10;16;0;0;0;0;2;8;10;0;0;1;1;0;20;
Nikola Vucevic;C;30:16;4;7;0;0;4;5;1;14;15;3;1;1;0;0;12;
Nikola Vucevic;C;39:24;10;13;0;0;1;1;1;15;16;5;1;3;3;2;21;
Nikola Vucevic;C;33:36;4;12;0;0;4;4;2;5;7;2;1;2;8;3;12;
Nikola Vucevic;C;26:11;5;11;0;0;0;0;3;5;8;2;1;0;5;2;10;
Nikola Vucevic;C;32:55;4;9;0;0;4;4;4;10;14;0;1;1;2;2;12;
Nikola Vucevic;C;39:13;3;11;0;0;0;0;1;12;13;2;1;1;4;3;6;
Nikola Vucevic;C;34:29;6;9;0;0;1;2;4;12;16;1;1;0;0;1;13;
Nikola Vucevic;C;36:53;5;9;0;0;0;0;1;10;11;1;1;1;1;3;10;
Nikola Vucevic;C;33:32;5;18;0;0;4;4;5;9;14;1;3;2;0;2;14;
Nikola Vucevic;C;27:33;2;6;0;0;0;0;2;7;9;2;1;2;5;6;4;
Nikola Vucevic;C;36:13;6;12;0;0;2;2;4;8;12;1;0;3;2;5;14;
Nikola Vucevic;C;34:09;9;16;0;0;2;2;5;6;11;0;1;1;2;3;20;
Nikola Vucevic;C;34:28;8;11;0;0;0;0;2;12;14;2;3;1;2;2;16;
Nikola Vucevic;C;8:31;2;5;0;0;0;0;0;1;1;0;1;1;0;0;4;
