╔═══════════════╤═══════════════╗
║Name		│Norris Cole	║
╟───────────────┼───────────────╢
║Number		│30		║
╟───────────────┼───────────────╢
║Position	│G		║
╟───────────────┼───────────────╢
║Height		│6-2		║
╟───────────────┼───────────────╢
║Weight		│175		║
╟───────────────┼───────────────╢
║Birth		│OCT 13, 1988	║
╟───────────────┼───────────────╢
║Age		│25		║
╟───────────────┼───────────────╢
║Exp		│2		║
╟───────────────┼───────────────╢
║School		│Cleveland State║
╚═══════════════╧═══════════════╝
Norris Cole;;25:23;2;4;0;2;3;3;0;2;2;3;2;0;0;1;7;
Norris Cole;;22:11;3;5;2;3;0;0;0;6;6;1;0;0;4;2;8;
Norris Cole;;30:24;2;5;1;1;2;2;0;3;3;1;1;0;1;3;7;
Norris Cole;G;26:24;3;7;2;5;1;2;0;2;2;2;0;0;1;3;9;
Norris Cole;G;35:10;5;9;2;5;0;0;0;3;3;2;1;0;2;2;12;
Norris Cole;G;47:09;8;13;2;5;0;0;1;1;2;7;1;0;3;2;18;
Norris Cole;G;39:35;6;13;1;5;2;2;0;2;2;7;3;0;2;4;15;
Norris Cole;;26:13;5;9;1;2;2;2;0;2;2;3;0;0;0;0;13;
Norris Cole;;20:38;1;6;1;2;0;0;0;2;2;1;1;0;0;3;3;
Norris Cole;;28:51;2;7;1;4;2;2;1;3;4;8;3;0;4;4;7;
Norris Cole;;28:57;1;7;0;3;0;0;0;0;0;6;3;0;4;3;2;
Norris Cole;;27:45;4;8;1;2;2;2;0;1;1;5;1;0;2;3;11;
Norris Cole;;27:25;4;9;1;3;2;2;2;3;5;2;0;0;3;2;11;
Norris Cole;;22:44;0;2;0;1;0;0;1;1;2;3;1;0;3;0;0;
Norris Cole;;25:48;4;5;1;2;0;0;0;1;1;3;1;0;1;2;9;
Norris Cole;;24:25;1;8;1;2;0;0;0;2;2;2;1;0;3;5;3;
Norris Cole;;17:13;1;5;0;2;1;1;1;0;1;2;3;0;0;3;3;
Norris Cole;;21:31;4;9;2;5;2;4;0;0;0;0;4;0;0;0;12;
Norris Cole;;29:46;3;9;1;4;3;4;0;1;1;3;2;0;4;2;10;
Norris Cole;;25:08;3;6;1;2;3;3;0;1;1;2;1;0;1;1;10;
Norris Cole;;21:42;1;4;1;2;0;0;1;0;1;2;1;0;2;1;3;
Norris Cole;;21:25;2;6;1;2;0;0;1;1;2;3;0;0;0;3;5;
Norris Cole;;13:20;0;4;0;1;0;0;0;1;1;2;1;0;0;0;0;
Norris Cole;;29:27;5;9;0;1;1;2;0;2;2;2;1;0;1;4;11;
Norris Cole;;27:17;3;9;1;3;2;2;0;2;2;1;0;0;2;1;9;
Norris Cole;;20:32;1;2;0;1;0;0;0;1;1;0;0;0;2;3;2;
Norris Cole;;22:09;2;7;1;3;0;0;0;1;1;2;1;0;2;2;5;
Norris Cole;;17:47;0;4;0;1;0;0;0;1;1;2;0;0;1;1;0;
Norris Cole;;18:04;4;7;1;2;2;2;0;0;0;1;0;0;1;2;11;
Norris Cole;;23:18;0;4;0;2;0;0;2;1;3;2;0;0;1;1;0;
Norris Cole;;13:45;2;4;1;2;1;2;0;0;0;1;0;0;3;2;6;
Norris Cole;;18:39;0;2;0;2;0;0;0;0;0;1;0;0;1;3;0;
Norris Cole;;25:19;2;6;1;2;0;0;0;0;0;4;1;0;0;4;5;
Norris Cole;;17:00;0;3;0;1;1;2;0;0;0;0;4;0;1;1;1;
Norris Cole;;26:01;4;7;2;2;0;0;1;2;3;4;1;0;1;2;10;
Norris Cole;;19:19;2;5;1;3;0;0;0;2;2;1;0;0;0;4;5;
Norris Cole;;14:46;0;0;0;0;0;0;0;0;0;4;0;0;0;0;0;
Norris Cole;;27:14;4;10;0;2;0;0;0;0;0;2;0;0;1;3;8;
Norris Cole;;25:12;2;3;1;2;0;0;0;3;3;3;0;0;3;1;5;
Norris Cole;;31:43;4;9;1;2;3;5;1;4;5;7;1;0;2;3;12;
Norris Cole;;27:26;2;8;0;4;0;0;0;0;0;4;0;0;2;2;4;
Norris Cole;;20:11;0;1;0;1;1;2;0;0;0;2;1;0;3;1;1;
Norris Cole;;25:18;3;9;1;4;0;0;0;2;2;3;1;1;0;1;7;
Norris Cole;;32:33;0;4;0;3;0;0;0;2;2;3;0;0;0;3;0;
Norris Cole;;16:30;1;2;0;0;0;0;0;1;1;5;0;0;0;1;2;
Norris Cole;;25:03;5;9;0;2;0;0;0;1;1;4;3;0;1;0;10;
Norris Cole;;24:42;1;4;1;1;0;0;0;4;4;5;0;0;3;0;3;
Norris Cole;;23:01;1;3;1;2;0;0;0;1;1;2;2;0;0;3;3;
Norris Cole;;22:08;0;3;0;2;0;0;0;0;0;3;0;0;2;2;0;
Norris Cole;;20:59;2;5;0;1;0;0;0;1;1;7;0;0;1;1;4;
Norris Cole;;27:37;2;6;1;2;0;0;1;2;3;3;3;0;3;3;5;
Norris Cole;;21:10;5;7;1;3;0;0;0;7;7;3;1;0;3;0;11;
Norris Cole;;26:57;5;8;0;2;0;0;0;3;3;3;0;0;2;4;10;
Norris Cole;;17:28;3;5;0;0;0;0;0;1;1;5;0;0;1;1;6;
Norris Cole;;21:40;3;6;3;4;0;0;0;1;1;2;2;0;0;2;9;
Norris Cole;;20:08;3;7;0;1;0;1;0;3;3;2;1;0;0;1;6;
Norris Cole;;27:03;0;5;0;1;0;0;1;2;3;3;0;0;1;4;0;
Norris Cole;;19:00;2;4;1;1;0;0;0;1;1;2;0;1;0;0;5;
Norris Cole;;23:00;3;5;1;2;0;1;0;4;4;4;0;0;1;2;7;
Norris Cole;;26:25;3;4;1;2;4;4;0;1;1;0;3;0;3;0;11;
Norris Cole;G;35:46;3;10;0;0;2;2;1;6;7;5;1;0;1;3;8;
Norris Cole;;25:11;4;12;0;1;0;0;2;3;5;9;1;0;2;1;8;
Norris Cole;;20:07;3;6;3;3;0;0;0;4;4;5;1;0;3;1;9;
Norris Cole;;26:42;2;8;1;5;0;0;0;2;2;4;1;0;2;0;5;
Norris Cole;G;34:14;1;6;0;2;0;0;0;4;4;3;1;0;2;4;2;
Norris Cole;;20:32;2;3;2;3;0;0;0;1;1;3;0;1;1;0;6;
Norris Cole;;19:36;2;6;1;2;0;0;0;4;4;0;1;0;0;2;5;
Norris Cole;;22:59;2;4;1;1;0;0;0;3;3;3;1;0;1;2;5;
Norris Cole;;26:25;4;8;1;2;0;0;0;1;1;2;2;0;3;2;9;
Norris Cole;;32:24;5;9;0;0;2;2;0;1;1;7;0;0;4;4;12;
Norris Cole;;27:05;2;6;0;2;0;0;0;3;3;4;0;0;1;3;4;
Norris Cole;;15:42;3;5;0;0;2;2;0;3;3;4;0;0;2;3;8;
Norris Cole;;23:23;4;5;0;1;1;2;0;1;1;3;1;0;0;2;9;
Norris Cole;;25:13;4;8;0;2;1;2;0;2;2;3;2;2;3;1;9;
Norris Cole;;27:18;5;7;1;3;2;2;0;2;2;4;1;0;3;2;13;
Norris Cole;;24:56;1;6;1;3;0;0;0;1;1;2;0;0;2;0;3;
Norris Cole;;17:58;2;3;0;0;0;0;0;1;1;5;1;0;2;1;4;
Norris Cole;;20:35;2;8;1;3;0;0;0;2;2;3;2;0;1;2;5;
Norris Cole;;28:50;3;6;1;2;0;0;0;4;4;3;1;0;2;2;7;
Norris Cole;;35:55;4;6;2;3;3;4;0;0;0;1;1;0;1;2;13;
Norris Cole;;26:35;5;7;1;1;0;0;0;0;0;3;1;0;0;0;11;
Norris Cole;;12:02;0;3;0;0;0;0;0;1;1;0;1;0;2;0;0;
