╔═══════════════╤═══════════════╗
║Name		│Ognjen Kuzmic	║
╟───────────────┼───────────────╢
║Number		│1		║
╟───────────────┼───────────────╢
║Position	│C		║
╟───────────────┼───────────────╢
║Height		│7-0		║
╟───────────────┼───────────────╢
║Weight		│251		║
╟───────────────┼───────────────╢
║Birth		│MAY 16, 1990	║
╟───────────────┼───────────────╢
║Age		│24		║
╟───────────────┼───────────────╢
║Exp		│R		║
╟───────────────┼───────────────╢
║School		│ 		║
╚═══════════════╧═══════════════╝
Ognjen Kuzmic;;3:04;0;0;0;0;0;0;0;1;1;0;0;0;1;0;0;
Ognjen Kuzmic;;2:18;0;0;0;0;1;2;3;0;3;1;0;0;0;0;1;
Ognjen Kuzmic;;0:48;0;0;0;0;0;0;0;0;0;0;0;0;0;0;0;
Ognjen Kuzmic;;0:00;0;0;0;0;0;0;0;0;0;0;0;0;0;0;0;
Ognjen Kuzmic;;6:19;0;1;0;0;1;2;1;1;2;0;1;0;1;1;1;
Ognjen Kuzmic;;0:00;0;0;0;0;0;0;0;0;0;0;0;0;0;0;0;
Ognjen Kuzmic;;3:27;0;0;0;0;0;0;2;0;2;1;0;0;0;0;0;
Ognjen Kuzmic;;0:03;0;0;0;0;0;0;0;0;0;0;0;0;0;0;0;
Ognjen Kuzmic;;0:21;0;0;0;0;0;0;0;0;0;0;0;0;0;0;0;
Ognjen Kuzmic;;30:43;2;2;0;0;2;4;2;5;7;0;2;0;0;5;6;
Ognjen Kuzmic;;9:45;1;2;0;0;1;2;0;0;0;0;0;1;3;2;3;
Ognjen Kuzmic;;0:49;0;0;0;0;0;0;0;0;0;0;0;0;1;1;0;
Ognjen Kuzmic;;3:07;0;0;0;0;0;0;0;0;0;0;0;1;0;0;0;
Ognjen Kuzmic;;8:56;0;1;0;0;0;0;1;1;2;0;0;0;2;2;0;
Ognjen Kuzmic;;1:27;0;0;0;0;0;0;0;0;0;0;0;0;0;1;0;
Ognjen Kuzmic;;4:51;0;0;0;0;0;1;0;0;0;0;0;0;1;2;0;
Ognjen Kuzmic;;5:15;1;2;0;0;0;0;0;1;1;0;0;1;0;1;2;
Ognjen Kuzmic;;2:59;0;0;0;0;0;0;0;1;1;0;0;1;1;2;0;
Ognjen Kuzmic;;2:46;0;2;0;0;0;0;1;0;1;0;0;0;0;0;0;
Ognjen Kuzmic;;1:05;0;0;0;0;0;0;0;0;0;0;0;0;0;0;0;
Ognjen Kuzmic;;4:24;1;3;0;0;0;0;0;1;1;0;0;0;0;0;2;
