╔═══════════════╤═══════════════╗
║Name		│Omer Asik	║
╟───────────────┼───────────────╢
║Number		│3		║
╟───────────────┼───────────────╢
║Position	│C		║
╟───────────────┼───────────────╢
║Height		│7-0		║
╟───────────────┼───────────────╢
║Weight		│255		║
╟───────────────┼───────────────╢
║Birth		│JUL 04, 1986	║
╟───────────────┼───────────────╢
║Age		│27		║
╟───────────────┼───────────────╢
║Exp		│3		║
╟───────────────┼───────────────╢
║School		│Turkey		║
╚═══════════════╧═══════════════╝
Omer Asik;;10:59;0;0;0;0;0;0;0;5;5;2;0;0;1;0;0;
Omer Asik;;10:11;1;2;0;0;1;2;2;4;6;0;0;0;2;1;3;
Omer Asik;;10:41;0;1;0;0;0;0;1;2;3;0;0;0;1;1;0;
Omer Asik;;23:10;3;6;0;0;1;2;5;7;12;1;0;0;0;1;7;
Omer Asik;;15:05;3;6;0;0;0;0;3;2;5;2;1;1;0;1;6;
Omer Asik;;13:18;1;2;0;0;1;1;2;1;3;0;1;0;1;1;3;
Omer Asik;;23:29;3;4;0;0;1;1;1;7;8;0;0;1;2;4;7;
Omer Asik;;17:05;3;4;0;0;0;0;2;3;5;1;0;2;1;1;6;
Omer Asik;;12:45;0;1;0;0;0;2;1;2;3;0;0;0;2;3;0;
Omer Asik;;11:06;1;2;0;0;1;2;2;2;4;0;0;0;2;2;3;
Omer Asik;;15:41;0;1;0;0;2;2;0;8;8;0;0;1;0;1;2;
Omer Asik;;20:01;0;2;0;0;4;6;1;5;6;1;0;2;2;0;4;
Omer Asik;;16:12;0;0;0;0;0;0;1;2;3;1;0;0;0;2;0;
Omer Asik;;15:06;2;4;0;0;3;4;1;4;5;0;0;0;1;0;7;
Omer Asik;;19:25;2;3;0;0;2;4;3;1;4;0;0;0;0;1;6;
Omer Asik;;10:12;2;3;0;0;0;2;4;2;6;0;0;0;0;1;4;
Omer Asik;C;28:17;5;12;0;0;2;4;4;7;11;0;0;1;1;3;12;
Omer Asik;C;27:29;4;4;0;0;4;5;1;4;5;3;0;4;2;4;12;
Omer Asik;C;33:04;4;8;0;0;1;2;2;6;8;2;0;2;1;0;9;
Omer Asik;;15:26;1;2;0;0;0;0;1;3;4;1;0;3;1;3;2;
Omer Asik;;21:50;2;4;0;0;0;1;3;4;7;0;1;0;0;3;4;
Omer Asik;C;34:57;5;9;0;0;2;2;4;7;11;0;0;1;2;5;12;
Omer Asik;C;35:42;5;8;0;0;2;6;6;17;23;0;1;2;3;1;12;
Omer Asik;C;31:53;3;5;0;0;3;6;2;13;15;0;1;0;3;3;9;
Omer Asik;C;32:54;3;5;0;0;3;4;4;8;12;2;0;0;1;3;9;
Omer Asik;C;43:09;6;11;0;0;6;11;7;16;23;1;3;3;2;1;18;
Omer Asik;C;24:25;4;7;0;0;2;2;0;15;15;0;1;2;3;2;10;
Omer Asik;C;24:15;5;8;0;0;2;2;2;10;12;1;0;0;2;1;12;
Omer Asik;C;24:23;3;7;0;0;3;4;6;9;15;0;1;2;1;5;9;
Omer Asik;;18:47;2;2;0;0;5;8;1;7;8;0;0;1;2;2;9;
Omer Asik;;16:35;3;4;0;0;2;2;1;7;8;0;0;2;0;2;8;
Omer Asik;C;26:09;1;5;0;0;2;4;5;9;14;0;1;2;1;1;4;
Omer Asik;C;15:28;2;4;0;0;2;4;1;11;12;0;0;0;2;6;6;
Omer Asik;C;28:10;2;4;0;0;0;0;2;7;9;0;1;2;2;2;4;
Omer Asik;C;23:42;1;1;0;0;4;4;2;5;7;0;0;0;2;3;6;
Omer Asik;C;22:00;3;5;0;0;2;2;1;4;5;1;0;0;2;4;8;
Omer Asik;C;23:19;1;3;0;0;4;6;1;8;9;1;1;0;3;2;6;
Omer Asik;C;23:36;3;3;0;0;1;4;2;5;7;0;0;0;1;3;7;
Omer Asik;C;18:50;2;4;0;0;0;2;1;1;2;0;0;1;0;2;4;
Omer Asik;;4:22;0;0;0;0;0;0;0;0;0;0;0;0;0;0;0;
Omer Asik;;6:49;1;3;0;0;2;2;2;2;4;0;0;0;1;1;4;
Omer Asik;;11:38;0;0;0;0;1;2;1;4;5;0;0;1;1;3;1;
Omer Asik;;13:13;0;0;0;0;2;2;1;7;8;0;0;0;1;3;2;
Omer Asik;;20:59;1;3;0;0;0;0;4;6;10;1;0;0;0;1;2;
Omer Asik;;20:24;4;7;0;0;2;3;2;7;9;2;0;1;1;0;10;
Omer Asik;;23:16;2;5;0;0;2;2;0;6;6;1;0;0;2;1;6;
Omer Asik;;13:24;1;2;0;0;1;2;1;2;3;1;1;0;1;0;3;
Omer Asik;;15:16;1;4;0;0;0;0;2;3;5;0;0;0;0;2;2;
