╔═══════════════╤═══════════════╗
║Name		│Omri Casspi	║
╟───────────────┼───────────────╢
║Number		│18		║
╟───────────────┼───────────────╢
║Position	│F		║
╟───────────────┼───────────────╢
║Height		│6-9		║
╟───────────────┼───────────────╢
║Weight		│225		║
╟───────────────┼───────────────╢
║Birth		│JUN 22, 1988	║
╟───────────────┼───────────────╢
║Age		│26		║
╟───────────────┼───────────────╢
║Exp		│4		║
╟───────────────┼───────────────╢
║School		│Yavne, Israel	║
╚═══════════════╧═══════════════╝
Omri Casspi;;6:20;2;3;1;2;0;0;0;1;1;0;0;0;0;0;5;
Omri Casspi;;21:11;3;5;0;2;3;4;1;5;6;4;0;0;1;3;9;
Omri Casspi;;6:10;0;2;0;1;0;0;0;0;0;0;0;0;0;0;0;
Omri Casspi;;17:36;4;5;2;2;4;4;0;2;2;2;1;0;1;3;14;
Omri Casspi;;22:31;4;9;3;5;1;2;0;6;6;3;0;0;3;3;12;
Omri Casspi;;6:49;0;1;0;0;0;0;1;1;2;0;0;0;1;1;0;
Omri Casspi;;6:21;0;0;0;0;0;0;0;1;1;0;0;0;0;0;0;
Omri Casspi;;21:04;3;11;0;6;0;0;1;3;4;1;1;0;0;1;6;
Omri Casspi;;33:11;5;9;3;5;2;2;3;5;8;2;0;0;2;2;15;
Omri Casspi;;33:03;9;15;2;5;0;0;3;9;12;1;1;0;1;4;20;
Omri Casspi;;17:57;2;7;1;3;0;0;0;2;2;0;1;0;1;0;5;
Omri Casspi;;17:51;3;6;1;3;2;2;0;2;2;0;0;0;1;1;9;
Omri Casspi;;15:02;2;4;0;2;1;5;2;6;8;1;1;0;2;2;5;
Omri Casspi;;12:13;1;3;0;1;0;0;2;0;2;2;0;0;0;1;2;
Omri Casspi;;17:55;2;6;1;1;4;6;1;2;3;0;0;0;2;1;9;
Omri Casspi;;13:43;1;2;1;1;0;2;0;2;2;1;0;0;2;0;3;
Omri Casspi;;12:34;0;2;0;1;0;0;2;2;4;1;0;0;0;1;0;
Omri Casspi;;7:26;0;1;0;1;2;2;0;3;3;0;0;0;1;1;2;
Omri Casspi;;12:00;2;5;1;2;2;2;0;2;2;3;1;1;0;1;7;
Omri Casspi;;18:47;1;5;1;4;0;0;1;3;4;1;1;0;1;0;3;
Omri Casspi;;9:49;3;5;1;2;0;0;0;2;2;0;0;0;2;0;7;
Omri Casspi;;12:00;1;4;0;1;0;0;1;1;2;1;0;0;0;0;2;
Omri Casspi;;14:40;4;5;3;4;5;6;0;3;3;2;1;1;1;2;16;
Omri Casspi;;1:32;0;1;0;1;0;0;0;0;0;0;0;0;0;0;0;
Omri Casspi;;7:57;0;2;0;1;0;0;0;2;2;1;0;0;0;0;0;
Omri Casspi;;9:37;0;1;0;1;4;6;1;1;2;1;0;0;0;1;4;
Omri Casspi;;19:24;3;6;1;3;0;2;1;5;6;2;2;0;1;1;7;
Omri Casspi;;14:32;0;3;0;2;0;0;0;1;1;1;2;2;4;3;0;
Omri Casspi;;13:03;1;5;0;0;3;6;2;2;4;2;0;0;0;0;5;
Omri Casspi;;11:31;0;1;0;0;0;0;1;1;2;0;0;0;0;1;0;
Omri Casspi;;22:15;3;10;1;5;0;0;1;1;2;0;0;0;0;2;7;
Omri Casspi;;23:17;2;4;1;2;3;4;1;4;5;1;0;0;0;2;8;
Omri Casspi;;11:12;2;3;2;3;0;0;0;3;3;1;0;0;1;1;6;
Omri Casspi;;13:11;3;4;0;0;0;0;1;4;5;1;1;0;1;0;6;
Omri Casspi;;11:34;1;4;0;2;0;0;0;3;3;1;0;0;0;0;2;
Omri Casspi;;22:05;3;7;0;2;3;3;0;4;4;2;1;0;3;2;9;
Omri Casspi;F;22:20;0;4;0;1;2;2;1;5;6;1;0;0;1;1;2;
Omri Casspi;F;28:39;4;10;1;2;0;0;1;7;8;1;0;0;0;1;9;
Omri Casspi;;20:24;2;6;0;2;0;0;1;3;4;2;0;1;1;2;4;
Omri Casspi;;21:14;4;8;3;3;1;2;1;1;2;2;1;0;1;3;12;
Omri Casspi;;28:06;6;12;3;6;4;5;2;7;9;4;2;0;4;3;19;
Omri Casspi;;23:48;2;4;0;2;3;4;1;7;8;5;0;0;0;2;7;
Omri Casspi;;20:25;1;5;1;3;2;2;0;3;3;1;1;0;1;1;5;
Omri Casspi;;17:49;1;5;1;4;0;0;0;3;3;2;0;0;0;0;3;
Omri Casspi;;26:14;1;4;0;2;3;6;2;4;6;3;1;1;2;1;5;
Omri Casspi;;23:47;7;13;2;6;0;0;0;2;2;1;2;1;2;4;16;
Omri Casspi;;16:51;1;3;1;2;1;2;0;0;0;0;0;0;0;2;4;
Omri Casspi;;18:23;3;9;1;3;0;0;0;4;4;0;1;1;1;1;7;
Omri Casspi;;24:47;2;6;1;3;0;0;0;4;4;1;3;1;2;2;5;
Omri Casspi;;15:19;5;5;1;1;0;0;1;2;3;0;1;0;1;3;11;
Omri Casspi;;16:30;2;8;1;4;0;0;0;5;5;1;1;0;2;1;5;
Omri Casspi;;22:30;4;6;2;3;6;6;0;3;3;0;1;0;1;2;16;
Omri Casspi;;25:42;3;5;1;1;2;2;1;4;5;2;1;0;2;3;9;
Omri Casspi;;22:07;6;9;3;3;1;2;1;4;5;3;0;0;4;0;16;
Omri Casspi;;17:10;4;8;0;3;0;0;0;3;3;1;0;1;0;1;8;
Omri Casspi;;30:11;5;8;2;4;1;3;1;5;6;0;2;0;0;2;13;
Omri Casspi;;30:50;6;13;2;3;0;0;3;4;7;1;1;0;5;3;14;
Omri Casspi;;16:56;1;4;0;2;0;0;0;2;2;1;1;0;2;3;2;
Omri Casspi;;22:59;2;5;0;2;2;2;0;6;6;1;0;1;0;2;6;
Omri Casspi;;16:07;2;6;0;2;2;2;1;2;3;0;0;1;0;3;6;
Omri Casspi;;20:54;3;8;1;3;3;5;1;1;2;1;3;1;1;0;10;
Omri Casspi;;15:15;1;5;1;3;1;2;0;0;0;2;0;0;0;2;4;
Omri Casspi;;21:15;3;7;1;4;4;4;2;1;3;0;1;0;1;2;11;
Omri Casspi;;20:39;1;10;1;7;0;0;1;1;2;1;2;0;1;1;3;
Omri Casspi;;30:30;5;9;1;2;2;2;0;6;6;7;0;0;1;3;13;
Omri Casspi;;18:55;1;2;0;0;1;2;0;3;3;2;0;0;1;3;3;
Omri Casspi;;18:51;3;9;1;4;0;0;0;1;1;2;0;0;0;0;7;
Omri Casspi;;11:27;1;3;0;1;0;0;0;1;1;0;0;0;0;0;2;
Omri Casspi;;12:39;3;6;1;3;0;3;2;2;4;0;1;1;0;0;7;
Omri Casspi;;30:28;6;12;1;5;2;4;3;3;6;0;1;0;2;2;15;
Omri Casspi;;15:28;2;7;1;1;1;2;3;2;5;2;3;0;1;1;6;
