Orlando Johnson;;1:16;0;0;0;0;0;0;0;0;0;0;0;0;0;0;0;
Orlando Johnson;;1:16;0;0;0;0;0;0;0;0;0;0;0;0;0;1;0;
Orlando Johnson;;2:19;0;0;0;0;0;0;0;0;0;0;0;0;0;0;0;
Orlando Johnson;;3:52;0;0;0;0;1;2;0;2;2;0;0;0;0;0;1;
Orlando Johnson;;2:38;1;1;0;0;0;0;0;0;0;0;0;0;0;0;2;
Orlando Johnson;;3:10;0;1;0;0;0;0;0;2;2;0;0;0;1;1;0;
Orlando Johnson;;1:44;0;0;0;0;0;2;0;0;0;0;0;0;0;1;0;
Orlando Johnson;;0:43;0;1;0;1;0;0;0;0;0;0;0;0;0;0;0;
Orlando Johnson;;3:00;1;1;0;0;0;0;0;0;0;0;0;0;0;0;2;
Orlando Johnson;;1:27;0;1;0;1;0;0;0;0;0;0;0;0;0;0;0;
Orlando Johnson;;2:31;1;2;0;1;0;0;0;1;1;1;0;0;1;0;2;
Orlando Johnson;;13:38;1;2;1;2;1;2;0;1;1;2;0;0;0;0;4;
Orlando Johnson;;12:24;1;8;0;2;0;0;1;0;1;1;0;0;1;0;2;
Orlando Johnson;;6:03;1;3;0;1;1;2;1;1;2;0;0;0;0;1;3;
Orlando Johnson;;6:44;0;1;0;0;0;0;0;0;0;0;0;1;0;1;0;
Orlando Johnson;;6:10;0;2;0;0;0;0;0;0;0;0;0;0;0;1;0;
Orlando Johnson;;2:22;0;1;0;1;0;0;0;0;0;0;0;0;0;0;0;
Orlando Johnson;;2:43;0;0;0;0;0;0;0;0;0;1;0;0;0;0;0;
Orlando Johnson;;15:12;3;4;1;2;2;2;0;1;1;0;0;0;1;1;9;
Orlando Johnson;;12:36;0;2;0;1;2;2;0;0;0;0;0;0;0;0;2;
Orlando Johnson;;21:13;2;7;1;5;2;2;1;5;6;2;1;0;2;1;7;
Orlando Johnson;;11:12;2;3;1;1;0;0;0;2;2;1;0;0;1;0;5;
Orlando Johnson;;17:40;1;3;0;1;2;2;1;3;4;1;0;0;1;1;4;
Orlando Johnson;;13:34;3;7;1;3;0;0;0;1;1;3;0;0;0;0;7;
Orlando Johnson;;13:50;2;4;0;0;0;0;0;4;4;0;1;0;0;2;4;
Orlando Johnson;;16:27;2;5;1;2;0;0;0;2;2;0;1;0;1;3;5;
Orlando Johnson;;10:14;3;5;0;0;1;1;1;1;2;1;0;0;1;0;7;
Orlando Johnson;;15:36;3;4;0;1;3;3;0;3;3;1;0;0;0;1;9;
Orlando Johnson;;5:01;0;2;0;1;0;0;0;1;1;1;0;0;0;0;0;
Orlando Johnson;;9:16;1;2;0;0;2;2;0;0;0;0;0;0;0;0;4;
Orlando Johnson;;15:00;1;6;1;3;0;0;2;1;3;1;0;0;0;0;3;
Orlando Johnson;;18:50;1;3;0;2;0;2;0;5;5;0;0;0;2;2;2;
Orlando Johnson;;8:57;0;1;0;1;0;0;0;0;0;0;0;0;0;1;0;
Orlando Johnson;;3:04;0;1;0;0;0;0;0;0;0;0;1;0;1;0;0;
Orlando Johnson;;9:08;1;1;1;1;0;0;0;0;0;1;0;0;0;1;3;
Orlando Johnson;;13:23;1;3;1;3;0;0;0;1;1;1;0;1;0;1;3;
Orlando Johnson;;21:07;2;4;0;2;0;0;0;3;3;1;0;0;1;0;4;
Orlando Johnson;;16:05;0;5;0;3;0;0;0;1;1;0;2;0;1;1;0;
Orlando Johnson;;17:39;0;3;0;1;2;2;0;1;1;0;0;0;0;2;2;
Orlando Johnson;;20:15;1;5;0;2;0;0;1;1;2;1;0;0;0;1;2;
Orlando Johnson;;3:36;0;3;0;2;0;0;0;1;1;0;0;0;0;0;0;
Orlando Johnson;;2:28;0;1;0;1;0;0;0;0;0;0;0;0;0;0;0;
Orlando Johnson;;3:45;1;3;0;0;0;0;1;1;2;0;0;0;0;1;2;
Orlando Johnson;;2:19;0;2;0;0;0;0;0;1;1;0;0;0;0;1;0;
Orlando Johnson;;0:53;0;0;0;0;0;0;0;0;0;0;0;0;0;0;0;
