╔═══════════════╤═══════════════╗
║Name		│Otto Porter	║
╟───────────────┼───────────────╢
║Number		│22		║
╟───────────────┼───────────────╢
║Position	│F		║
╟───────────────┼───────────────╢
║Height		│6-8		║
╟───────────────┼───────────────╢
║Weight		│198		║
╟───────────────┼───────────────╢
║Birth		│JUN 03, 1993	║
╟───────────────┼───────────────╢
║Age		│21		║
╟───────────────┼───────────────╢
║Exp		│R		║
╟───────────────┼───────────────╢
║School		│Georgetown	║
╚═══════════════╧═══════════════╝
Otto Porter;;11:05;1;2;0;0;0;0;0;1;1;1;0;0;1;0;2;
Otto Porter;;14:15;1;2;0;0;0;0;1;1;2;1;1;0;0;1;2;
Otto Porter;;15:50;1;4;0;1;2;2;1;2;3;1;1;0;0;0;4;
Otto Porter;;10:42;1;3;0;1;0;0;0;1;1;1;0;0;0;1;2;
Otto Porter;;7:25;0;1;0;0;0;0;0;0;0;1;0;0;0;1;0;
Otto Porter;;7:41;1;3;0;1;0;0;0;1;1;0;0;0;0;0;2;
Otto Porter;;3:01;0;1;0;0;0;0;0;0;0;0;1;0;0;0;0;
Otto Porter;;0:54;0;0;0;0;0;0;0;0;0;0;0;0;0;0;0;
Otto Porter;;4:48;0;0;0;0;0;0;0;0;0;0;0;0;1;0;0;
Otto Porter;;3:31;0;2;0;0;2;3;0;0;0;0;1;0;2;0;2;
Otto Porter;;18:54;1;6;0;2;0;0;4;2;6;1;0;1;0;2;2;
Otto Porter;;3:13;0;1;0;0;0;0;0;1;1;0;0;0;0;0;0;
Otto Porter;;0:34;0;0;0;0;0;0;0;0;0;0;0;0;0;0;0;
Otto Porter;;6:38;0;1;0;0;0;0;0;1;1;0;0;0;1;2;0;
Otto Porter;;0:48;0;1;0;0;0;0;0;0;0;0;0;0;0;0;0;
Otto Porter;;3:49;1;2;0;1;0;0;0;1;1;0;0;0;0;0;2;
Otto Porter;;10:26;2;4;2;3;0;0;0;0;0;0;0;0;0;1;6;
Otto Porter;;22:12;0;1;0;0;0;0;0;2;2;0;2;0;1;3;0;
Otto Porter;;0:11;0;0;0;0;0;0;0;0;0;0;0;0;0;0;0;
Otto Porter;;3:23;1;1;0;0;0;0;0;1;1;0;0;0;0;0;2;
Otto Porter;;2:27;0;0;0;0;0;0;0;1;1;0;0;0;0;0;0;
Otto Porter;;0:05;0;0;0;0;0;0;0;0;0;0;0;0;0;0;0;
Otto Porter;;5:55;3;3;1;1;2;3;1;0;1;0;0;0;1;0;9;
Otto Porter;;7:23;2;4;1;2;0;0;2;1;3;1;0;0;1;0;5;
Otto Porter;;25:45;4;10;0;2;1;1;3;6;9;0;0;0;0;1;9;
Otto Porter;;7:06;1;2;0;1;0;0;0;0;0;0;0;0;0;1;2;
Otto Porter;;12:00;3;7;0;2;0;0;2;1;3;0;0;0;1;4;6;
Otto Porter;;3:49;0;1;0;0;0;0;1;0;1;0;0;0;2;1;0;
Otto Porter;;14:12;0;3;0;1;0;0;1;1;2;1;0;0;1;2;0;
Otto Porter;;7:15;0;0;0;0;0;0;0;1;1;0;0;0;0;0;0;
Otto Porter;;15:44;2;6;0;1;0;0;2;2;4;0;0;0;0;0;4;
Otto Porter;;10:30;0;2;0;0;0;0;1;1;2;0;0;0;0;3;0;
Otto Porter;;3:14;0;0;0;0;0;0;0;1;1;0;0;0;0;0;0;
Otto Porter;;11:49;2;4;0;1;0;0;0;1;1;0;0;0;0;0;4;
Otto Porter;;11:50;1;2;0;1;0;0;0;0;0;1;1;0;0;1;2;
Otto Porter;;20:58;2;8;0;0;0;0;2;6;8;1;0;0;0;1;4;
Otto Porter;;9:36;3;4;0;0;1;3;0;0;0;0;1;0;2;1;7;
