╔═══════════════╤═══════════════╗
║Name		│Pablo Prigioni	║
╟───────────────┼───────────────╢
║Number		│9		║
╟───────────────┼───────────────╢
║Position	│G		║
╟───────────────┼───────────────╢
║Height		│6-3		║
╟───────────────┼───────────────╢
║Weight		│185		║
╟───────────────┼───────────────╢
║Birth		│MAY 17, 1977	║
╟───────────────┼───────────────╢
║Age		│37		║
╟───────────────┼───────────────╢
║Exp		│1		║
╟───────────────┼───────────────╢
║School		│Argentina	║
╚═══════════════╧═══════════════╝
Pablo Prigioni;G;19:05;0;3;0;3;2;2;2;3;5;2;0;0;3;1;2;
Pablo Prigioni;;17:16;0;0;0;0;0;0;1;2;3;4;2;0;0;2;0;
Pablo Prigioni;G;22:22;1;2;1;2;0;0;0;2;2;3;1;0;0;2;3;
Pablo Prigioni;G;21:50;0;3;0;3;0;0;1;1;2;4;0;0;1;4;0;
Pablo Prigioni;G;27:17;3;6;1;1;0;0;0;2;2;2;2;0;1;3;7;
Pablo Prigioni;G;22:15;0;0;0;0;0;0;2;1;3;4;0;0;1;2;0;
Pablo Prigioni;G;25:32;2;5;2;5;0;0;2;1;3;4;2;0;1;2;6;
Pablo Prigioni;G;21:55;1;2;1;2;0;0;0;6;6;1;0;0;0;0;3;
Pablo Prigioni;G;31:04;2;6;1;3;0;0;4;3;7;7;2;0;0;3;5;
Pablo Prigioni;G;22:11;0;0;0;0;0;0;1;1;2;6;4;0;1;1;0;
Pablo Prigioni;G;21:48;2;2;1;1;0;0;0;1;1;4;1;0;1;1;5;
Pablo Prigioni;G;23:23;2;3;1;1;0;0;0;0;0;5;2;0;1;2;5;
Pablo Prigioni;G;30:03;3;5;1;3;0;0;3;2;5;10;1;0;2;4;7;
Pablo Prigioni;G;22:53;2;4;2;3;0;0;2;1;3;4;1;0;0;4;6;
Pablo Prigioni;G;24:40;3;4;3;4;0;0;1;1;2;4;0;0;2;1;9;
Pablo Prigioni;G;25:56;3;6;2;5;0;0;0;2;2;4;2;0;0;3;8;
Pablo Prigioni;G;28:25;3;5;2;4;0;0;0;3;3;4;0;0;1;3;8;
Pablo Prigioni;G;25:14;0;3;0;3;0;0;1;2;3;4;2;0;0;1;0;
Pablo Prigioni;G;10:21;2;3;1;1;0;0;0;0;0;0;0;0;0;3;5;
Pablo Prigioni;G;17:09;0;1;0;0;2;2;0;0;0;3;0;1;0;2;2;
Pablo Prigioni;;15:55;1;2;0;1;0;0;0;1;1;3;0;0;2;3;2;
Pablo Prigioni;;15:53;1;2;1;1;0;0;1;1;2;4;1;0;1;2;3;
Pablo Prigioni;;16:46;2;3;2;2;1;2;0;0;0;2;0;0;1;1;7;
Pablo Prigioni;;17:44;3;6;3;5;2;2;0;1;1;4;0;0;1;1;11;
Pablo Prigioni;;15:04;1;2;1;2;0;0;1;1;2;4;2;0;2;4;3;
Pablo Prigioni;;19:26;2;3;2;2;0;0;1;1;2;4;3;0;0;1;6;
Pablo Prigioni;;18:29;0;1;0;1;0;0;0;0;0;1;1;0;2;2;0;
Pablo Prigioni;;19:48;2;5;1;2;0;0;0;2;2;1;0;0;0;2;5;
Pablo Prigioni;;17:50;0;1;0;1;0;0;1;3;4;9;0;0;1;1;0;
Pablo Prigioni;;16:04;2;2;2;2;0;0;1;0;1;3;1;0;1;0;6;
Pablo Prigioni;;21:30;0;1;0;1;0;0;0;1;1;5;1;0;0;0;0;
Pablo Prigioni;;15:40;1;4;1;4;0;0;0;0;0;7;0;0;2;1;3;
Pablo Prigioni;;19:52;1;1;1;1;0;0;0;1;1;3;1;0;2;2;3;
Pablo Prigioni;;20:22;2;2;2;2;0;0;1;1;2;2;1;0;2;3;6;
Pablo Prigioni;;16:49;0;3;0;1;0;0;1;3;4;2;1;0;0;0;0;
Pablo Prigioni;;20:30;2;2;1;1;1;1;1;1;2;3;0;0;2;2;6;
Pablo Prigioni;;20:09;2;4;2;4;0;0;0;2;2;7;0;0;2;1;6;
Pablo Prigioni;;16:56;0;1;0;1;0;0;0;1;1;1;0;0;1;2;0;
Pablo Prigioni;;17:05;2;3;2;3;0;0;0;2;2;5;1;0;1;2;6;
Pablo Prigioni;;11:37;1;3;0;1;1;1;0;0;0;0;0;0;0;4;3;
Pablo Prigioni;;4:53;0;1;0;0;0;0;0;0;0;0;0;0;2;0;0;
Pablo Prigioni;G;13:46;1;1;0;0;0;0;0;0;0;3;2;0;2;2;2;
Pablo Prigioni;G;37:27;3;3;1;1;0;0;0;3;3;5;3;0;4;1;7;
Pablo Prigioni;;11:15;0;0;0;0;0;0;0;3;3;2;0;0;0;4;0;
Pablo Prigioni;;19:43;2;5;1;3;0;0;0;1;1;2;0;0;1;2;5;
Pablo Prigioni;;18:30;1;1;1;1;0;0;1;1;2;1;1;0;0;2;3;
Pablo Prigioni;G;21:31;3;6;3;4;0;0;0;3;3;2;1;0;0;5;9;
Pablo Prigioni;G;15:10;1;1;1;1;0;0;1;0;1;2;0;0;0;2;3;
Pablo Prigioni;;15:53;1;4;1;4;0;0;0;1;1;4;2;0;0;4;3;
Pablo Prigioni;;7:23;0;1;0;1;0;0;0;0;0;0;0;0;0;3;0;
Pablo Prigioni;;14:37;2;4;1;3;0;0;0;0;0;0;1;0;2;2;5;
Pablo Prigioni;;23:00;3;5;2;4;0;0;0;5;5;5;2;1;0;2;8;
Pablo Prigioni;;14:36;1;2;0;1;0;0;0;0;0;3;1;0;3;3;2;
Pablo Prigioni;;19:00;2;4;2;4;0;0;0;1;1;3;1;0;0;2;6;
Pablo Prigioni;;17:00;0;1;0;1;0;0;0;2;2;1;1;0;0;0;0;
Pablo Prigioni;;9:06;0;2;0;2;0;0;0;4;4;1;1;0;1;2;0;
Pablo Prigioni;;5:24;0;0;0;0;0;0;0;3;3;1;0;0;0;2;0;
Pablo Prigioni;;10:22;1;1;1;1;0;0;1;2;3;3;0;0;1;0;3;
Pablo Prigioni;;12:45;2;2;1;1;0;0;0;0;0;3;2;0;0;2;5;
Pablo Prigioni;;14:49;1;1;1;1;0;0;0;0;0;6;3;0;2;1;3;
Pablo Prigioni;;16:49;1;1;1;1;0;0;1;1;2;4;1;0;1;2;3;
Pablo Prigioni;;26:57;2;5;2;5;0;0;0;3;3;9;0;0;1;3;6;
Pablo Prigioni;G;30:32;2;9;2;7;0;0;1;1;2;2;4;0;0;1;6;
Pablo Prigioni;G;38:35;1;6;1;3;2;2;3;1;4;8;0;0;0;1;5;
Pablo Prigioni;G;31:01;4;8;3;6;0;0;0;1;1;6;4;0;1;4;11;
Pablo Prigioni;G;18:20;0;3;0;3;0;0;0;1;1;3;2;0;1;2;0;
