╔═══════════════╤═══════════════════════╗
║Name		│Patrick Patterson	║
╟───────────────┼───────────────────────╢
║Number		│54			║
╟───────────────┼───────────────────────╢
║Position	│F			║
╟───────────────┼───────────────────────╢
║Height		│6-9			║
╟───────────────┼───────────────────────╢
║Weight		│235			║
╟───────────────┼───────────────────────╢
║Birth		│MAR 14, 1989		║
╟───────────────┼───────────────────────╢
║Age		│25			║
╟───────────────┼───────────────────────╢
║Exp		│3			║
╟───────────────┼───────────────────────╢
║School		│Kentucky		║
╚═══════════════╧═══════════════════════╝
Patrick Patterson;;16:27;1;4;1;1;0;0;0;2;2;1;2;0;2;1;3;
Patrick Patterson;;22:04;8;10;2;3;0;0;2;2;4;2;0;0;1;0;18;
Patrick Patterson;;23:54;5;13;1;1;0;2;1;6;7;1;0;2;4;4;11;
Patrick Patterson;;31:41;8;14;2;3;2;2;2;4;6;2;0;1;0;3;20;
Patrick Patterson;;18:07;3;5;0;2;2;2;0;3;3;4;0;1;0;5;8;
Patrick Patterson;;27:40;5;12;1;2;3;4;5;7;12;1;3;1;2;2;14;
Patrick Patterson;;25:06;7;11;1;2;3;4;4;0;4;2;0;0;3;4;18;
Patrick Patterson;;19:30;1;3;0;1;0;0;1;3;4;2;0;0;2;3;2;
Patrick Patterson;;21:15;5;9;1;1;0;0;4;1;5;1;0;0;0;2;11;
Patrick Patterson;;29:12;7;12;2;4;1;2;3;4;7;1;1;1;1;3;17;
Patrick Patterson;;26:09;4;9;0;3;0;0;4;4;8;1;2;1;1;1;8;
Patrick Patterson;;19:04;3;7;0;1;0;0;4;1;5;1;0;0;2;2;6;
Patrick Patterson;;28:34;5;14;0;2;1;2;1;8;9;2;3;1;0;1;11;
Patrick Patterson;;16:12;2;3;1;1;2;2;0;2;2;1;0;0;1;2;7;
Patrick Patterson;;21:28;6;11;1;3;2;2;1;2;3;1;2;0;0;1;15;
Patrick Patterson;;24:02;4;7;1;1;0;0;2;4;6;0;0;1;0;3;9;
Patrick Patterson;;27:22;6;10;1;1;0;0;3;6;9;3;0;1;1;4;13;
Patrick Patterson;;18:59;2;7;0;0;2;2;3;1;4;2;1;0;2;2;6;
Patrick Patterson;;23:02;6;9;2;2;0;0;1;3;4;3;1;0;1;0;14;
Patrick Patterson;;19:37;4;8;0;2;2;2;2;4;6;1;2;1;0;2;10;
Patrick Patterson;F;32:52;7;11;3;5;5;6;1;5;6;2;0;0;1;4;22;
Patrick Patterson;F;30:34;6;15;1;6;1;2;3;3;6;1;1;0;0;2;14;
Patrick Patterson;F;34:11;4;7;1;3;1;1;0;6;6;1;3;1;2;6;10;
Patrick Patterson;F;22:00;2;6;1;3;0;0;2;4;6;1;2;1;1;2;5;
Patrick Patterson;;19:35;3;8;2;4;0;0;1;4;5;2;1;0;1;3;8;
Patrick Patterson;;20:51;1;5;0;2;0;0;0;6;6;2;2;2;0;3;2;
Patrick Patterson;;24:48;1;5;1;3;0;0;3;5;8;4;0;1;3;2;3;
Patrick Patterson;;23:29;2;5;1;1;0;0;2;2;4;0;2;2;1;6;5;
Patrick Patterson;;28:43;4;10;2;5;2;2;1;4;5;1;1;1;2;3;12;
Patrick Patterson;;26:52;6;8;3;4;0;0;2;4;6;1;1;2;1;3;15;
Patrick Patterson;;8:08;1;4;0;1;0;0;1;0;1;0;0;0;0;3;2;
Patrick Patterson;;25:40;3;7;1;4;1;3;0;2;2;1;1;1;1;1;8;
Patrick Patterson;F;25:26;2;5;1;3;0;0;1;6;7;2;2;0;0;3;5;
Patrick Patterson;F;28:41;2;9;1;4;2;2;2;3;5;1;1;0;1;3;7;
Patrick Patterson;F;37:59;7;11;3;5;0;2;3;2;5;1;0;3;1;2;17;
Patrick Patterson;;15:30;2;3;2;2;0;0;1;1;2;1;0;0;2;5;6;
Patrick Patterson;;24:39;2;5;0;3;0;0;2;6;8;1;0;3;1;1;4;
Patrick Patterson;;20:10;1;7;1;4;0;0;1;4;5;1;2;0;1;2;3;
Patrick Patterson;;20:12;3;7;1;4;0;0;2;3;5;3;1;1;1;1;7;
Patrick Patterson;F;26:44;1;6;1;3;0;0;1;5;6;0;3;0;0;5;3;
Patrick Patterson;F;18:05;3;8;0;4;0;0;1;2;3;1;1;0;0;1;6;
Patrick Patterson;F;20:49;1;6;0;2;0;0;1;3;4;0;0;0;2;2;2;
Patrick Patterson;F;30:58;3;6;1;3;0;0;1;8;9;1;2;0;3;4;7;
Patrick Patterson;F;30:34;4;8;2;4;0;0;2;2;4;1;2;0;1;2;10;
Patrick Patterson;F;27:56;3;7;0;2;0;0;1;1;2;1;0;0;0;2;6;
Patrick Patterson;;25:33;4;8;0;3;0;1;2;8;10;0;0;0;1;1;8;
Patrick Patterson;;3:32;0;1;0;1;0;0;0;0;0;0;1;0;0;0;0;
Patrick Patterson;;24:33;4;8;1;2;1;2;2;3;5;1;0;0;1;3;10;
Patrick Patterson;;25:27;3;8;1;3;0;0;2;1;3;0;1;0;1;2;7;
Patrick Patterson;;31:50;8;16;0;2;5;7;3;4;7;1;2;0;1;5;21;
Patrick Patterson;;17:21;0;3;0;2;1;2;2;4;6;1;0;1;1;1;1;
Patrick Patterson;;26:59;3;5;0;0;1;2;3;6;9;0;0;0;1;4;7;
Patrick Patterson;;26:41;8;8;2;2;0;0;3;4;7;3;1;1;3;2;18;
Patrick Patterson;;32:35;1;9;0;2;1;2;4;6;10;3;0;1;1;3;3;
Patrick Patterson;;22:22;1;9;0;1;0;0;4;3;7;1;0;0;0;1;2;
Patrick Patterson;;22:48;3;6;1;3;0;0;2;5;7;1;0;0;0;1;7;
Patrick Patterson;;18:36;1;5;0;1;3;3;2;3;5;1;0;1;0;1;5;
Patrick Patterson;;20:36;4;5;2;2;2;2;1;2;3;0;0;2;1;2;12;
Patrick Patterson;;24:09;2;3;0;0;0;0;1;2;3;1;0;0;2;4;4;
Patrick Patterson;;24:46;3;8;0;1;1;2;2;4;6;1;1;0;0;1;7;
Patrick Patterson;;16:11;2;3;1;1;0;0;1;1;2;0;0;0;0;1;5;
Patrick Patterson;;18:50;3;7;0;2;1;2;1;1;2;1;2;0;0;1;7;
Patrick Patterson;;19:54;1;6;0;1;0;0;1;2;3;0;1;1;2;3;2;
Patrick Patterson;;21:24;4;7;1;1;0;0;2;4;6;0;1;0;0;3;9;
Patrick Patterson;;23:29;4;7;0;1;2;2;1;4;5;1;0;1;1;4;10;
