╔═══════════════╤═══════════════════════╗
║Name		│Patrick Beverley	║
╟───────────────┼───────────────────────╢
║Number		│2			║
╟───────────────┼───────────────────────╢
║Position	│G			║
╟───────────────┼───────────────────────╢
║Height		│6-1			║
╟───────────────┼───────────────────────╢
║Weight		│185			║
╟───────────────┼───────────────────────╢
║Birth		│JUL 12, 1988		║
╟───────────────┼───────────────────────╢
║Age		│25			║
╟───────────────┼───────────────────────╢
║Exp		│1			║
╟───────────────┼───────────────────────╢
║School		│Arkansas		║
╚═══════════════╧═══════════════════════╝
Patrick Beverley;G;28:56;5;11;3;8;4;4;1;1;2;3;1;0;2;2;17;
Patrick Beverley;G;33:11;2;9;1;4;1;2;1;5;6;8;2;1;0;4;6;
Patrick Beverley;G;34:14;1;11;1;8;0;0;2;1;3;2;0;1;0;5;3;
Patrick Beverley;G;32:42;3;11;3;6;0;0;3;2;5;0;0;0;0;4;9;
Patrick Beverley;G;29:38;4;8;1;2;2;2;3;2;5;3;2;0;1;5;11;
Patrick Beverley;G;36:18;3;8;3;6;2;2;0;4;4;4;1;0;5;5;11;
Patrick Beverley;G;40:54;0;5;0;5;0;0;3;7;10;8;5;1;2;2;0;
Patrick Beverley;G;31:02;3;7;2;3;0;0;0;0;0;5;1;0;0;3;8;
Patrick Beverley;G;29:44;6;12;3;5;0;0;1;2;3;3;1;3;0;3;15;
Patrick Beverley;G;29:13;5;11;4;8;0;0;3;2;5;2;3;0;0;5;14;
Patrick Beverley;G;29:20;4;9;2;6;0;0;1;2;3;5;3;0;0;2;10;
Patrick Beverley;G;37:09;1;6;0;2;0;0;3;2;5;3;0;0;1;6;2;
Patrick Beverley;G;33:22;6;12;1;2;7;8;1;2;3;3;3;0;3;4;20;
Patrick Beverley;G;26:02;2;4;1;3;0;0;0;2;2;0;1;0;1;2;5;
Patrick Beverley;G;29:24;1;2;1;1;2;2;1;4;5;2;0;1;4;6;5;
Patrick Beverley;G;38:48;6;15;5;9;2;4;1;4;5;3;1;1;0;4;19;
Patrick Beverley;G;32:52;6;12;5;8;2;3;2;0;2;2;3;1;2;4;19;
Patrick Beverley;G;31:38;1;8;0;4;2;2;0;0;0;1;2;0;0;5;4;
Patrick Beverley;G;26:26;4;6;1;1;0;0;0;2;2;5;1;0;1;2;9;
Patrick Beverley;G;36:27;4;8;0;3;4;7;1;1;2;0;4;0;0;6;12;
Patrick Beverley;G;24:42;1;4;0;1;0;0;1;1;2;3;2;0;0;5;2;
Patrick Beverley;G;29:36;3;9;0;4;3;4;2;1;3;3;0;0;0;3;9;
Patrick Beverley;G;36:17;5;14;1;5;4;4;0;0;0;5;3;1;2;3;15;
Patrick Beverley;G;32:04;6;9;2;4;5;5;1;6;7;3;1;1;3;1;19;
Patrick Beverley;G;25:13;5;10;4;7;0;0;0;2;2;3;2;0;1;3;14;
Patrick Beverley;G;34:27;6;12;3;9;0;0;0;3;3;7;0;0;1;2;15;
Patrick Beverley;G;34:06;3;10;2;7;0;0;3;1;4;0;0;1;1;3;8;
Patrick Beverley;G;7:33;1;2;1;2;2;2;0;0;0;1;0;0;0;1;5;
Patrick Beverley;G;33:13;6;12;4;8;4;4;1;2;3;4;2;1;1;5;20;
Patrick Beverley;G;36:19;5;11;1;6;1;1;0;1;1;2;1;0;2;4;12;
Patrick Beverley;G;22:09;4;6;2;3;4;5;0;2;2;2;0;0;4;0;14;
Patrick Beverley;G;10:23;2;4;1;3;0;0;1;0;1;1;0;0;2;0;5;
Patrick Beverley;;28:37;5;9;1;3;1;1;4;0;4;1;0;0;0;2;12;
Patrick Beverley;G;33:49;1;10;1;5;0;0;3;1;4;4;1;1;1;5;3;
Patrick Beverley;G;37:44;6;13;3;8;4;4;1;4;5;3;4;2;3;5;19;
Patrick Beverley;G;22:10;0;5;0;4;0;0;0;2;2;0;0;0;3;4;0;
Patrick Beverley;G;42:21;4;8;1;5;3;4;3;6;9;5;3;1;0;4;12;
Patrick Beverley;G;26:43;2;6;1;5;0;0;1;1;2;2;1;0;2;0;5;
Patrick Beverley;G;27:02;4;7;3;4;0;0;2;3;5;2;0;1;0;2;11;
Patrick Beverley;G;23:03;6;9;2;3;2;2;0;4;4;1;0;0;1;3;16;
Patrick Beverley;G;36:37;3;9;3;8;0;0;1;1;2;3;4;0;2;3;9;
Patrick Beverley;G;32:58;6;12;5;8;0;0;0;2;2;3;0;0;3;3;17;
Patrick Beverley;G;39:22;4;9;1;5;0;0;1;2;3;2;1;1;2;2;9;
Patrick Beverley;G;33:05;2;8;1;3;2;3;0;2;2;2;2;0;1;1;7;
Patrick Beverley;G;24:07;2;7;1;5;0;0;0;4;4;1;0;0;0;1;5;
Patrick Beverley;G;36:39;4;10;3;5;0;0;3;3;6;5;3;1;0;3;11;
Patrick Beverley;G;38:26;4;10;0;3;0;0;2;3;5;4;2;1;0;3;8;
Patrick Beverley;G;41:54;4;10;2;5;2;2;3;5;8;2;2;0;1;3;12;
Patrick Beverley;G;32:40;2;6;0;3;2;4;1;0;1;0;2;0;3;4;6;
Patrick Beverley;G;38:52;3;9;2;8;1;3;1;3;4;3;0;1;1;2;9;
Patrick Beverley;G;39:23;3;10;0;0;3;3;5;6;11;2;3;1;2;4;9;
Patrick Beverley;G;30:17;7;9;2;3;0;0;2;1;3;2;2;0;0;6;16;
Patrick Beverley;G;31:04;2;7;0;3;2;2;0;1;1;2;1;0;1;2;6;
Patrick Beverley;G;33:38;5;9;2;4;3;5;0;1;1;3;0;0;0;1;15;
Patrick Beverley;G;30:01;3;5;0;1;2;2;2;1;3;1;0;0;0;1;8;
Patrick Beverley;G;14:35;3;6;0;1;4;4;0;3;3;2;1;0;1;1;10;
