╔═══════════════╤═══════════════╗
║Name		│Patty Mills	║
╟───────────────┼───────────────╢
║Number		│8		║
╟───────────────┼───────────────╢
║Position	│G		║
╟───────────────┼───────────────╢
║Height		│6-0		║
╟───────────────┼───────────────╢
║Weight		│185		║
╟───────────────┼───────────────╢
║Birth		│AUG 11, 1988	║
╟───────────────┼───────────────╢
║Age		│25		║
╟───────────────┼───────────────╢
║Exp		│4		║
╟───────────────┼───────────────╢
║School		│St. Mary's (CA)║
╚═══════════════╧═══════════════╝
Patty Mills;;13:40;3;4;2;2;0;0;1;0;1;0;0;0;0;1;8;
Patty Mills;;10:23;3;6;1;4;0;0;0;1;1;0;0;0;0;2;7;
Patty Mills;;12:41;3;4;1;1;4;4;0;1;1;1;0;0;0;1;11;
Patty Mills;;19:18;4;10;3;7;0;0;0;3;3;2;0;0;1;0;11;
Patty Mills;;22:54;4;6;2;3;0;0;0;4;4;2;1;0;2;2;10;
Patty Mills;;11:44;0;1;0;0;0;0;0;1;1;1;0;0;0;1;0;
Patty Mills;;14:07;3;6;0;2;0;0;0;0;0;3;0;0;0;2;6;
Patty Mills;;17:57;3;11;1;5;2;2;0;1;1;1;1;0;2;3;9;
Patty Mills;;26:43;8;12;4;6;0;0;0;2;2;7;3;0;1;2;20;
Patty Mills;;15:25;3;6;3;4;0;0;0;1;1;2;0;0;1;1;9;
Patty Mills;;23:12;6;10;6;8;0;0;0;2;2;2;2;0;2;2;18;
Patty Mills;;17:18;1;6;1;5;0;0;1;1;2;0;1;0;1;1;3;
Patty Mills;;28:19;3;7;1;5;0;0;0;2;2;2;1;2;0;4;7;
Patty Mills;;19:26;5;11;2;3;0;0;0;1;1;0;0;0;2;5;12;
Patty Mills;;21:37;6;14;2;7;1;1;0;1;1;1;2;1;0;0;15;
Patty Mills;;20:30;2;6;1;4;0;0;0;3;3;2;1;0;0;2;5;
Patty Mills;;15:38;7;13;4;9;1;1;1;1;2;4;0;0;0;2;19;
Patty Mills;;23:15;6;13;2;7;2;2;0;1;1;2;1;0;0;2;16;
Patty Mills;;25:24;10;13;4;5;8;9;1;6;7;4;2;0;2;1;32;
Patty Mills;;13:53;3;6;0;1;0;0;0;1;1;1;0;0;1;1;6;
Patty Mills;;19:32;6;13;3;8;1;1;1;1;2;0;2;0;1;2;16;
Patty Mills;;27:15;9;15;2;3;5;6;0;5;5;5;0;1;1;4;25;
Patty Mills;;29:00;13;26;1;5;2;2;0;3;3;2;2;0;0;1;29;
Patty Mills;;25:27;2;14;0;6;0;0;2;4;6;1;1;0;3;1;4;
Patty Mills;;20:54;5;10;1;4;0;0;0;3;3;2;0;0;1;0;11;
Patty Mills;;29:27;6;10;1;3;1;1;0;6;6;2;0;0;2;0;14;
Patty Mills;;16:06;1;5;1;3;0;0;0;0;0;1;0;0;0;1;3;
Patty Mills;;23:37;6;12;4;6;0;0;0;3;3;5;2;0;0;0;16;
Patty Mills;;17:25;3;6;2;5;1;2;2;8;10;4;0;0;1;0;9;
Patty Mills;;14:33;1;6;1;3;0;0;0;0;0;0;0;0;1;2;3;
Patty Mills;;24:11;4;9;1;3;1;1;1;0;1;3;0;0;2;3;10;
Patty Mills;;17:29;5;12;3;6;2;2;1;1;2;2;1;0;0;1;15;
Patty Mills;;14:37;2;7;1;4;0;0;2;1;3;1;0;0;1;0;5;
Patty Mills;;18:43;4;7;4;5;0;0;0;1;1;4;1;0;0;1;12;
Patty Mills;;15:29;3;8;1;4;0;0;0;1;1;1;0;0;2;1;7;
Patty Mills;;17:30;3;8;0;3;2;2;1;0;1;0;1;0;0;1;8;
Patty Mills;;20:09;1;9;1;5;1;1;1;0;1;5;4;0;1;2;4;
Patty Mills;;23:28;6;9;3;6;0;0;0;3;3;3;3;1;0;2;15;
Patty Mills;;14:21;3;6;1;2;0;0;1;0;1;1;1;0;0;1;7;
Patty Mills;;19:32;7;11;1;2;1;1;3;3;6;3;0;0;1;2;16;
Patty Mills;;24:55;4;11;3;8;2;2;2;0;2;0;1;0;1;4;13;
Patty Mills;;13:16;3;5;2;2;2;2;0;1;1;0;1;0;0;0;10;
Patty Mills;;19:45;6;8;1;1;0;0;0;3;3;2;0;0;1;1;13;
Patty Mills;;23:49;8;13;5;7;0;0;2;4;6;1;1;0;2;1;21;
Patty Mills;;20:26;3;5;1;3;0;0;0;6;6;4;0;0;1;0;7;
Patty Mills;;22:13;3;7;2;3;0;0;0;0;0;0;0;0;1;1;8;
Patty Mills;G;35:39;9;25;6;11;2;2;0;2;2;6;2;0;0;2;26;
Patty Mills;;27:41;3;8;1;4;2;2;0;4;4;4;0;0;0;3;9;
Patty Mills;;14:11;4;9;1;3;0;0;0;2;2;1;0;0;1;0;9;
Patty Mills;;16:43;4;4;3;3;1;1;1;0;1;1;0;0;0;0;12;
Patty Mills;;12:04;2;6;0;0;0;0;0;1;1;2;1;0;1;0;4;
Patty Mills;;14:48;2;3;1;1;0;0;0;2;2;1;0;0;1;1;5;
Patty Mills;;14:22;3;5;2;2;0;0;0;0;0;2;3;0;1;4;8;
Patty Mills;;17:09;1;5;0;0;0;0;0;1;1;3;0;0;0;3;2;
Patty Mills;;11:02;2;4;2;2;0;0;0;0;0;1;1;0;0;0;6;
Patty Mills;;22:30;4;11;2;7;5;5;0;1;1;0;0;0;2;1;15;
Patty Mills;;19:14;4;8;2;5;0;0;1;2;3;2;4;0;0;2;10;
Patty Mills;;16:29;3;8;1;4;0;0;0;1;1;0;1;0;0;2;7;
Patty Mills;;10:26;2;3;0;1;0;0;0;0;0;1;1;0;2;0;4;
Patty Mills;;18:52;1;6;1;3;0;0;1;1;2;3;2;0;0;0;3;
Patty Mills;;12:04;1;2;0;1;3;5;0;1;1;1;2;0;0;0;5;
Patty Mills;;22:55;5;8;3;6;2;2;0;3;3;3;1;0;2;0;15;
Patty Mills;;22:24;5;10;1;5;1;1;1;0;1;2;1;1;1;3;12;
Patty Mills;;13:58;3;5;3;4;0;0;0;1;1;1;1;0;0;1;9;
Patty Mills;;23:00;4;8;0;2;0;0;0;2;2;2;1;0;1;0;8;
Patty Mills;;9:50;0;2;0;1;2;2;0;1;1;0;0;0;0;1;2;
Patty Mills;;14:50;2;4;1;2;1;2;0;2;2;0;0;0;2;1;6;
Patty Mills;;20:44;3;9;3;7;1;2;2;3;5;6;3;0;0;2;10;
Patty Mills;;16:29;3;6;3;4;2;2;0;0;0;0;1;0;2;1;11;
Patty Mills;;10:23;4;7;1;4;0;1;1;0;1;0;0;0;1;0;9;
Patty Mills;;7:02;1;2;0;1;2;2;0;1;1;0;1;0;0;2;4;
Patty Mills;;17:07;5;7;1;2;0;0;2;1;3;2;1;0;0;2;11;
Patty Mills;;14:20;3;7;2;4;0;0;0;0;0;0;0;1;2;2;8;
Patty Mills;;30:55;4;10;2;5;2;2;0;1;1;4;2;0;0;3;12;
Patty Mills;G;34:05;8;17;2;7;2;3;0;5;5;2;3;0;1;1;20;
Patty Mills;;15:14;1;6;0;3;0;0;0;0;0;1;0;0;0;0;2;
Patty Mills;;14:12;3;7;1;3;0;0;0;0;0;2;0;1;1;3;7;
Patty Mills;;17:29;3;6;1;3;2;2;0;1;1;1;0;0;0;0;9;
Patty Mills;;14:42;2;3;1;2;0;0;0;2;2;2;0;0;1;3;5;
Patty Mills;;12:27;0;2;0;1;0;0;0;0;0;1;0;0;0;2;0;
Patty Mills;;20:42;5;15;2;7;0;0;2;0;2;3;0;1;2;2;12;
