╔═══════════════╤═══════════════════════╗
║Name		│Pau Gasol		║
╟───────────────┼───────────────────────╢
║Number		│16			║
╟───────────────┼───────────────────────╢
║Position	│C-F			║
╟───────────────┼───────────────────────╢
║Height		│7-0			║
╟───────────────┼───────────────────────╢
║Weight		│250			║
╟───────────────┼───────────────────────╢
║Birth		│JUL 06, 1980		║
╟───────────────┼───────────────────────╢
║Age		│33			║
╟───────────────┼───────────────────────╢
║Exp		│12			║
╟───────────────┼───────────────────────╢
║School		│Barcelona, Spain	║
╚═══════════════╧═══════════════════════╝
Pau Gasol;F;37:16;10;17;0;1;3;4;3;14;17;8;0;3;2;2;23;
Pau Gasol;F;36:53;10;22;0;0;5;6;5;5;10;5;1;3;4;2;25;
Pau Gasol;F;36:14;5;14;0;0;5;7;4;9;13;5;0;2;3;2;15;
Pau Gasol;F;36:10;8;13;0;1;5;6;4;8;12;3;0;2;3;5;21;
Pau Gasol;F;25:01;5;15;0;0;0;0;1;7;8;5;0;0;2;3;10;
Pau Gasol;F;36:17;9;13;0;0;2;6;2;10;12;3;1;2;4;2;20;
Pau Gasol;C;31:00;10;20;0;0;4;5;3;6;9;5;0;1;5;5;24;
Pau Gasol;C;35:31;9;15;0;0;6;8;1;12;13;6;0;0;0;0;24;
Pau Gasol;C;36:14;8;20;0;0;6;6;1;8;9;0;0;1;1;0;22;
Pau Gasol;C;36:41;8;15;0;1;4;5;5;14;19;1;3;5;5;3;20;
Pau Gasol;C;37:32;9;15;0;0;4;5;4;7;11;4;3;0;1;1;22;
Pau Gasol;C;34:55;8;17;0;0;5;7;1;10;11;6;1;2;3;2;21;
Pau Gasol;C;38:40;8;15;0;0;4;6;2;11;13;4;0;2;1;0;20;
Pau Gasol;C;35:48;10;19;0;0;1;1;2;11;13;2;0;0;2;2;21;
Pau Gasol;C;33:10;9;17;0;0;6;6;2;7;9;2;0;2;2;5;24;
Pau Gasol;C;22:07;6;12;0;0;4;6;1;6;7;3;0;2;1;2;16;
Pau Gasol;C;29:13;8;12;0;0;6;7;2;9;11;0;0;1;2;3;22;
Pau Gasol;C;27:20;6;13;0;0;1;1;3;6;9;2;2;4;2;3;13;
Pau Gasol;C;35:03;7;14;0;0;3;4;1;9;10;3;0;1;1;2;17;
Pau Gasol;C;39:01;10;17;0;0;2;4;0;5;5;6;0;2;5;2;22;
Pau Gasol;C;33:48;10;20;0;0;2;2;2;7;9;5;2;2;1;0;22;
Pau Gasol;C;32:13;10;15;0;0;9;14;5;7;12;4;0;1;2;0;29;
Pau Gasol;C;25:13;8;15;0;0;5;6;1;6;7;1;0;0;2;2;21;
Pau Gasol;C;30:29;12;21;0;0;3;6;0;5;5;1;1;0;0;2;27;
Pau Gasol;C;38:36;8;17;0;0;4;4;1;10;11;3;0;1;3;3;20;
Pau Gasol;C;26:20;5;12;0;0;4;6;3;3;6;2;0;2;2;1;14;
Pau Gasol;C;26:11;8;16;0;1;2;3;3;8;11;2;1;4;1;2;18;
Pau Gasol;C;36:22;8;18;0;0;6;8;4;6;10;6;1;4;1;4;22;
Pau Gasol;F;32:28;6;14;0;0;2;5;3;11;14;5;1;1;5;1;14;
Pau Gasol;C;18:39;3;7;0;0;0;0;1;1;2;3;0;1;3;1;6;
Pau Gasol;F;28:20;4;9;0;0;1;1;1;3;4;7;1;2;3;4;9;
Pau Gasol;C;24:29;5;12;1;2;4;4;1;12;13;4;0;0;5;0;15;
Pau Gasol;C;23:03;5;10;0;0;2;2;2;5;7;3;0;1;3;1;12;
Pau Gasol;C;29:06;8;17;1;2;3;4;2;9;11;1;0;2;2;1;20;
Pau Gasol;C;27:41;5;18;1;2;5;7;0;13;13;2;0;1;3;1;16;
Pau Gasol;C;31:06;4;9;0;1;2;2;0;8;8;4;0;0;0;0;10;
Pau Gasol;F;31:59;1;10;0;0;0;0;1;11;12;2;0;0;3;4;2;
Pau Gasol;F;27:30;3;12;0;0;3;4;4;7;11;2;0;1;0;1;9;
Pau Gasol;F;29:17;5;12;0;0;1;3;4;7;11;4;0;4;4;3;11;
Pau Gasol;C;25:53;6;10;0;1;2;2;1;7;8;3;0;1;1;3;14;
Pau Gasol;C;33:25;12;27;0;0;1;5;2;10;12;3;0;1;2;2;25;
Pau Gasol;C;33:04;4;12;0;1;2;2;1;12;13;3;0;1;1;1;10;
Pau Gasol;C;34:17;6;13;0;0;0;0;1;8;9;7;2;3;2;2;12;
Pau Gasol;C;38:39;11;19;0;0;2;2;2;8;10;3;2;1;2;5;24;
Pau Gasol;C;34:41;8;16;0;0;4;6;2;8;10;1;0;1;0;3;20;
Pau Gasol;C;34:45;8;15;0;0;1;1;2;4;6;8;0;2;5;4;17;
Pau Gasol;C;34:34;9;17;0;0;3;4;1;7;8;0;0;1;4;0;21;
Pau Gasol;C;32:54;5;14;0;0;3;5;4;8;12;3;0;2;3;2;13;
Pau Gasol;C;24:30;3;15;0;0;0;0;0;5;5;3;0;1;1;1;6;
Pau Gasol;F;33:12;6;15;0;0;7;7;0;7;7;3;2;1;1;1;19;
Pau Gasol;F;24:28;3;11;0;0;1;2;2;6;8;2;0;0;2;2;7;
Pau Gasol;C;28:45;6;11;0;0;7;8;2;3;5;3;0;1;1;3;19;
Pau Gasol;C;23:09;6;10;0;0;2;3;3;4;7;3;0;0;1;2;14;
Pau Gasol;C;32:14;6;18;0;0;3;3;0;7;7;3;1;4;6;3;15;
Pau Gasol;C;32:10;7;9;0;0;2;4;2;8;10;2;0;0;3;4;16;
Pau Gasol;C;32:38;9;12;0;0;3;5;0;9;9;2;0;3;2;1;21;
Pau Gasol;C;32:57;10;15;1;1;0;0;6;7;13;8;1;2;7;3;21;
Pau Gasol;C;20:19;4;12;0;0;2;2;1;3;4;3;0;0;0;2;10;
Pau Gasol;C;28:40;6;12;0;0;1;2;3;10;13;3;1;1;1;1;13;
Pau Gasol;C;36:08;9;23;0;0;7;10;4;2;6;1;0;4;4;2;25;
