╔═══════════════╤═══════════════╗
║Name		│Paul Pierce	║
╟───────────────┼───────────────╢
║Number		│34		║
╟───────────────┼───────────────╢
║Position	│F		║
╟───────────────┼───────────────╢
║Height		│6-7		║
╟───────────────┼───────────────╢
║Weight		│235		║
╟───────────────┼───────────────╢
║Birth		│OCT 13, 1977	║
╟───────────────┼───────────────╢
║Age		│36		║
╟───────────────┼───────────────╢
║Exp		│15		║
╟───────────────┼───────────────╢
║School		│Kansas		║
╚═══════════════╧═══════════════╝
Paul Pierce;F;34:09;6;18;1;4;5;5;1;3;4;3;2;1;4;2;18;
Paul Pierce;F;34:21;6;14;2;6;3;3;1;1;2;5;1;3;3;2;17;
Paul Pierce;F;32:57;3;9;1;4;2;3;0;4;4;3;2;3;3;1;9;
Paul Pierce;F;33:00;2;7;0;3;7;8;1;4;5;1;1;0;4;4;11;
Paul Pierce;F;40:23;6;16;1;5;7;9;0;4;4;3;0;0;1;4;20;
Paul Pierce;F;31:09;5;9;2;5;3;5;1;3;4;2;2;1;1;1;15;
Paul Pierce;F;26:52;8;16;2;4;0;0;0;3;3;6;1;0;3;3;18;
Paul Pierce;F;26:23;1;4;1;3;0;0;0;4;4;5;1;1;2;1;3;
Paul Pierce;F;23:47;5;9;1;4;2;2;0;6;6;4;1;2;0;1;13;
Paul Pierce;F;28:22;4;8;0;2;4;7;0;3;3;4;1;1;2;2;12;
Paul Pierce;F;29:03;2;10;0;3;2;2;1;3;4;2;0;0;2;5;6;
Paul Pierce;F;30:58;10;16;7;10;6;7;1;5;6;2;1;1;1;2;33;
Paul Pierce;F;30:39;2;5;0;2;6;7;0;5;5;2;2;0;2;1;10;
Paul Pierce;F;32:36;3;9;2;6;7;7;0;5;5;2;6;1;2;4;15;
Paul Pierce;F;34:19;5;9;1;3;14;14;1;2;3;2;1;0;1;4;25;
Paul Pierce;F;22:41;5;6;1;1;1;1;2;5;7;2;1;0;0;2;12;
Paul Pierce;F;17:59;2;4;0;1;0;2;0;4;4;2;1;0;0;1;4;
Paul Pierce;F;17:28;3;7;1;4;2;3;0;4;4;0;1;1;0;3;9;
Paul Pierce;F;22:27;9;11;5;5;2;3;0;4;4;2;2;1;0;2;25;
Paul Pierce;F;27:24;4;11;2;5;5;7;0;3;3;0;0;1;1;5;15;
Paul Pierce;F;27:04;3;8;1;2;0;0;1;5;6;1;0;0;1;1;7;
Paul Pierce;F;33:59;3;11;0;5;5;5;1;2;3;0;0;0;2;5;11;
Paul Pierce;F;33:26;9;17;4;7;3;3;1;6;7;4;0;0;4;3;25;
Paul Pierce;F;24:29;3;8;0;3;0;0;1;3;4;1;1;0;1;2;6;
Paul Pierce;F;21:53;7;12;2;5;2;2;0;6;6;1;0;0;2;4;18;
Paul Pierce;F;27:45;3;7;1;3;5;7;0;8;8;5;3;0;1;2;12;
Paul Pierce;F;30:57;5;12;3;7;1;1;0;7;7;5;4;1;4;1;14;
Paul Pierce;F;25:35;3;6;2;5;6;6;1;7;8;2;1;0;5;2;14;
Paul Pierce;F;33:04;4;11;0;4;2;2;0;3;3;1;3;0;3;2;10;
Paul Pierce;F;1:13;1;1;0;0;0;0;0;0;0;0;0;0;0;0;2;
Paul Pierce;F;29:38;3;8;3;4;6;8;0;4;4;0;4;0;6;4;15;
Paul Pierce;F;31:34;9;12;5;7;6;7;0;4;4;1;1;0;2;5;29;
Paul Pierce;F;30:15;4;9;2;4;5;6;0;6;6;2;0;0;2;0;15;
Paul Pierce;F;27:44;4;7;2;4;0;1;1;4;5;2;0;0;0;3;10;
Paul Pierce;F;27:54;2;4;1;2;2;4;0;5;5;0;1;1;1;3;7;
Paul Pierce;F;18:59;6;10;1;3;1;1;0;3;3;0;0;0;1;2;14;
Paul Pierce;F;30:46;3;10;0;4;9;12;0;4;4;3;1;0;2;5;15;
Paul Pierce;F;34:33;7;16;4;11;6;6;0;4;4;1;2;1;1;4;24;
Paul Pierce;F;30:45;3;7;1;3;1;1;0;4;4;3;1;0;0;2;8;
Paul Pierce;F;19:56;5;6;5;6;7;7;0;2;2;3;1;0;2;4;22;
Paul Pierce;F;25:45;8;11;5;8;1;2;0;5;5;0;2;0;2;4;22;
Paul Pierce;F;23:26;2;4;0;2;0;0;0;6;6;1;1;0;2;1;4;
Paul Pierce;F;26:45;2;7;0;1;4;4;0;4;4;1;1;0;1;3;8;
Paul Pierce;F;25:12;6;9;3;6;2;2;0;3;3;0;0;0;3;4;17;
Paul Pierce;F;24:26;5;10;1;4;0;1;0;5;5;4;1;0;1;0;11;
Paul Pierce;F;32:19;5;8;1;3;3;3;0;4;4;1;2;2;3;5;14;
Paul Pierce;F;28:38;5;14;1;7;2;6;0;6;6;4;2;1;1;2;13;
Paul Pierce;F;19:16;3;7;0;3;4;4;0;5;5;3;3;0;0;1;10;
Paul Pierce;F;20:32;4;8;1;2;4;6;1;0;1;1;1;0;2;5;13;
Paul Pierce;F;29:51;5;8;3;4;4;4;0;4;4;2;0;0;1;2;17;
Paul Pierce;F;31:03;5;10;1;4;8;8;0;5;5;6;0;1;4;3;19;
Paul Pierce;F;27:38;6;11;0;3;4;4;1;6;7;1;0;0;2;0;16;
Paul Pierce;F;22:56;4;7;1;3;2;3;0;5;5;4;2;0;1;0;11;
Paul Pierce;F;26:32;1;5;0;3;2;3;0;8;8;3;2;0;3;3;4;
Paul Pierce;F;32:44;5;12;3;6;2;2;1;7;8;4;2;0;5;4;15;
Paul Pierce;F;29:07;4;12;0;0;4;5;0;9;9;1;0;0;1;3;12;
Paul Pierce;F;40:57;5;12;1;4;3;4;0;4;4;0;0;0;1;1;14;
Paul Pierce;F;32:14;2;12;0;5;7;8;1;2;3;2;1;0;2;2;11;
Paul Pierce;F;34:34;3;11;1;3;5;7;0;2;2;2;2;1;3;4;12;
Paul Pierce;F;21:31;2;11;0;4;2;2;0;3;3;1;0;0;2;1;6;
Paul Pierce;F;27:39;5;13;2;4;7;7;0;4;4;3;0;0;4;4;19;
Paul Pierce;F;31:33;5;8;1;3;5;5;0;4;4;4;1;0;4;2;16;
Paul Pierce;F;33:10;4;17;2;7;2;3;0;6;6;5;0;0;4;3;12;
Paul Pierce;F;14:54;1;6;0;3;0;2;1;1;2;4;2;0;0;1;2;
Paul Pierce;;22:14;0;3;0;1;4;4;1;6;7;3;1;0;3;1;4;
Paul Pierce;;26:04;2;7;2;5;4;4;0;7;7;5;1;0;3;3;10;
Paul Pierce;;28:53;5;9;2;4;0;0;1;3;4;4;1;0;1;4;12;
Paul Pierce;;30:36;3;7;3;5;5;7;1;4;5;1;0;0;3;4;14;
Paul Pierce;;35:28;10;12;3;5;4;6;0;6;6;3;0;1;2;3;27;
Paul Pierce;F;43:30;7;9;4;6;6;6;0;10;10;5;3;0;6;2;24;
Paul Pierce;;15:16;0;7;0;2;0;0;1;1;2;1;0;1;2;1;0;
Paul Pierce;;17:33;1;8;0;2;4;4;1;3;4;1;0;2;2;2;6;
Paul Pierce;F;28:39;4;11;1;4;4;5;0;4;4;3;1;1;2;3;13;
Paul Pierce;F;36:04;8;14;1;1;1;3;0;5;5;2;3;1;2;3;18;
Paul Pierce;F;28:32;5;11;1;3;2;2;0;3;3;6;1;0;3;2;13;
