╔═══════════════╤═══════════════╗
║Name		│Paul George	║
╟───────────────┼───────────────╢
║Number		│24		║
╟───────────────┼───────────────╢
║Position	│F-G		║
╟───────────────┼───────────────╢
║Height		│6-9		║
╟───────────────┼───────────────╢
║Weight		│220		║
╟───────────────┼───────────────╢
║Birth		│MAY 02, 1990	║
╟───────────────┼───────────────╢
║Age		│24		║
╟───────────────┼───────────────╢
║Exp		│3		║
╟───────────────┼───────────────╢
║School		│Fresno State	║
╚═══════════════╧═══════════════╝
Paul George;F;36:30;5;14;0;3;2;2;0;8;8;3;1;1;6;5;12;
Paul George;F;36:42;8;24;2;9;6;7;3;7;10;5;2;0;1;2;24;
Paul George;F;35:48;4;10;2;6;6;6;0;5;5;6;1;0;2;4;16;
Paul George;F;27:44;4;12;0;2;3;4;0;2;2;2;1;0;2;5;11;
Paul George;G;41:39;11;25;3;10;3;4;1;11;12;3;2;0;4;4;28;
Paul George;F;38:25;2;14;0;2;4;4;2;12;14;6;2;0;1;1;8;
Paul George;F;34:11;10;18;4;7;7;8;0;3;3;2;1;0;5;2;31;
Paul George;F;33:08;8;17;4;8;5;5;1;6;7;3;0;1;2;2;25;
Paul George;F;35:57;12;17;5;6;7;7;0;6;6;2;3;0;1;2;36;
Paul George;F;35:33;9;20;3;7;2;2;1;3;4;2;1;0;4;1;23;
Paul George;F;34:06;10;19;1;6;5;7;1;6;7;1;1;0;4;3;26;
Paul George;F;41:18;12;22;4;10;8;8;1;4;5;2;4;2;4;4;36;
Paul George;F;34:13;6;18;0;4;6;10;0;11;11;6;1;0;4;3;18;
Paul George;F;34:27;4;21;1;6;5;9;1;4;5;6;2;0;2;3;14;
Paul George;F;38:17;5;17;0;6;2;4;2;10;12;4;0;0;4;3;12;
Paul George;F;39:23;7;19;2;6;4;4;0;8;8;1;2;0;4;2;20;
Paul George;F;26:47;5;12;2;5;3;3;1;3;4;2;2;0;3;1;15;
Paul George;F;35:34;6;16;2;8;4;4;0;7;7;2;2;0;5;2;18;
Paul George;F;46:46;5;23;1;6;6;6;2;4;6;7;2;0;3;3;17;
Paul George;F;35:22;10;19;5;8;2;2;0;7;7;3;1;0;3;4;27;
Paul George;F;26:50;4;10;2;3;2;2;0;5;5;4;1;0;3;1;12;
Paul George;F;38:07;4;17;1;6;3;3;1;6;7;2;1;1;1;4;12;
Paul George;F;28:16;8;18;4;8;6;6;0;2;2;3;3;0;1;2;26;
Paul George;F;36:05;11;22;3;6;10;10;1;10;11;2;3;1;7;2;35;
Paul George;F;36:12;10;18;5;7;7;9;0;5;5;3;1;1;1;2;32;
Paul George;F;27:58;6;18;1;5;7;7;2;5;7;6;2;1;2;2;20;
Paul George;F;34:25;7;15;2;8;2;2;1;7;8;6;1;0;1;3;18;
Paul George;F;33:50;10;21;3;6;4;5;0;8;8;3;3;0;1;2;27;
Paul George;F;40:20;6;16;1;6;9;10;0;6;6;4;2;0;1;1;22;
Paul George;F;39:43;8;23;3;8;7;8;3;9;12;4;1;1;1;2;26;
Paul George;F;33:50;0;9;0;4;2;2;3;4;7;1;0;1;5;4;2;
Paul George;F;33:45;5;12;1;4;2;2;0;5;5;4;2;1;4;2;13;
Paul George;F;30:49;8;14;2;5;9;9;2;9;11;2;0;0;1;4;27;
Paul George;F;29:34;5;10;0;2;2;2;0;3;3;4;2;0;5;4;12;
Paul George;F;35:39;9;15;4;7;3;4;0;4;4;6;2;1;5;1;25;
Paul George;F;46:02;9;19;2;10;10;10;2;6;8;7;3;0;2;2;30;
Paul George;F;35:57;4;14;1;3;15;16;3;5;8;2;1;0;2;1;24;
Paul George;F;36:24;4;17;2;9;7;8;0;8;8;3;1;0;4;5;17;
Paul George;F;36:34;3;13;1;5;3;4;3;9;12;10;1;0;3;1;10;
Paul George;F;35:37;2;10;1;2;3;4;1;5;6;1;2;1;4;1;8;
Paul George;F;40:36;8;22;1;6;4;4;1;6;7;1;4;0;3;2;21;
Paul George;F;41:31;8;19;3;6;4;4;0;8;8;4;3;0;1;3;23;
Paul George;F;38:06;6;22;1;5;6;6;2;7;9;0;3;1;5;1;19;
Paul George;F;38:25;5;13;3;9;2;3;1;6;7;4;5;0;4;4;15;
Paul George;F;35:49;5;13;1;4;5;8;0;6;6;5;3;0;5;2;16;
Paul George;F;37:43;9;19;4;10;5;6;0;12;12;7;2;0;2;2;27;
Paul George;F;40:16;7;17;3;4;9;10;1;5;6;3;0;0;3;3;26;
Paul George;F;37:47;6;17;1;5;5;9;1;6;7;2;6;0;1;3;18;
Paul George;F;39:40;7;17;3;8;5;7;2;3;5;5;2;0;4;2;22;
Paul George;F;35:42;6;17;3;6;5;5;2;10;12;2;0;0;1;3;20;
Paul George;F;36:05;8;16;3;6;5;7;1;5;6;5;1;3;4;0;24;
Paul George;F;39:26;9;19;4;11;10;13;0;6;6;5;2;0;2;2;32;
Paul George;F;30:11;8;17;3;6;2;2;1;12;13;3;2;0;4;1;21;
Paul George;F;40:40;12;18;4;8;3;3;1;9;10;4;4;0;4;1;31;
Paul George;F;39:29;6;19;2;5;7;7;1;5;6;3;0;0;2;2;21;
Paul George;F;38:47;7;21;2;8;7;9;2;6;8;6;2;0;3;2;23;
Paul George;F;36:05;8;14;3;5;5;5;0;6;6;2;1;0;3;3;24;
Paul George;F;31:47;9;16;0;3;5;6;2;5;7;1;0;0;2;2;23;
Paul George;F;29:33;10;18;2;8;0;0;0;2;2;1;2;0;1;3;22;
Paul George;F;32:44;3;14;0;3;6;6;1;5;6;2;0;0;3;3;12;
Paul George;F;48:50;12;26;2;7;9;12;0;5;5;4;5;2;1;3;35;
Paul George;F;37:34;9;20;3;8;6;6;0;3;3;2;1;0;2;2;27;
Paul George;F;37:13;6;13;2;4;5;7;0;3;3;3;3;0;2;3;19;
Paul George;F;39:20;10;16;4;4;2;4;0;8;8;4;4;1;6;2;26;
Paul George;F;26:55;6;15;1;4;2;3;0;5;5;4;3;0;5;4;15;
Paul George;F;35:35;10;19;3;4;0;0;1;3;4;4;4;0;0;0;23;
Paul George;F;34:54;10;23;4;10;3;3;1;5;6;5;2;1;3;4;27;
Paul George;F;37:59;16;30;7;15;4;4;0;3;3;3;3;0;3;4;43;
Paul George;F;40:49;7;20;1;8;4;4;1;5;6;4;2;0;2;2;19;
Paul George;F;36:30;9;14;4;4;6;6;1;3;4;6;0;0;2;2;28;
Paul George;F;36:26;9;17;4;6;10;11;1;4;5;0;3;0;1;2;32;
Paul George;F;41:50;4;11;3;6;6;6;0;3;3;4;2;0;6;2;17;
Paul George;F;36:36;2;12;1;6;5;8;0;4;4;5;1;0;1;2;10;
Paul George;F;39:00;4;14;1;5;8;8;0;9;9;4;2;0;4;4;17;
Paul George;F;43:04;8;16;2;6;7;8;0;8;8;6;2;0;3;4;25;
Paul George;F;30:20;7;16;3;7;7;8;1;8;9;4;3;1;1;2;24;
Paul George;F;28:07;9;13;2;3;4;5;0;5;5;2;1;0;1;2;24;
Paul George;F;37:36;10;19;4;11;2;2;0;6;6;5;2;0;2;1;26;
Paul George;F;33:03;9;13;3;6;3;4;0;3;3;2;3;0;1;4;24;
Paul George;F;38:29;7;19;2;11;5;6;1;7;8;2;0;0;3;3;21;
