╔═══════════════╤═══════════════╗
║Name		│Paul Millsap	║
╟───────────────┼───────────────╢
║Number		│4		║
╟───────────────┼───────────────╢
║Position	│F		║
╟───────────────┼───────────────╢
║Height		│6-8		║
╟───────────────┼───────────────╢
║Weight		│253		║
╟───────────────┼───────────────╢
║Birth		│FEB 10, 1985	║
╟───────────────┼───────────────╢
║Age		│29		║
╟───────────────┼───────────────╢
║Exp		│7		║
╟───────────────┼───────────────╢
║School		│Louisiana Tech	║
╚═══════════════╧═══════════════╝
Paul Millsap;F;33:39;3;14;0;3;6;6;3;8;11;2;2;2;4;2;12;
Paul Millsap;F;30:52;5;18;0;3;6;6;6;6;12;1;1;2;2;2;16;
Paul Millsap;F;34:51;4;12;2;3;6;6;2;2;4;5;1;0;4;2;16;
Paul Millsap;F;32:52;1;10;0;1;2;2;0;6;6;5;1;1;0;1;4;
Paul Millsap;F;32:00;8;18;2;6;2;3;4;3;7;5;1;1;3;3;20;
Paul Millsap;F;35:32;7;14;1;3;6;8;2;4;6;6;3;0;2;5;21;
Paul Millsap;F;29:03;5;14;0;2;3;3;2;1;3;1;3;1;2;1;13;
Paul Millsap;F;30:59;8;13;0;1;10;11;0;7;7;4;1;1;2;5;26;
Paul Millsap;F;38:23;9;17;1;3;5;6;2;4;6;5;3;5;3;2;24;
Paul Millsap;F;25:50;6;17;0;2;3;4;3;5;8;2;4;2;1;3;15;
Paul Millsap;F;28:54;8;14;0;2;4;6;2;6;8;4;2;0;1;1;20;
Paul Millsap;F;34:42;9;19;1;2;4;4;3;5;8;4;1;1;5;3;23;
Paul Millsap;F;26:55;4;11;0;0;4;7;0;4;4;4;6;2;3;2;12;
Paul Millsap;F;31:43;9;18;0;2;2;3;4;9;13;2;3;1;5;6;20;
Paul Millsap;F;32:26;2;11;0;4;3;4;4;8;12;2;4;0;2;2;7;
Paul Millsap;F;34:17;10;20;3;7;3;4;2;8;10;3;1;2;3;4;26;
Paul Millsap;F;36:02;8;16;2;3;2;4;1;10;11;6;5;0;5;1;20;
Paul Millsap;F;33:25;6;15;3;6;0;0;0;2;2;1;0;1;2;4;15;
Paul Millsap;F;31:21;4;8;1;3;8;9;0;6;6;4;0;0;3;2;17;
Paul Millsap;F;28:17;3;10;0;2;1;4;2;6;8;4;2;1;3;4;7;
Paul Millsap;F;37:45;7;18;1;4;6;8;2;9;11;4;3;1;3;2;21;
Paul Millsap;F;35:18;7;15;3;4;6;8;2;6;8;4;1;0;1;3;23;
Paul Millsap;F;24:08;6;14;1;5;3;3;4;3;7;3;0;0;6;2;16;
Paul Millsap;F;33:12;5;12;1;4;3;4;2;3;5;4;5;1;2;3;14;
Paul Millsap;F;31:32;7;14;2;4;7;8;2;6;8;3;1;1;4;2;23;
Paul Millsap;F;30:20;6;12;2;4;3;4;0;8;8;4;0;2;2;4;17;
Paul Millsap;F;37:14;6;17;1;4;11;16;2;9;11;5;3;2;0;3;24;
Paul Millsap;F;34:13;12;20;2;4;2;2;2;3;5;1;0;2;3;2;28;
Paul Millsap;F;38:27;6;16;1;3;6;7;3;10;13;10;1;0;2;3;19;
Paul Millsap;F;32:37;9;15;1;2;1;1;2;2;4;1;1;0;2;5;20;
Paul Millsap;F;40:55;7;16;2;4;1;2;1;7;8;0;3;1;5;2;17;
Paul Millsap;F;37:37;6;14;0;2;7;10;0;5;5;0;2;2;3;2;19;
Paul Millsap;F;27:16;4;13;1;4;3;4;2;8;10;2;0;1;2;2;12;
Paul Millsap;F;34:58;3;15;0;4;4;5;2;4;6;3;2;0;1;3;10;
Paul Millsap;F;39:37;5;13;2;6;5;8;1;3;4;5;2;0;3;3;17;
Paul Millsap;F;35:56;9;15;1;2;9;13;5;12;17;4;3;0;3;1;28;
Paul Millsap;F;37:19;8;17;1;3;5;7;2;9;11;3;2;1;1;3;22;
Paul Millsap;F;27:44;7;10;1;1;1;2;0;11;11;6;0;0;2;3;16;
Paul Millsap;F;33:20;8;14;1;2;0;2;1;10;11;3;0;2;2;2;17;
Paul Millsap;F;36:31;10;19;0;2;4;8;6;6;12;4;2;1;2;5;24;
Paul Millsap;F;38:46;5;11;0;2;4;7;2;12;14;3;1;1;5;2;14;
Paul Millsap;F;37:18;10;19;1;2;6;6;4;6;10;2;1;2;1;3;27;
Paul Millsap;F;35:08;4;10;1;2;2;2;1;7;8;5;2;0;2;4;11;
Paul Millsap;F;35:45;9;15;0;2;2;4;2;3;5;3;1;1;2;4;20;
Paul Millsap;F;31:05;7;12;0;0;1;5;1;4;5;2;0;0;2;2;15;
Paul Millsap;F;28:53;4;9;0;0;6;10;3;4;7;4;1;1;1;4;14;
Paul Millsap;F;33:40;9;15;2;3;5;6;3;8;11;4;4;1;2;0;25;
Paul Millsap;F;34:30;10;15;2;3;7;11;2;8;10;5;2;1;0;4;29;
Paul Millsap;F;34:04;8;16;0;1;2;4;2;9;11;4;4;2;0;2;18;
Paul Millsap;F;26:17;2;7;1;2;4;4;1;4;5;0;0;1;1;2;9;
Paul Millsap;F;31:27;3;9;0;2;0;0;1;5;6;4;1;3;2;3;6;
Paul Millsap;;28:60;3;8;0;1;2;6;0;4;4;3;2;0;3;4;8;
Paul Millsap;F;29:52;6;9;0;0;2;2;1;12;13;1;2;1;1;3;14;
Paul Millsap;F;28:17;8;14;0;2;3;4;1;1;2;0;1;0;4;1;19;
Paul Millsap;F;34:24;6;14;0;1;2;3;2;5;7;1;2;0;0;3;14;
Paul Millsap;F;31:39;6;12;0;0;0;0;0;5;5;2;2;2;3;4;12;
Paul Millsap;F;26:48;4;7;0;0;2;3;1;4;5;0;0;1;4;2;10;
Paul Millsap;F;25:43;6;10;1;1;3;5;0;5;5;2;2;1;3;4;16;
Paul Millsap;F;38:34;6;14;1;2;2;2;1;5;6;4;3;0;2;3;15;
Paul Millsap;F;34:39;9;14;4;5;1;2;1;9;10;2;1;2;4;4;23;
Paul Millsap;F;38:19;6;20;2;6;1;1;4;10;14;3;2;1;2;2;15;
Paul Millsap;F;37:20;12;20;1;3;0;2;1;8;9;6;1;3;1;3;25;
Paul Millsap;F;27:18;7;14;1;3;1;3;7;7;14;5;1;0;0;0;16;
Paul Millsap;F;37:15;5;18;2;4;11;12;2;10;12;3;0;1;1;3;23;
Paul Millsap;F;40:14;6;17;0;2;4;7;4;7;11;4;1;1;1;5;16;
Paul Millsap;F;34:06;7;9;1;2;3;3;1;7;8;1;4;0;9;6;18;
Paul Millsap;F;33:03;6;13;2;4;4;5;3;6;9;2;4;1;2;3;18;
Paul Millsap;F;28:49;4;10;3;4;3;4;3;5;8;4;1;1;3;1;14;
Paul Millsap;F;26:50;4;10;0;3;6;8;3;7;10;3;1;1;1;1;14;
Paul Millsap;F;41:53;9;20;7;10;0;0;3;7;10;2;0;1;3;6;25;
Paul Millsap;F;42:51;9;16;2;4;0;0;2;9;11;3;2;2;6;4;20;
Paul Millsap;F;39:36;10;18;1;3;12;14;2;11;13;2;1;2;2;2;33;
Paul Millsap;F;36:09;4;14;1;6;8;10;2;5;7;2;2;2;4;4;17;
Paul Millsap;F;39:11;12;19;0;1;10;14;5;10;15;2;2;2;4;2;34;
