╔═══════════════╤═══════════════╗
║Name		│Pero Antic	║
╟───────────────┼───────────────╢
║Number		│6		║
╟───────────────┼───────────────╢
║Position	│C		║
╟───────────────┼───────────────╢
║Height		│6-11		║
╟───────────────┼───────────────╢
║Weight		│260		║
╟───────────────┼───────────────╢
║Birth		│JUL 29, 1982	║
╟───────────────┼───────────────╢
║Age		│31		║
╟───────────────┼───────────────╢
║Exp		│R		║
╟───────────────┼───────────────╢
║School		│Macedonia	║
╚═══════════════╧═══════════════╝
Pero Antic;C;26:41;6;9;4;6;0;0;1;6;7;0;1;0;1;4;16;
Pero Antic;C;22:35;3;8;3;5;0;0;2;5;7;1;0;1;1;3;9;
Pero Antic;C;18:17;2;6;2;5;2;2;1;2;3;0;1;0;2;5;8;
Pero Antic;C;26:39;6;10;3;6;1;2;0;4;4;1;0;1;0;3;16;
Pero Antic;C;21:49;2;8;0;3;0;0;1;2;3;0;0;0;3;4;4;
Pero Antic;C;22:54;4;5;1;2;2;2;0;5;5;1;1;0;2;2;11;
Pero Antic;C;24:42;7;10;2;4;1;2;2;4;6;3;0;0;0;5;17;
Pero Antic;C;33:07;2;9;1;6;5;6;2;10;12;1;1;0;2;2;10;
Pero Antic;;16:06;3;5;2;4;2;2;0;4;4;0;0;0;3;2;10;
Pero Antic;;17:27;4;8;2;5;0;0;1;1;2;1;0;0;1;3;10;
Pero Antic;C;29:45;6;11;3;5;1;2;3;3;6;1;2;0;3;3;16;
Pero Antic;C;23:23;4;8;2;6;2;2;2;1;3;3;0;1;0;3;12;
Pero Antic;C;25:35;3;8;1;4;1;2;1;6;7;1;0;0;3;2;8;
Pero Antic;C;24:09;6;12;3;8;1;2;1;0;1;2;1;0;0;5;16;
Pero Antic;C;27:23;4;10;3;7;0;0;2;8;10;2;1;0;2;4;11;
Pero Antic;C;29:01;2;6;1;5;3;3;1;3;4;0;0;0;0;3;8;
Pero Antic;C;28:01;4;9;1;4;5;7;1;5;6;3;0;0;3;5;14;
Pero Antic;C;26:17;1;6;0;5;2;2;3;7;10;3;0;0;4;2;4;
Pero Antic;C;25:34;2;6;1;4;0;0;2;6;8;2;2;0;3;3;5;
Pero Antic;C;15:36;1;5;1;4;0;0;0;4;4;0;1;0;3;2;3;
Pero Antic;C;25:56;5;10;1;4;2;2;2;10;12;1;0;0;0;4;13;
Pero Antic;C;21:10;1;8;0;5;0;0;2;2;4;2;0;0;1;4;2;
Pero Antic;C;10:11;0;2;0;1;0;0;0;1;1;1;0;0;0;2;0;
Pero Antic;C;17:51;2;5;0;2;2;2;2;3;5;1;0;1;0;2;6;
Pero Antic;C;26:47;7;8;3;4;1;2;1;5;6;1;0;0;3;3;18;
Pero Antic;C;27:42;4;13;2;6;3;4;6;3;9;0;1;1;3;3;13;
Pero Antic;;17:34;2;6;0;4;0;0;1;0;1;0;0;0;0;4;4;
Pero Antic;C;19:09;1;2;0;1;1;4;1;2;3;2;1;0;0;1;3;
Pero Antic;C;19:27;2;8;1;4;3;3;0;4;4;2;2;0;0;4;8;
Pero Antic;;7:50;0;1;0;1;0;0;0;2;2;0;0;0;0;0;0;
Pero Antic;;11:35;2;4;1;2;0;0;0;1;1;1;0;0;2;1;5;
Pero Antic;;7:40;1;3;0;1;0;0;1;3;4;0;1;0;0;0;2;
Pero Antic;;15:33;2;4;1;3;0;0;1;0;1;0;0;1;0;1;5;
Pero Antic;;20:12;2;5;2;5;1;2;2;2;4;1;0;2;1;2;7;
Pero Antic;;18:15;1;4;0;3;0;0;0;1;1;2;0;0;0;4;2;
Pero Antic;;12:55;1;3;0;0;2;2;2;3;5;2;0;0;1;1;4;
Pero Antic;;15:17;4;8;2;3;2;3;1;3;4;1;2;0;2;1;12;
Pero Antic;;14:53;1;8;0;3;0;0;5;1;6;1;0;0;0;2;2;
Pero Antic;;6:42;1;2;1;1;3;4;0;0;0;0;0;1;0;1;6;
Pero Antic;;8:56;0;2;0;1;0;0;0;2;2;1;0;0;0;0;0;
Pero Antic;;0:00;0;0;0;0;0;0;0;0;0;0;0;0;0;0;0;
Pero Antic;;12:48;1;2;0;1;2;2;0;1;1;4;0;0;0;0;4;
Pero Antic;;10:12;2;3;1;2;0;0;1;0;1;0;0;0;1;3;5;
Pero Antic;;5:39;0;1;0;1;0;0;0;1;1;0;0;0;0;2;0;
Pero Antic;;10:54;3;4;1;2;0;0;0;2;2;1;0;0;2;4;7;
Pero Antic;;4:26;0;1;0;1;0;0;0;3;3;0;0;0;1;2;0;
Pero Antic;;0:05;0;0;0;0;0;0;0;0;0;1;0;0;0;0;0;
Pero Antic;;22:22;1;7;1;5;0;0;1;3;4;7;1;3;2;2;3;
Pero Antic;;20:20;2;4;1;2;0;0;1;4;5;1;0;0;0;4;5;
Pero Antic;;22:30;2;5;1;4;0;0;1;4;5;0;0;0;0;3;5;
