╔═══════════════╤═══════════════╗
║Name		│Perry Jones	║
╟───────────────┼───────────────╢
║Number		│3		║
╟───────────────┼───────────────╢
║Position	│F		║
╟───────────────┼───────────────╢
║Height		│6-11		║
╟───────────────┼───────────────╢
║Weight		│235		║
╟───────────────┼───────────────╢
║Birth		│SEP 24, 1991	║
╟───────────────┼───────────────╢
║Age		│22		║
╟───────────────┼───────────────╢
║Exp		│1		║
╟───────────────┼───────────────╢
║School		│Baylor		║
╚═══════════════╧═══════════════╝
Perry Jones;;30:10;4;7;3;5;0;0;0;1;1;2;1;1;1;2;11;
Perry Jones;;9:55;0;0;0;0;0;0;1;0;1;0;0;0;0;0;0;
Perry Jones;;20:50;2;5;0;1;2;2;0;2;2;2;2;1;0;3;6;
Perry Jones;F;15:23;0;1;0;1;0;0;1;2;3;0;0;0;0;3;0;
Perry Jones;;23:14;2;7;0;1;0;0;0;2;2;0;1;3;1;1;4;
Perry Jones;;6:44;0;1;0;1;0;0;0;0;0;0;0;0;1;0;0;
Perry Jones;;5:10;0;1;0;0;0;0;1;2;3;0;0;1;0;0;0;
Perry Jones;;7:48;0;2;0;1;0;0;0;2;2;0;0;0;0;2;0;
Perry Jones;;2:11;0;0;0;0;1;2;1;0;1;0;0;0;0;0;1;
Perry Jones;;8:44;2;3;1;2;0;0;0;1;1;0;0;0;0;1;5;
Perry Jones;F;31:44;4;6;0;1;2;2;0;4;4;2;3;0;0;2;10;
Perry Jones;;6:47;3;3;0;0;0;0;0;1;1;0;0;0;0;0;6;
Perry Jones;;6:46;0;0;0;0;0;0;0;1;1;1;0;0;1;2;0;
Perry Jones;;30:26;1;4;1;1;0;0;0;2;2;2;0;1;0;5;3;
Perry Jones;;22:08;3;5;1;1;4;4;0;5;5;2;0;2;2;1;11;
Perry Jones;;21:02;1;5;0;2;3;4;0;3;3;1;0;0;0;2;5;
Perry Jones;;12:53;0;4;0;2;2;2;0;1;1;0;1;0;1;0;2;
Perry Jones;;22:30;3;7;0;2;0;0;1;2;3;0;0;1;0;0;6;
Perry Jones;;10:34;2;4;1;2;0;0;0;2;2;0;0;0;0;1;5;
Perry Jones;;16:42;1;1;0;0;0;0;0;0;0;0;0;0;0;2;2;
Perry Jones;;4:39;0;0;0;0;0;0;0;0;0;0;0;0;0;1;0;
Perry Jones;;5:01;0;0;0;0;0;0;0;0;0;0;0;0;0;0;0;
Perry Jones;;21:25;3;5;1;1;1;1;1;4;5;1;0;0;2;3;8;
Perry Jones;;0:31;0;0;0;0;0;0;0;0;0;0;0;0;0;0;0;
Perry Jones;;6:35;1;2;0;0;2;2;1;1;2;0;1;0;0;1;4;
Perry Jones;;15:12;1;1;1;1;0;0;0;2;2;0;1;0;0;0;3;
Perry Jones;G;22:21;2;6;0;2;0;0;0;1;1;2;0;0;0;1;4;
Perry Jones;G;28:32;4;6;1;1;3;3;2;4;6;3;0;2;0;1;12;
Perry Jones;G;10:30;0;2;0;1;0;0;0;0;0;0;0;0;0;3;0;
Perry Jones;G;16:58;3;6;1;3;0;0;1;3;4;0;0;0;0;2;7;
Perry Jones;G;22:03;0;4;0;3;0;0;0;6;6;0;0;0;0;2;0;
Perry Jones;;23:20;2;5;1;2;2;2;2;3;5;0;0;0;2;1;7;
Perry Jones;;18:53;2;5;2;5;0;2;0;0;0;1;0;0;2;3;6;
Perry Jones;;2:44;0;2;0;1;0;0;0;0;0;0;0;0;0;0;0;
Perry Jones;;6:20;2;2;1;1;0;0;0;1;1;1;0;0;1;1;5;
Perry Jones;;8:17;0;3;0;1;0;0;2;2;4;1;0;0;0;0;0;
Perry Jones;;4:10;1;1;0;0;0;0;0;0;0;0;0;0;0;0;2;
Perry Jones;;0:52;0;0;0;0;0;0;0;0;0;0;0;0;0;0;0;
Perry Jones;;6:10;0;3;0;0;0;0;1;0;1;0;0;0;0;0;0;
Perry Jones;;14:32;2;6;1;2;0;0;1;1;2;0;0;0;0;0;5;
Perry Jones;;7:08;1;2;0;0;1;2;0;2;2;0;0;1;1;1;3;
Perry Jones;;25:07;1;7;1;4;0;0;0;1;1;0;1;1;1;2;3;
Perry Jones;;10:02;1;1;0;0;0;0;0;2;2;1;0;1;0;0;2;
Perry Jones;;9:41;2;2;0;0;0;0;1;1;2;0;0;0;1;0;4;
Perry Jones;;13:58;2;4;1;2;0;0;1;4;5;1;0;1;0;0;5;
Perry Jones;;6:26;2;3;1;1;0;0;0;1;1;0;0;1;0;0;5;
Perry Jones;;7:02;1;1;0;0;0;0;0;0;0;1;0;0;0;0;2;
Perry Jones;;3:33;0;0;0;0;0;0;0;2;2;0;0;0;0;1;0;
Perry Jones;;1:49;0;0;0;0;1;2;0;1;1;0;0;0;1;0;1;
Perry Jones;;19:04;5;7;3;3;0;0;0;3;3;1;1;0;1;4;13;
Perry Jones;;0:47;0;0;0;0;0;0;0;0;0;0;0;0;0;0;0;
Perry Jones;;5:24;1;1;0;0;0;0;2;0;2;0;0;0;0;0;2;
Perry Jones;;3:58;3;3;0;0;0;0;1;1;2;0;0;0;0;0;6;
Perry Jones;;11:50;2;4;0;0;1;4;1;1;2;0;0;0;0;0;5;
Perry Jones;;19:19;4;9;0;2;1;2;2;3;5;1;1;1;2;0;9;
Perry Jones;;6:24;0;1;0;0;0;0;0;0;0;0;1;0;0;0;0;
Perry Jones;;3:06;0;0;0;0;0;0;0;0;0;0;0;0;0;0;0;
Perry Jones;;11:37;3;4;0;1;2;2;2;1;3;0;0;1;0;1;8;
Perry Jones;;8:44;0;2;0;1;0;0;1;0;1;0;0;0;0;1;0;
Perry Jones;;9:49;0;0;0;0;0;0;0;0;0;0;0;0;0;0;0;
Perry Jones;;21:02;4;5;0;0;0;2;1;2;3;0;0;0;0;5;8;
Perry Jones;;7:56;0;0;0;0;0;2;0;0;0;0;0;0;0;1;0;
