╔═══════════════╤═══════════════╗
║Name		│Peyton Siva	║
╟───────────────┼───────────────╢
║Number		│34		║
╟───────────────┼───────────────╢
║Position	│G		║
╟───────────────┼───────────────╢
║Height		│6-0		║
╟───────────────┼───────────────╢
║Weight		│185		║
╟───────────────┼───────────────╢
║Birth		│OCT 24, 1990	║
╟───────────────┼───────────────╢
║Age		│23		║
╟───────────────┼───────────────╢
║Exp		│R		║
╟───────────────┼───────────────╢
║School		│Louisville	║
╚═══════════════╧═══════════════╝
Peyton Siva;;0:46;1;1;1;1;0;0;0;0;0;0;0;0;0;0;3;
Peyton Siva;;1:47;0;0;0;0;0;0;0;0;0;1;0;0;0;0;0;
Peyton Siva;;4:44;0;2;0;2;0;0;0;1;1;1;1;0;1;0;0;
Peyton Siva;;13:25;1;4;0;1;0;0;0;0;0;4;1;0;0;1;2;
Peyton Siva;;21:21;1;5;0;2;0;0;1;0;1;3;0;0;0;1;2;
Peyton Siva;;14:36;0;3;0;1;3;4;0;1;1;5;2;0;0;2;3;
Peyton Siva;;14:55;3;6;3;4;1;2;0;2;2;2;1;0;0;3;10;
Peyton Siva;;21:50;2;8;1;3;0;0;0;1;1;4;1;0;1;0;5;
Peyton Siva;;17:11;4;7;2;5;2;2;0;0;0;0;0;0;1;4;12;
Peyton Siva;;19:53;2;9;0;3;5;7;0;0;0;4;0;0;1;3;9;
Peyton Siva;;18:22;2;4;0;1;0;0;0;0;0;2;0;0;1;2;4;
Peyton Siva;;0:19;0;0;0;0;0;0;0;0;0;0;0;0;0;0;0;
Peyton Siva;;0:28;0;0;0;0;0;0;0;0;0;0;0;0;0;0;0;
Peyton Siva;;11:22;0;1;0;1;0;0;0;2;2;0;0;0;1;2;0;
Peyton Siva;;6:28;0;0;0;0;0;0;0;1;1;1;2;0;0;2;0;
Peyton Siva;;4:24;0;0;0;0;0;0;0;0;0;0;0;0;3;0;0;
Peyton Siva;;0:35;0;0;0;0;0;0;0;0;0;0;0;0;0;0;0;
Peyton Siva;;6:49;1;2;0;0;0;0;1;0;1;0;0;0;2;0;2;
Peyton Siva;;7:19;0;1;0;1;0;0;0;1;1;1;1;0;2;1;0;
Peyton Siva;;3:38;0;0;0;0;0;0;0;0;0;0;0;0;1;3;0;
Peyton Siva;;6:05;0;1;0;0;0;0;0;0;0;0;0;1;1;1;0;
Peyton Siva;;14:22;1;3;0;0;0;0;0;2;2;4;0;0;2;1;2;
Peyton Siva;;7:01;0;0;0;0;0;0;0;1;1;2;0;0;1;0;0;
Peyton Siva;;6:41;0;0;0;0;0;0;0;0;0;0;0;0;0;1;0;
