╔═══════════════╤═══════════════╗
║Name		│Phil Pressey	║
╟───────────────┼───────────────╢
║Number		│26		║
╟───────────────┼───────────────╢
║Position	│G		║
╟───────────────┼───────────────╢
║Height		│5-11		║
╟───────────────┼───────────────╢
║Weight		│175		║
╟───────────────┼───────────────╢
║Birth		│FEB 17, 1991	║
╟───────────────┼───────────────╢
║Age		│23		║
╟───────────────┼───────────────╢
║Exp		│R		║
╟───────────────┼───────────────╢
║School		│Missouri	║
╚═══════════════╧═══════════════╝
Phil Pressey;;8:43;0;1;0;1;0;0;0;1;1;0;0;0;1;1;0;
Phil Pressey;;10:40;1;3;0;1;0;0;0;1;1;2;1;0;0;1;2;
Phil Pressey;;8:43;1;2;1;1;0;0;0;0;0;2;0;0;2;2;3;
Phil Pressey;;13:02;0;2;0;1;1;2;0;1;1;3;0;0;0;1;1;
Phil Pressey;;5:18;0;0;0;0;0;0;0;1;1;1;0;0;0;0;0;
Phil Pressey;;11:28;0;0;0;0;0;0;0;0;0;2;1;0;0;0;0;
Phil Pressey;;3:29;0;2;0;0;0;0;0;0;0;0;0;0;1;1;0;
Phil Pressey;G;25:49;0;5;0;1;0;0;1;2;3;10;1;1;0;3;0;
Phil Pressey;;22:12;2;5;2;5;0;0;0;0;0;9;2;0;0;3;6;
Phil Pressey;;22:37;1;7;0;2;0;0;0;1;1;5;3;0;3;2;2;
Phil Pressey;;22:17;1;3;0;2;0;0;0;0;0;3;1;0;1;1;2;
Phil Pressey;G;34:31;7;10;5;6;1;2;0;1;1;4;2;1;5;6;20;
Phil Pressey;;30:13;2;6;2;5;3;4;1;1;2;6;2;0;2;0;9;
Phil Pressey;;17:39;2;8;0;5;0;0;1;1;2;3;0;0;3;0;4;
Phil Pressey;;16:07;1;3;0;1;0;0;0;1;1;3;0;0;0;1;2;
Phil Pressey;G;21:08;1;7;0;2;0;0;0;1;1;2;2;0;5;2;2;
Phil Pressey;;8:11;0;2;0;1;0;0;0;2;2;2;0;0;1;0;0;
Phil Pressey;G;22:19;2;6;0;2;0;0;0;4;4;3;1;0;1;3;4;
Phil Pressey;;5:16;0;1;0;0;0;0;0;0;0;0;0;0;0;1;0;
Phil Pressey;G;24:09;5;10;3;4;0;0;0;2;2;6;1;0;3;5;13;
Phil Pressey;;10:34;1;1;1;1;0;0;0;0;0;1;0;0;3;1;3;
Phil Pressey;;7:04;0;2;0;0;0;0;0;1;1;0;1;0;1;0;0;
Phil Pressey;;10:19;1;3;0;1;0;0;0;1;1;1;1;1;2;1;2;
Phil Pressey;G;17:32;1;4;0;1;0;0;1;3;4;2;1;0;1;2;2;
Phil Pressey;;8:00;0;1;0;1;0;0;0;1;1;0;0;0;0;0;0;
Phil Pressey;;18:21;0;3;0;1;2;2;1;3;4;4;1;0;0;1;2;
Phil Pressey;;9:32;0;1;0;1;0;0;0;2;2;3;0;0;1;0;0;
Phil Pressey;;10:49;3;4;1;2;0;0;0;1;1;5;1;0;2;0;7;
Phil Pressey;;12:56;0;1;0;0;0;0;0;1;1;2;2;0;1;1;0;
Phil Pressey;;14:49;0;2;0;2;0;0;0;1;1;6;2;1;0;5;0;
Phil Pressey;;7:15;0;1;0;0;0;0;0;0;0;2;0;0;1;0;0;
Phil Pressey;G;35:13;3;9;1;2;2;4;1;4;5;5;1;0;3;0;9;
Phil Pressey;;13:37;0;2;0;1;2;2;0;1;1;5;0;0;1;2;2;
Phil Pressey;;8:31;1;1;1;1;0;0;0;2;2;4;0;0;0;2;3;
Phil Pressey;;13:57;2;6;2;3;0;0;2;1;3;4;0;0;2;2;6;
Phil Pressey;;6:03;0;1;0;0;0;0;0;0;0;1;0;0;0;0;0;
Phil Pressey;;12:15;0;2;0;1;2;2;1;1;2;4;1;0;1;1;2;
Phil Pressey;;13:26;1;2;0;1;0;0;0;1;1;5;2;0;1;0;2;
Phil Pressey;;18:52;4;8;1;3;0;2;1;1;2;3;4;0;2;2;9;
Phil Pressey;;19:16;0;3;0;1;0;0;0;0;0;6;2;0;0;1;0;
Phil Pressey;;14:31;2;5;0;2;0;0;0;2;2;0;2;0;3;3;4;
Phil Pressey;G;36:26;5;8;2;4;0;0;1;1;2;11;2;0;1;5;12;
Phil Pressey;;3:54;0;0;0;0;0;0;0;0;0;2;0;0;1;1;0;
Phil Pressey;G;39:23;4;11;2;6;0;0;0;5;5;13;3;0;4;1;10;
Phil Pressey;G;42:11;4;8;1;3;0;0;2;3;5;13;1;0;2;2;9;
Phil Pressey;;14:48;0;1;0;0;2;2;0;1;1;3;0;0;4;1;2;
Phil Pressey;G;42:28;3;12;0;4;3;4;1;4;5;10;2;0;4;1;9;
Phil Pressey;;3:41;0;2;0;1;0;0;0;1;1;0;0;0;0;2;0;
Phil Pressey;;16:54;1;4;0;2;0;0;0;0;0;3;1;0;0;0;2;
Phil Pressey;;15:35;0;4;0;1;1;2;0;2;2;1;2;0;0;2;1;
Phil Pressey;;20:37;3;9;0;3;1;2;1;2;3;5;1;1;2;1;7;
Phil Pressey;;15:07;3;6;1;1;0;0;0;2;2;2;0;0;2;1;7;
Phil Pressey;;11:04;0;4;0;1;0;0;0;0;0;0;0;0;1;1;0;
Phil Pressey;;11:53;2;4;2;3;0;0;0;2;2;3;0;0;2;3;6;
Phil Pressey;;14:20;1;2;0;1;0;0;0;0;0;2;0;0;0;0;2;
Phil Pressey;;21:00;0;3;0;2;5;7;0;0;0;5;2;0;1;0;5;
Phil Pressey;;8:54;1;3;0;1;0;0;1;2;3;2;1;0;1;1;2;
Phil Pressey;;6:17;0;1;0;0;1;2;0;1;1;1;0;0;0;0;1;
Phil Pressey;;3:56;0;0;0;0;0;0;0;0;0;0;0;0;0;0;0;
Phil Pressey;;20:01;1;2;0;0;0;0;0;1;1;8;3;0;0;1;2;
Phil Pressey;;4:42;0;1;0;1;0;0;1;0;1;0;0;0;0;2;0;
Phil Pressey;;15:01;0;0;0;0;0;2;0;1;1;0;1;0;0;1;0;
Phil Pressey;;7:37;0;1;0;1;0;0;1;0;1;1;3;0;0;0;0;
Phil Pressey;;5:13;0;1;0;1;0;0;0;0;0;1;1;0;1;1;0;
Phil Pressey;;13:27;0;2;0;0;2;2;1;1;2;1;1;0;0;1;2;
Phil Pressey;;17:16;0;3;0;1;1;2;0;2;2;3;0;0;2;1;1;
Phil Pressey;;3:09;1;1;0;0;0;0;0;0;0;0;0;0;0;1;2;
Phil Pressey;;8:56;0;1;0;0;0;0;0;1;1;2;1;0;1;0;0;
Phil Pressey;;12:48;1;4;0;2;0;0;0;2;2;2;0;0;2;2;2;
Phil Pressey;;13:23;2;6;0;0;0;0;1;2;3;0;1;0;0;2;4;
Phil Pressey;;10:15;1;1;0;0;0;0;0;0;0;3;0;0;0;0;2;
Phil Pressey;;13:46;0;0;0;0;0;0;0;0;0;5;1;0;0;0;0;
Phil Pressey;;15:14;0;1;0;0;0;0;0;2;2;4;0;0;2;1;0;
Phil Pressey;;12:27;0;1;0;1;0;0;0;0;0;1;2;0;0;2;0;
Phil Pressey;;13:17;0;1;0;1;0;0;0;0;0;5;1;0;1;3;0;
