╔═══════════════╤═══════════════╗
║Name		│PJ Tucker	║
╟───────────────┼───────────────╢
║Number		│17		║
╟───────────────┼───────────────╢
║Position	│F-G		║
╟───────────────┼───────────────╢
║Height		│6-6		║
╟───────────────┼───────────────╢
║Weight		│224		║
╟───────────────┼───────────────╢
║Birth		│MAY 05, 1985	║
╟───────────────┼───────────────╢
║Age		│29		║
╟───────────────┼───────────────╢
║Exp		│2		║
╟───────────────┼───────────────╢
║School		│Texas		║
╚═══════════════╧═══════════════╝
PJ Tucker;F;32:25;5;13;1;2;1;1;3;2;5;4;0;0;1;1;12;
PJ Tucker;F;27:43;3;8;0;2;2;2;1;0;1;1;4;0;3;1;8;
PJ Tucker;F;19:31;1;2;0;0;2;2;0;3;3;1;0;1;1;2;4;
PJ Tucker;F;28:60;1;5;0;0;2;2;3;7;10;1;1;0;2;5;4;
PJ Tucker;F;22:49;5;9;1;1;0;0;4;5;9;2;0;0;0;2;11;
PJ Tucker;F;41:54;6;13;3;5;2;2;4;7;11;0;0;0;1;3;17;
PJ Tucker;F;25:41;2;5;0;1;2;2;1;5;6;3;0;0;1;5;6;
PJ Tucker;F;31:52;5;10;0;2;5;5;2;6;8;4;1;1;1;2;15;
PJ Tucker;F;35:45;5;8;1;1;0;0;1;8;9;2;0;0;1;4;11;
PJ Tucker;F;29:27;1;4;1;3;3;4;1;8;9;2;0;0;0;1;6;
PJ Tucker;F;27:37;5;6;1;1;2;2;0;5;5;1;0;0;1;2;13;
PJ Tucker;F;31:24;2;7;1;4;2;4;1;4;5;1;3;0;1;1;7;
PJ Tucker;F;37:23;5;14;1;4;2;2;3;7;10;6;2;0;0;3;13;
PJ Tucker;F;28:57;5;11;0;1;5;6;4;4;8;1;2;1;2;2;15;
PJ Tucker;F;22:43;0;1;0;0;3;4;1;6;7;1;2;1;0;2;3;
PJ Tucker;F;36:06;3;8;0;1;1;2;2;5;7;2;1;0;4;2;7;
PJ Tucker;F;17:31;3;4;0;1;2;2;0;2;2;1;0;0;0;0;8;
PJ Tucker;F;26:31;2;6;1;3;0;0;1;8;9;0;0;0;1;2;5;
PJ Tucker;F;36:07;6;10;0;1;1;2;4;1;5;2;0;1;0;2;13;
PJ Tucker;F;41:17;5;10;2;4;4;5;3;12;15;0;4;0;1;4;16;
PJ Tucker;F;37:26;5;11;2;3;2;2;3;5;8;5;0;1;2;3;14;
PJ Tucker;F;37:00;2;8;0;1;9;9;3;8;11;1;1;0;1;2;13;
PJ Tucker;F;36:18;4;11;0;2;2;4;3;8;11;6;3;0;0;6;10;
PJ Tucker;F;23:38;2;6;0;2;0;0;0;5;5;2;1;0;1;2;4;
PJ Tucker;F;28:33;4;10;1;2;0;0;4;3;7;2;2;0;3;2;9;
PJ Tucker;F;38:10;2;11;0;2;2;4;7;8;15;0;1;2;2;3;6;
PJ Tucker;F;20:57;1;4;1;3;0;0;0;2;2;1;0;0;1;2;3;
PJ Tucker;F;30:04;3;3;2;2;0;0;1;1;2;0;2;1;2;1;8;
PJ Tucker;F;34:28;4;7;2;3;0;0;1;1;2;6;1;0;2;2;10;
PJ Tucker;F;38:47;8;11;0;1;2;5;1;9;10;2;2;0;0;2;18;
PJ Tucker;F;42:37;2;3;1;2;2;2;2;7;9;4;2;0;1;4;7;
PJ Tucker;F;26:26;3;5;1;2;4;4;2;7;9;0;1;0;1;4;11;
PJ Tucker;F;30:04;3;5;0;1;8;11;3;7;10;4;3;1;1;3;14;
PJ Tucker;F;40:46;5;11;1;4;0;0;1;9;10;0;5;0;7;4;11;
PJ Tucker;F;32:40;3;4;1;1;4;5;2;5;7;1;4;0;1;2;11;
PJ Tucker;F;29:28;3;6;1;3;1;2;0;5;5;0;1;0;2;2;8;
PJ Tucker;F;25:21;4;7;0;2;0;0;0;4;4;1;2;0;1;3;8;
PJ Tucker;F;28:08;4;8;3;6;2;3;0;1;1;2;1;1;1;4;13;
PJ Tucker;F;32:13;6;11;2;3;5;5;2;6;8;0;0;0;2;2;19;
PJ Tucker;F;36:20;3;6;1;2;1;2;1;10;11;4;3;0;2;6;8;
PJ Tucker;F;33:55;3;5;2;3;0;0;0;9;9;2;2;0;1;2;8;
PJ Tucker;F;30:04;4;11;1;4;2;2;3;4;7;0;0;0;0;2;11;
PJ Tucker;F;17:59;2;8;0;3;0;0;3;1;4;1;1;0;1;2;4;
PJ Tucker;F;35:16;4;12;1;5;1;1;6;5;11;1;1;0;1;3;10;
PJ Tucker;F;23:01;1;6;0;1;0;0;3;2;5;0;2;0;0;1;2;
PJ Tucker;F;40:18;7;9;4;5;4;6;1;6;7;3;2;2;0;4;22;
PJ Tucker;F;32:30;6;9;0;1;3;4;1;8;9;1;1;0;0;3;15;
PJ Tucker;F;36:51;1;8;1;4;0;0;3;2;5;2;1;0;1;2;3;
PJ Tucker;F;31:19;2;7;0;2;2;3;2;3;5;1;4;0;3;4;6;
PJ Tucker;F;27:53;1;3;1;3;2;2;0;3;3;1;1;2;0;5;5;
PJ Tucker;F;16:41;0;4;0;1;2;2;0;4;4;0;1;0;1;0;2;
PJ Tucker;F;38:36;7;13;2;2;2;2;4;1;5;2;2;0;1;1;18;
PJ Tucker;F;32:47;5;8;2;4;0;0;2;2;4;1;2;1;2;3;12;
PJ Tucker;F;39:14;2;5;2;4;0;0;1;4;5;2;0;0;2;4;6;
PJ Tucker;F;35:16;3;6;1;2;0;0;0;6;6;3;1;0;1;2;7;
PJ Tucker;G;28:34;1;7;1;2;0;0;1;3;4;2;2;2;3;1;3;
PJ Tucker;F;23:20;2;7;1;2;4;5;1;1;2;2;0;0;1;1;9;
PJ Tucker;F;23:53;1;5;0;2;0;0;0;2;2;1;2;0;1;1;2;
PJ Tucker;F;33:29;3;6;0;0;2;4;2;4;6;1;4;0;2;3;8;
PJ Tucker;F;35:51;7;11;3;4;0;0;2;3;5;0;0;0;0;2;17;
PJ Tucker;F;30:00;2;6;0;1;0;0;0;5;5;3;1;0;1;3;4;
PJ Tucker;F;27:15;4;10;3;7;1;2;0;5;5;3;1;0;1;4;12;
PJ Tucker;F;24:48;6;6;3;3;2;3;4;1;5;2;0;0;3;4;17;
PJ Tucker;F;29:13;3;7;1;1;0;0;3;3;6;3;0;1;1;2;7;
PJ Tucker;F;35:52;4;11;1;5;1;2;2;3;5;0;2;0;3;4;10;
PJ Tucker;F;25:23;1;3;0;0;0;0;3;4;7;0;2;0;0;2;2;
PJ Tucker;F;36:41;1;6;0;3;4;4;1;3;4;2;0;0;1;2;6;
PJ Tucker;F;29:13;5;7;2;3;1;2;2;3;5;0;3;0;2;4;13;
PJ Tucker;F;22:20;2;6;0;1;1;1;2;0;2;1;1;0;1;0;5;
PJ Tucker;F;40:25;8;13;2;2;0;2;4;2;6;4;4;0;1;4;18;
PJ Tucker;F;38:09;4;12;2;4;8;10;6;7;13;3;1;0;3;3;18;
PJ Tucker;F;31:19;1;5;0;2;2;2;2;9;11;2;2;1;1;2;4;
PJ Tucker;F;32:17;3;13;1;3;3;5;5;4;9;2;1;0;1;2;10;
PJ Tucker;F;31:39;2;7;1;3;2;2;0;6;6;0;3;0;0;2;7;
PJ Tucker;F;28:15;1;4;1;1;1;2;2;2;4;2;0;0;2;3;4;
PJ Tucker;F;26:00;1;8;0;2;0;0;1;0;1;1;0;2;0;1;2;
PJ Tucker;F;25:01;6;14;2;3;2;3;4;3;7;4;1;0;2;2;16;
PJ Tucker;F;21:46;0;3;0;1;4;5;1;1;2;0;0;0;2;3;4;
PJ Tucker;F;28:13;3;6;0;2;5;6;6;6;12;1;4;0;2;3;11;
PJ Tucker;F;34:56;2;10;0;5;5;6;2;6;8;3;0;1;0;2;9;
PJ Tucker;F;23:33;3;6;1;1;5;6;1;6;7;3;0;0;0;1;12;
