╔═══════════════╤═══════════════════════╗
║Name		│Quincy Pondexter	║
╟───────────────┼───────────────────────╢
║Number		│20			║
╟───────────────┼───────────────────────╢
║Position	│F			║
╟───────────────┼───────────────────────╢
║Height		│6-6			║
╟───────────────┼───────────────────────╢
║Weight		│225			║
╟───────────────┼───────────────────────╢
║Birth		│MAR 10, 1988		║
╟───────────────┼───────────────────────╢
║Age		│26			║
╟───────────────┼───────────────────────╢
║Exp		│3			║
╟───────────────┼───────────────────────╢
║School		│Washington		║
╚═══════════════╧═══════════════════════╝
Quincy Pondexter;;21:56;4;9;2;4;3;3;2;0;2;3;1;1;1;0;13;
Quincy Pondexter;;17:47;2;6;1;4;1;2;0;0;0;3;0;0;2;3;6;
Quincy Pondexter;;13:32;1;4;0;2;0;0;0;2;2;2;0;0;2;3;2;
Quincy Pondexter;;19:19;2;6;2;3;2;2;0;1;1;0;0;0;2;2;8;
Quincy Pondexter;;16:46;0;4;0;3;0;0;1;0;1;1;0;0;1;1;0;
Quincy Pondexter;;4:21;0;0;0;0;0;0;0;1;1;0;0;0;0;0;0;
Quincy Pondexter;;7:11;0;4;0;1;0;0;1;0;1;0;1;0;0;1;0;
Quincy Pondexter;;20:21;3;6;0;1;0;0;2;4;6;1;0;0;2;1;6;
Quincy Pondexter;;14:36;2;3;0;1;1;2;0;5;5;0;0;0;1;2;5;
Quincy Pondexter;;30:32;2;5;1;2;2;4;1;0;1;1;0;0;1;2;7;
Quincy Pondexter;G;32:27;2;5;1;2;1;2;1;1;2;2;0;0;0;0;6;
Quincy Pondexter;;7:15;0;0;0;0;0;0;0;2;2;0;0;0;0;0;0;
Quincy Pondexter;;21:00;8;12;3;5;3;3;0;0;0;1;0;0;2;1;22;
Quincy Pondexter;;30:25;4;12;1;4;6;6;1;0;1;5;3;0;1;1;15;
Quincy Pondexter;G;12:53;1;3;0;2;2;2;1;0;1;1;0;0;0;1;4;
