╔═══════════════╤═══════════════╗
║Name		│Quincy Acy	║
╟───────────────┼───────────────╢
║Number		│5		║
╟───────────────┼───────────────╢
║Position	│F		║
╟───────────────┼───────────────╢
║Height		│6-7		║
╟───────────────┼───────────────╢
║Weight		│225		║
╟───────────────┼───────────────╢
║Birth		│OCT 06, 1990	║
╟───────────────┼───────────────╢
║Age		│23		║
╟───────────────┼───────────────╢
║Exp		│1		║
╟───────────────┼───────────────╢
║School		│Baylor		║
╚═══════════════╧═══════════════╝
Quincy Acy;;16:41;0;5;0;0;0;0;2;1;3;0;0;0;0;3;0;
Quincy Acy;;14:36;0;0;0;0;0;0;0;3;3;1;0;2;1;2;0;
Quincy Acy;;8:40;1;3;0;0;1;2;0;1;1;0;1;0;2;2;3;
Quincy Acy;;13:49;2;2;0;0;0;0;0;6;6;0;0;1;0;0;4;
Quincy Acy;;16:45;2;3;0;0;1;1;0;3;3;2;1;0;0;4;5;
Quincy Acy;;23:22;3;4;0;0;0;0;1;3;4;1;0;1;2;1;6;
Quincy Acy;;13:26;1;1;0;0;0;2;2;3;5;1;0;0;0;1;2;
Quincy Acy;;11:03;0;1;0;0;0;0;1;3;4;1;1;0;0;1;0;
Quincy Acy;;11:39;0;3;0;0;0;0;2;2;4;0;1;1;1;6;0;
Quincy Acy;;23:23;1;4;0;0;1;4;6;4;10;1;0;1;0;3;3;
Quincy Acy;;11:05;0;0;0;0;0;0;0;3;3;0;0;1;0;1;0;
Quincy Acy;;11:32;0;1;0;0;2;2;1;3;4;1;0;0;1;5;2;
Quincy Acy;;15:19;2;3;0;0;0;0;0;1;1;1;0;0;0;4;4;
Quincy Acy;;19:37;0;0;0;0;2;2;3;0;3;0;0;2;0;1;2;
Quincy Acy;;18:51;2;5;0;0;0;0;4;1;5;0;0;1;1;2;4;
Quincy Acy;;30:35;3;4;0;0;2;2;0;6;6;0;1;2;1;5;8;
Quincy Acy;;14:03;1;4;0;0;0;0;1;9;10;0;0;1;0;1;2;
Quincy Acy;;23:15;3;4;1;1;2;2;3;3;6;1;2;0;0;5;9;
Quincy Acy;;19:57;1;2;0;0;0;0;0;1;1;1;0;0;0;3;2;
Quincy Acy;;12:18;1;3;0;0;0;0;2;0;2;1;0;0;0;2;2;
Quincy Acy;;15:15;1;2;0;0;0;0;1;6;7;1;3;0;1;1;2;
Quincy Acy;;15:10;2;2;1;1;0;0;1;4;5;1;0;0;1;2;5;
Quincy Acy;;5:16;0;0;0;0;0;0;0;0;0;0;0;0;0;2;0;
Quincy Acy;;26:16;2;2;0;0;0;0;3;9;12;0;0;0;2;2;4;
Quincy Acy;;11:09;1;2;0;0;0;0;0;0;0;0;0;0;0;0;2;
Quincy Acy;;11:03;0;0;0;0;0;0;0;4;4;0;1;1;3;2;0;
Quincy Acy;;5:56;0;3;0;0;0;0;2;0;2;0;1;0;1;2;0;
Quincy Acy;;13:37;1;3;0;0;0;0;0;0;0;1;0;0;1;1;2;
Quincy Acy;;15:14;0;1;0;1;0;0;1;4;5;1;0;3;1;1;0;
Quincy Acy;;13:04;0;1;0;0;0;0;1;1;2;0;0;0;0;0;0;
Quincy Acy;;13:13;2;5;0;1;2;2;1;0;1;0;0;0;0;2;6;
Quincy Acy;;9:47;0;0;0;0;0;2;0;1;1;0;1;1;1;2;0;
Quincy Acy;;5:12;0;1;0;0;0;0;0;1;1;0;0;0;0;1;0;
Quincy Acy;;5:15;0;0;0;0;0;0;0;0;0;1;0;0;0;1;0;
Quincy Acy;;8:11;1;2;0;0;0;0;1;1;2;1;0;0;1;2;2;
Quincy Acy;;10:06;1;2;0;0;1;2;1;3;4;0;0;0;1;2;3;
Quincy Acy;;21:30;0;3;0;1;0;0;1;4;5;1;0;0;0;3;0;
Quincy Acy;;11:42;0;2;0;0;2;2;2;2;4;0;0;0;0;3;2;
Quincy Acy;;29:35;2;7;0;1;2;4;5;8;13;2;2;0;1;1;6;
Quincy Acy;;0:43;0;0;0;0;0;0;0;1;1;0;0;0;0;1;0;
Quincy Acy;;17:60;0;0;0;0;0;0;4;1;5;0;1;0;1;1;0;
Quincy Acy;;4:02;0;1;0;0;0;0;1;0;1;0;0;0;0;1;0;
Quincy Acy;;17:02;3;5;0;1;0;1;1;2;3;0;0;1;0;1;6;
Quincy Acy;;8:55;1;1;0;0;2;2;0;0;0;0;1;0;0;2;4;
Quincy Acy;;0:16;0;0;0;0;0;0;0;0;0;0;0;0;0;0;0;
Quincy Acy;;12:44;2;2;0;0;0;0;1;1;2;0;0;0;0;4;4;
Quincy Acy;;24:42;3;6;0;1;3;5;5;3;8;1;1;0;2;3;9;
Quincy Acy;;17:49;3;5;2;4;1;2;1;1;2;1;0;0;0;2;9;
Quincy Acy;;8:36;0;1;0;1;0;0;0;0;0;1;2;1;0;3;0;
Quincy Acy;;5:16;0;0;0;0;4;6;0;1;1;0;0;0;0;0;4;
Quincy Acy;;18:35;2;6;0;0;0;0;3;3;6;2;1;1;0;1;4;
Quincy Acy;;6:50;0;0;0;0;0;0;1;4;5;0;0;1;1;1;0;
Quincy Acy;;3:55;1;2;0;0;0;0;0;1;1;0;1;0;1;1;2;
Quincy Acy;;0:13;0;0;0;0;0;0;0;0;0;0;0;0;0;0;0;
Quincy Acy;;12:48;2;2;0;0;0;0;1;2;3;0;0;1;0;4;4;
Quincy Acy;;20:08;2;2;0;0;1;1;2;1;3;0;1;2;0;3;5;
Quincy Acy;;20:17;1;3;0;1;0;0;1;3;4;1;0;0;0;2;2;
Quincy Acy;;14:45;2;3;0;1;1;2;1;1;2;0;0;0;0;0;5;
Quincy Acy;;12:43;1;1;0;0;0;0;0;4;4;1;0;0;0;2;2;
Quincy Acy;;12:36;2;3;0;0;2;2;0;3;3;0;0;0;0;2;6;
Quincy Acy;;14:40;3;3;0;0;2;2;1;3;4;0;0;1;1;4;8;
Quincy Acy;;6:02;0;2;0;0;0;0;1;2;3;0;0;0;0;1;0;
Quincy Acy;;9:28;2;3;0;0;1;1;0;3;3;0;0;0;1;1;5;
