╔═══════════════╤═══════════════╗
║Name		│Quincy Miller	║
╟───────────────┼───────────────╢
║Number		│30		║
╟───────────────┼───────────────╢
║Position	│F		║
╟───────────────┼───────────────╢
║Height		│6-9		║
╟───────────────┼───────────────╢
║Weight		│210		║
╟───────────────┼───────────────╢
║Birth		│NOV 18, 1992	║
╟───────────────┼───────────────╢
║Age		│21		║
╟───────────────┼───────────────╢
║Exp		│1		║
╟───────────────┼───────────────╢
║School		│Baylor		║
╚═══════════════╧═══════════════╝
Quincy Miller;;5:56;1;5;0;1;0;0;2;0;2;0;0;0;0;1;2;
Quincy Miller;;2:37;1;2;0;0;0;0;0;0;0;0;0;0;0;0;2;
Quincy Miller;;2:38;2;3;1;1;0;0;1;0;1;0;0;0;0;1;5;
Quincy Miller;F;20:17;3;6;1;3;2;2;1;1;2;0;0;0;2;4;9;
Quincy Miller;F;35:35;5;13;0;6;6;6;2;9;11;1;1;2;1;1;16;
Quincy Miller;F;21:08;3;7;1;4;0;0;0;4;4;0;0;0;1;2;7;
Quincy Miller;;3:21;1;1;0;0;0;0;0;0;0;0;0;0;0;0;2;
Quincy Miller;;12:17;0;4;0;1;0;0;1;3;4;0;0;0;2;2;0;
Quincy Miller;;4:56;0;1;0;1;0;0;0;1;1;1;0;0;0;0;0;
Quincy Miller;;13:56;1;2;0;0;1;1;0;5;5;0;1;0;2;2;3;
Quincy Miller;;14:10;1;5;0;0;0;0;0;2;2;1;0;0;0;0;2;
Quincy Miller;;13:31;3;4;2;2;0;0;0;3;3;1;2;1;1;2;8;
Quincy Miller;;13:24;1;5;0;1;0;0;1;2;3;1;0;0;2;0;2;
Quincy Miller;;15:20;3;7;2;2;2;2;1;5;6;0;1;2;1;2;10;
Quincy Miller;;16:17;3;6;1;2;2;4;2;2;4;0;1;1;1;0;9;
Quincy Miller;;12:34;4;8;1;3;1;1;2;1;3;1;0;1;0;3;10;
Quincy Miller;;15:41;1;4;1;3;5;6;0;2;2;0;1;0;1;4;8;
Quincy Miller;;16:09;3;6;0;2;0;0;1;0;1;0;1;0;0;0;6;
Quincy Miller;G;27:08;0;5;0;1;0;2;1;4;5;1;1;0;3;2;0;
Quincy Miller;;9:49;0;2;0;1;1;2;1;0;1;0;0;1;1;0;1;
Quincy Miller;;13:20;2;5;0;1;2;3;0;2;2;1;0;0;0;0;6;
Quincy Miller;;24:35;1;7;1;4;0;0;2;3;5;1;1;2;3;1;3;
Quincy Miller;;23:20;1;8;0;1;0;0;2;2;4;1;1;1;0;1;2;
Quincy Miller;;21:25;2;6;0;1;3;4;1;3;4;0;0;0;2;4;7;
Quincy Miller;;10:44;0;1;0;0;1;2;0;3;3;0;0;0;1;2;1;
Quincy Miller;;8:26;0;0;0;0;0;0;0;0;0;0;0;0;1;1;0;
Quincy Miller;;17:17;3;4;0;1;0;0;0;5;5;2;0;2;0;1;6;
Quincy Miller;;14:12;2;3;0;0;1;1;0;2;2;0;1;0;1;1;5;
Quincy Miller;;9:12;1;3;0;1;0;0;1;0;1;2;0;1;2;0;2;
Quincy Miller;;12:40;0;3;0;2;0;0;0;1;1;0;0;1;0;2;0;
Quincy Miller;;7:03;2;4;1;1;0;0;2;0;2;0;0;0;0;2;5;
Quincy Miller;;1:11;1;2;1;2;0;0;0;0;0;0;0;0;1;0;3;
Quincy Miller;;13:50;2;4;1;2;0;0;0;1;1;0;0;0;0;1;5;
Quincy Miller;F;25:13;4;10;1;4;3;5;1;3;4;0;1;0;1;1;12;
Quincy Miller;F;22:08;4;12;0;2;3;4;0;4;4;2;2;0;2;1;11;
Quincy Miller;F;23:43;0;6;0;1;2;2;0;2;2;0;1;3;1;0;2;
Quincy Miller;F;17:39;1;2;1;1;0;0;0;3;3;0;0;0;1;1;3;
Quincy Miller;F;22:21;2;6;2;4;0;2;1;3;4;0;2;0;0;3;6;
Quincy Miller;F;12:54;0;2;0;1;0;0;0;1;1;0;1;0;1;1;0;
Quincy Miller;F;34:02;8;14;3;5;0;0;1;5;6;3;1;4;2;1;19;
Quincy Miller;F;40:29;4;15;1;4;0;0;3;5;8;2;1;4;1;4;9;
Quincy Miller;F;24:20;2;6;2;6;0;0;0;2;2;1;1;0;1;3;6;
Quincy Miller;F;14:16;0;2;0;2;0;0;0;3;3;1;0;2;1;4;0;
Quincy Miller;F;33:05;4;12;3;8;0;0;0;4;4;2;0;2;2;3;11;
Quincy Miller;F;22:45;2;6;0;3;2;2;1;6;7;1;0;1;1;5;6;
Quincy Miller;;1:06;1;1;1;1;0;0;0;0;0;0;0;0;0;0;3;
Quincy Miller;;0:50;0;1;0;0;0;0;0;0;0;0;0;0;0;0;0;
Quincy Miller;;5:59;1;3;0;0;0;2;0;1;1;0;0;1;1;1;2;
Quincy Miller;;1:06;0;0;0;0;0;0;0;0;0;0;0;0;0;0;0;
Quincy Miller;;9:43;3;4;0;0;2;2;3;1;4;0;0;0;3;0;8;
Quincy Miller;;13:03;4;6;1;1;0;0;2;0;2;0;0;0;1;0;9;
Quincy Miller;;10:49;1;2;1;1;0;0;0;2;2;0;0;0;0;0;3;
