╔═══════════════╤═══════════════╗
║Name		│Rajon Rondo	║
╟───────────────┼───────────────╢
║Number		│9		║
╟───────────────┼───────────────╢
║Position	│G		║
╟───────────────┼───────────────╢
║Height		│6-1		║
╟───────────────┼───────────────╢
║Weight		│186		║
╟───────────────┼───────────────╢
║Birth		│FEB 22, 1986	║
╟───────────────┼───────────────╢
║Age		│28		║
╟───────────────┼───────────────╢
║Exp		│7		║
╟───────────────┼───────────────╢
║School		│Kentucky	║
╚═══════════════╧═══════════════╝
Rajon Rondo;G;19:25;4;9;0;1;0;0;1;1;2;4;2;0;1;0;8;
Rajon Rondo;G;21:20;3;10;0;0;0;0;1;5;6;4;1;0;3;0;6;
Rajon Rondo;G;25:43;0;8;0;3;1;4;0;3;3;5;1;0;3;1;1;
Rajon Rondo;G;21:43;2;7;1;2;0;0;0;2;2;8;0;0;3;0;5;
Rajon Rondo;G;30:21;5;14;2;6;1;1;0;8;8;8;1;0;5;1;13;
Rajon Rondo;G;27:26;3;13;0;1;1;1;0;2;2;5;1;0;4;1;7;
Rajon Rondo;G;26:37;9;11;1;3;0;0;0;6;6;10;3;0;4;4;19;
Rajon Rondo;G;32:06;4;8;0;2;0;0;0;9;9;11;2;0;3;1;8;
Rajon Rondo;G;36:33;6;12;3;6;0;0;0;8;8;12;1;0;0;0;15;
Rajon Rondo;G;31:09;6;7;4;5;0;0;0;2;2;4;2;0;1;0;16;
Rajon Rondo;G;35:33;7;22;0;2;4;5;2;5;7;10;0;0;3;2;18;
Rajon Rondo;G;34:16;2;12;1;3;1;2;0;6;6;11;1;0;2;3;6;
Rajon Rondo;G;33:03;6;13;0;0;6;6;2;1;3;10;1;0;5;3;18;
Rajon Rondo;G;35:36;8;14;1;4;5;6;0;0;0;11;3;0;3;4;22;
Rajon Rondo;G;38:28;4;12;3;6;1;2;0;7;7;11;0;0;2;4;12;
Rajon Rondo;G;37:11;6;14;1;5;1;4;0;5;5;7;1;1;7;3;14;
Rajon Rondo;G;35:04;6;14;3;6;5;8;1;6;7;9;4;0;7;2;20;
Rajon Rondo;G;33:11;5;15;1;6;0;0;0;2;2;18;2;0;0;2;11;
Rajon Rondo;G;40:45;4;15;0;2;0;0;1;2;3;8;2;0;2;4;8;
Rajon Rondo;G;34:23;4;15;0;3;0;0;4;4;8;5;1;0;2;4;8;
Rajon Rondo;G;44:29;3;14;0;4;0;2;0;8;8;14;1;0;2;3;6;
Rajon Rondo;G;38:47;4;8;0;2;1;2;0;10;10;15;0;0;4;5;9;
Rajon Rondo;G;36:15;3;10;1;3;5;6;1;3;4;12;0;0;0;1;12;
Rajon Rondo;G;31:58;3;9;0;2;3;4;1;3;4;15;2;0;1;3;9;
Rajon Rondo;G;33:08;5;8;0;0;1;2;1;4;5;8;0;0;3;1;11;
Rajon Rondo;G;37:59;7;13;2;6;1;2;0;4;4;11;2;0;6;3;17;
Rajon Rondo;G;31:55;6;13;0;3;1;1;1;6;7;6;1;1;7;2;13;
Rajon Rondo;G;38:05;4;7;0;0;3;5;2;9;11;16;0;0;7;3;11;
Rajon Rondo;G;40:44;8;15;2;4;1;3;1;3;4;12;3;0;5;4;19;
Rajon Rondo;G;34:58;4;8;0;0;0;1;3;8;11;14;2;0;4;1;8;
