╔═══════════════╤═══════════════╗
║Name		│Ramon Sessions	║
╟───────────────┼───────────────╢
║Number		│13		║
╟───────────────┼───────────────╢
║Position	│G		║
╟───────────────┼───────────────╢
║Height		│6-3		║
╟───────────────┼───────────────╢
║Weight		│190		║
╟───────────────┼───────────────╢
║Birth		│APR 11, 1986	║
╟───────────────┼───────────────╢
║Age		│28		║
╟───────────────┼───────────────╢
║Exp		│6		║
╟───────────────┼───────────────╢
║School		│Nevada-Reno	║
╚═══════════════╧═══════════════╝
Ramon Sessions;;21:42;3;9;0;2;2;2;1;1;2;4;1;0;2;3;8;
Ramon Sessions;;29:22;3;8;0;0;8;10;0;0;0;3;1;0;1;1;14;
Ramon Sessions;;22:15;5;9;0;0;2;4;1;1;2;3;0;0;2;0;12;
Ramon Sessions;;30:10;4;8;0;0;2;2;0;0;0;3;1;0;4;2;10;
Ramon Sessions;;21:08;2;7;0;0;0;0;0;1;1;3;0;0;1;0;4;
Ramon Sessions;;19:33;1;5;0;0;2;2;1;2;3;4;0;0;1;3;4;
Ramon Sessions;;19:06;1;4;0;0;4;4;1;0;1;5;0;0;0;1;6;
Ramon Sessions;;24:45;5;11;0;1;1;2;2;2;4;5;1;0;0;0;11;
Ramon Sessions;;21:12;3;6;0;1;4;5;0;1;1;5;1;0;2;0;10;
Ramon Sessions;;37:34;6;10;0;2;4;4;0;3;3;5;0;0;5;1;16;
Ramon Sessions;G;33:52;6;10;1;3;10;11;0;2;2;2;1;0;3;1;23;
Ramon Sessions;G;36:01;4;12;0;3;2;4;0;2;2;8;0;1;3;0;10;
Ramon Sessions;G;29:57;3;8;0;1;6;6;0;1;1;3;0;0;1;0;12;
Ramon Sessions;G;33:16;4;14;0;2;0;0;0;3;3;11;0;1;3;4;8;
Ramon Sessions;G;35:58;4;10;0;1;8;10;0;4;4;7;2;0;3;0;16;
Ramon Sessions;G;34:17;3;8;0;1;3;4;0;4;4;13;0;0;3;2;9;
Ramon Sessions;G;26:24;3;10;1;2;4;6;0;0;0;1;1;0;0;2;11;
Ramon Sessions;;29:01;2;7;0;1;2;3;0;2;2;2;0;0;2;2;6;
Ramon Sessions;;20:54;4;9;1;1;1;2;0;2;2;5;1;0;1;0;10;
Ramon Sessions;;22:53;2;7;1;1;0;0;0;1;1;8;1;0;3;3;5;
Ramon Sessions;;22:44;4;7;0;1;1;2;1;2;3;3;1;0;0;0;9;
Ramon Sessions;;21:14;6;8;0;0;0;1;0;3;3;1;0;0;1;1;12;
Ramon Sessions;;28:14;3;7;1;2;3;4;0;3;3;10;0;0;3;1;10;
Ramon Sessions;;22:37;1;5;0;0;5;6;0;3;3;1;0;0;1;0;7;
Ramon Sessions;;28:24;6;11;1;1;3;4;2;2;4;5;0;0;4;0;16;
Ramon Sessions;;26:33;4;8;1;2;4;4;0;0;0;5;1;0;1;1;13;
Ramon Sessions;;22:47;2;5;1;1;11;11;1;2;3;1;0;0;2;3;16;
Ramon Sessions;;23:50;4;7;0;0;6;6;0;4;4;4;0;0;2;2;14;
Ramon Sessions;;17:26;2;5;1;2;4;4;1;2;3;3;0;0;2;1;9;
Ramon Sessions;;27:48;6;10;0;0;4;7;1;3;4;2;1;0;1;3;16;
Ramon Sessions;;21:50;4;11;0;3;6;6;0;2;2;1;1;0;1;0;14;
Ramon Sessions;;25:57;5;8;0;0;6;6;0;2;2;8;1;0;2;0;16;
Ramon Sessions;;27:38;4;11;1;2;2;2;0;3;3;3;1;0;0;1;11;
Ramon Sessions;;26:34;2;8;0;3;3;4;2;3;5;4;1;0;1;4;7;
Ramon Sessions;;28:14;4;9;1;1;5;6;0;1;1;4;0;0;0;1;14;
Ramon Sessions;;29:30;7;14;1;2;3;5;0;0;0;6;0;0;1;1;18;
Ramon Sessions;;34:45;8;16;1;2;6;9;0;5;5;5;1;0;2;2;23;
Ramon Sessions;;33:42;5;12;1;2;7;8;0;4;4;2;1;0;1;5;18;
Ramon Sessions;;20:22;6;8;0;1;1;2;0;5;5;6;0;0;3;2;13;
Ramon Sessions;G;44:10;13;21;2;3;0;0;1;5;6;7;0;0;1;1;28;
Ramon Sessions;G;42:19;5;10;1;2;11;14;1;2;3;5;0;0;1;0;22;
Ramon Sessions;G;41:21;5;15;1;4;4;5;0;4;4;3;1;1;4;0;15;
Ramon Sessions;G;43:40;5;10;1;4;9;11;2;3;5;11;1;0;3;3;20;
Ramon Sessions;G;45:24;6;12;1;4;6;6;0;3;3;6;1;0;5;1;19;
Ramon Sessions;G;39:39;4;13;0;2;6;8;1;4;5;2;2;1;2;1;14;
Ramon Sessions;G;42:31;5;13;1;2;2;2;0;3;3;10;0;0;1;2;13;
Ramon Sessions;G;38:17;6;15;2;3;6;7;1;1;2;4;0;0;2;2;20;
Ramon Sessions;G;42:35;6;12;0;3;8;9;1;2;3;7;0;0;3;1;20;
Ramon Sessions;G;41:35;6;16;0;2;8;10;1;0;1;8;1;0;2;1;20;
Ramon Sessions;G;39:37;7;13;2;2;5;6;1;1;2;5;1;0;4;1;21;
Ramon Sessions;G;30:02;2;6;0;3;2;2;0;1;1;6;1;1;3;1;6;
Ramon Sessions;;19:20;5;11;1;1;3;4;1;1;2;1;1;0;2;2;14;
Ramon Sessions;;19:36;4;10;0;1;1;3;0;1;1;4;0;0;3;1;9;
Ramon Sessions;;34:16;5;11;0;2;12;16;1;1;2;6;0;0;2;0;22;
Ramon Sessions;;22:29;1;9;0;1;8;9;1;0;1;4;2;0;3;2;10;
Ramon Sessions;;14:34;1;4;0;0;6;8;0;1;1;3;0;0;2;2;8;
Ramon Sessions;;14:54;4;4;0;0;7;7;1;0;1;2;0;1;1;1;15;
Ramon Sessions;;20:11;3;10;0;0;4;4;1;2;3;2;0;0;1;1;10;
Ramon Sessions;;18:15;2;7;0;2;6;7;0;3;3;1;0;0;0;0;10;
Ramon Sessions;;19:12;4;7;1;1;3;4;0;2;2;7;3;0;4;1;12;
Ramon Sessions;;21:49;5;8;1;2;0;0;0;2;2;3;0;1;1;1;11;
Ramon Sessions;;19:13;2;9;0;1;0;4;0;2;2;5;0;0;0;1;4;
Ramon Sessions;;26:44;5;11;0;2;3;5;0;0;0;1;0;0;3;1;13;
Ramon Sessions;;28:23;6;10;1;2;2;6;1;3;4;0;2;0;3;1;15;
Ramon Sessions;;24:14;4;8;0;1;5;6;0;1;1;6;1;0;0;1;13;
Ramon Sessions;;18:43;1;7;0;1;3;4;0;0;0;3;0;0;4;0;5;
Ramon Sessions;;14:34;2;5;0;0;0;0;0;0;0;0;0;0;1;0;4;
Ramon Sessions;;22:15;3;6;1;2;4;6;2;2;4;3;0;2;1;2;11;
Ramon Sessions;;14:38;2;6;0;1;6;6;0;1;1;1;1;0;0;0;10;
Ramon Sessions;;21:22;1;9;0;2;4;4;0;2;2;0;0;0;2;0;6;
Ramon Sessions;;23:30;5;7;0;1;3;4;0;2;2;4;0;0;3;1;13;
Ramon Sessions;;21:22;4;10;0;1;5;5;0;3;3;5;1;0;1;0;13;
Ramon Sessions;;21:53;3;11;0;3;3;3;0;4;4;3;0;0;1;1;9;
Ramon Sessions;;23:19;5;9;2;2;1;2;0;3;3;0;1;0;1;1;13;
Ramon Sessions;;22:48;1;7;0;1;0;0;1;2;3;3;1;0;3;1;2;
Ramon Sessions;;23:37;6;11;0;1;4;5;0;2;2;6;1;0;1;0;16;
Ramon Sessions;;34:27;4;12;0;2;3;4;2;3;5;3;1;0;3;0;11;
Ramon Sessions;;16:36;3;7;0;2;4;4;0;1;1;2;3;0;2;0;10;
Ramon Sessions;;24:18;4;10;1;2;4;5;0;3;3;3;0;0;0;0;13;
Ramon Sessions;;15:56;2;9;0;1;4;4;2;0;2;3;1;0;0;1;8;
Ramon Sessions;;15:28;2;3;1;1;4;5;0;3;3;2;0;0;0;0;9;
Ramon Sessions;;20:05;6;10;1;3;2;2;1;2;3;4;0;0;0;1;15;
Ramon Sessions;;25:24;4;13;0;1;0;0;1;3;4;2;2;0;1;0;8;
