╔═══════════════╤═══════════════╗
║Name		│Randy Foye	║
╟───────────────┼───────────────╢
║Number		│4		║
╟───────────────┼───────────────╢
║Position	│G		║
╟───────────────┼───────────────╢
║Height		│6-4		║
╟───────────────┼───────────────╢
║Weight		│213		║
╟───────────────┼───────────────╢
║Birth		│SEP 24, 1983	║
╟───────────────┼───────────────╢
║Age		│30		║
╟───────────────┼───────────────╢
║Exp		│7		║
╟───────────────┼───────────────╢
║School		│Villanova	║
╚═══════════════╧═══════════════╝
Randy Foye;G;36:36;6;17;0;6;2;2;1;3;4;6;0;0;4;2;14;
Randy Foye;G;33:30;5;8;2;3;1;2;2;5;7;4;0;0;1;3;13;
Randy Foye;G;28:59;6;10;2;5;0;0;1;3;4;2;1;1;1;2;14;
Randy Foye;G;38:45;8;17;7;12;0;0;1;4;5;5;1;0;1;3;23;
Randy Foye;G;37:42;7;11;6;9;4;4;0;4;4;1;1;0;1;2;24;
Randy Foye;G;30:25;5;10;3;8;5;5;1;3;4;4;1;1;0;2;18;
Randy Foye;G;17:58;4;8;1;3;1;2;1;0;1;0;0;0;0;6;10;
Randy Foye;G;38:57;8;12;4;7;1;2;3;2;5;3;1;0;1;2;21;
Randy Foye;G;35:22;5;15;4;9;2;2;0;0;0;4;1;0;0;4;16;
Randy Foye;G;26:31;5;10;4;9;0;0;1;2;3;5;0;1;1;3;14;
Randy Foye;G;32:12;4;12;2;6;2;2;0;5;5;3;2;1;2;3;12;
Randy Foye;G;25:57;4;13;2;9;2;2;0;1;1;0;0;0;0;2;12;
Randy Foye;G;40:17;12;21;3;9;6;7;1;2;3;7;2;0;1;5;33;
Randy Foye;G;43:29;4;13;1;6;1;1;1;2;3;16;2;0;8;3;10;
Randy Foye;G;40:12;4;11;2;7;4;5;0;7;7;4;1;2;4;3;14;
Randy Foye;G;43:32;5;14;5;10;5;5;1;2;3;6;1;4;3;2;20;
Randy Foye;G;30:48;5;13;3;9;0;0;0;6;6;1;1;0;3;2;13;
Randy Foye;G;32:52;9;16;5;12;2;2;0;5;5;3;0;1;3;0;25;
Randy Foye;G;34:08;2;13;1;5;4;4;0;0;0;10;0;0;3;3;9;
Randy Foye;G;33:10;3;12;2;6;2;2;0;1;1;4;0;1;8;2;10;
Randy Foye;G;39:52;3;11;0;4;2;2;0;1;1;5;3;1;2;6;8;
Randy Foye;G;39:48;5;12;2;6;0;0;0;0;0;10;1;2;4;1;12;
Randy Foye;G;27:58;8;13;5;7;2;2;0;0;0;3;1;0;6;4;23;
Randy Foye;G;33:57;8;18;6;11;5;5;1;5;6;1;0;1;0;5;27;
Randy Foye;G;41:03;7;15;3;7;0;2;1;4;5;3;1;0;4;4;17;
Randy Foye;G;33:09;5;12;2;8;3;4;1;3;4;3;2;1;1;1;15;
Randy Foye;G;41:02;5;15;4;8;2;4;0;0;0;4;0;0;1;2;16;
Randy Foye;G;42:33;8;16;4;8;2;3;1;3;4;3;0;0;4;6;22;
Randy Foye;G;38:02;5;9;4;8;2;2;1;2;3;4;2;0;4;3;16;
Randy Foye;G;32:52;4;8;4;7;0;0;0;2;2;6;2;1;0;3;12;
Randy Foye;G;44:58;3;12;1;9;0;0;0;3;3;4;1;0;4;6;7;
Randy Foye;G;33:08;4;8;0;3;1;2;0;4;4;3;0;0;2;3;9;
Randy Foye;G;25:34;1;6;1;4;0;0;0;3;3;2;1;0;0;0;3;
Randy Foye;G;24:02;2;7;1;5;2;2;0;0;0;1;0;0;1;2;7;
Randy Foye;G;23:26;2;6;2;3;2;2;0;3;3;2;0;1;3;2;8;
Randy Foye;G;29:16;4;10;1;5;5;5;0;2;2;5;4;1;1;0;14;
Randy Foye;G;44:21;8;18;5;12;1;1;0;5;5;5;3;0;3;0;22;
Randy Foye;G;27:34;5;10;5;8;0;0;1;2;3;1;1;0;1;1;15;
Randy Foye;G;33:48;6;11;5;9;0;0;0;3;3;2;1;2;1;2;17;
Randy Foye;G;34:37;4;14;3;9;0;2;0;1;1;4;1;0;0;3;11;
Randy Foye;G;34:16;4;9;0;2;0;0;0;4;4;2;0;0;0;3;8;
Randy Foye;G;32:17;7;13;4;7;2;2;0;1;1;1;0;0;0;4;20;
Randy Foye;G;40:14;6;13;1;8;0;0;2;7;9;4;2;0;2;2;13;
Randy Foye;G;30:14;4;9;1;4;0;0;1;2;3;7;0;0;1;3;9;
Randy Foye;G;39:10;6;13;4;6;5;6;2;7;9;4;0;1;2;5;21;
Randy Foye;G;34:51;4;11;2;4;1;2;0;1;1;2;0;0;3;3;11;
Randy Foye;G;38:18;10;17;6;10;4;4;2;3;5;15;2;0;1;1;30;
Randy Foye;G;38:56;7;23;4;13;2;2;3;4;7;7;1;1;2;2;20;
Randy Foye;G;39:36;7;13;3;4;9;9;2;2;4;6;0;1;4;1;26;
Randy Foye;G;33:09;2;12;0;7;7;7;1;3;4;7;4;0;3;3;11;
Randy Foye;G;42:35;10;21;3;10;9;12;0;2;2;11;0;1;5;1;32;
Randy Foye;G;32:38;4;8;2;5;2;3;0;5;5;1;1;0;3;2;12;
Randy Foye;G;32:28;2;10;0;3;2;3;0;4;4;3;3;0;1;1;6;
Randy Foye;G;27:38;4;9;3;6;0;0;0;1;1;3;2;0;1;4;11;
Randy Foye;G;24:12;4;7;3;5;2;3;1;3;4;2;1;0;3;3;13;
Randy Foye;G;29:49;3;10;1;5;4;6;0;2;2;4;1;0;1;4;11;
Randy Foye;G;30:33;3;10;1;5;0;0;0;2;2;1;0;0;0;2;7;
Randy Foye;G;23:56;3;5;2;3;0;0;1;0;1;4;0;1;2;1;8;
Randy Foye;G;19:55;1;5;0;2;0;0;0;1;1;1;1;1;0;2;2;
Randy Foye;G;25:15;2;12;2;7;2;2;0;0;0;0;1;1;1;4;8;
Randy Foye;G;28:52;4;8;2;5;1;3;0;2;2;4;1;1;1;4;11;
Randy Foye;G;13:08;5;6;2;3;0;0;0;0;0;0;0;1;1;0;12;
Randy Foye;G;29:15;5;13;5;12;2;2;0;5;5;2;1;0;2;3;17;
Randy Foye;G;25:37;3;7;1;5;0;0;0;1;1;1;0;0;3;4;7;
Randy Foye;G;19:21;4;7;2;4;0;0;0;2;2;2;0;1;1;5;10;
Randy Foye;G;30:05;5;11;3;8;4;4;0;4;4;4;0;1;0;2;17;
Randy Foye;G;18:58;1;7;0;4;2;2;0;1;1;1;1;0;2;3;4;
Randy Foye;G;20:49;4;9;3;5;0;0;0;2;2;3;2;1;0;1;11;
Randy Foye;G;26:07;4;8;3;6;5;5;0;3;3;3;0;2;0;2;16;
Randy Foye;G;25:12;3;8;2;4;4;4;0;2;2;1;0;1;2;3;null;
Randy Foye;G;22:12;4;12;1;5;4;5;0;3;3;1;2;0;0;0;13;
Randy Foye;G;31:39;2;7;2;4;0;0;0;2;2;5;0;0;2;3;6;
Randy Foye;G;14:36;0;3;0;2;0;0;0;1;1;1;0;1;1;2;0;
Randy Foye;G;21:25;2;9;1;6;2;2;0;3;3;2;0;0;2;2;7;
Randy Foye;G;24:08;1;5;0;3;1;1;0;1;1;2;1;0;0;4;3;
Randy Foye;G;30:02;6;14;2;6;0;0;0;2;2;0;0;0;0;2;14;
Randy Foye;G;16:26;0;7;0;5;0;0;0;1;1;0;0;0;3;2;0;
Randy Foye;G;10:18;0;5;0;0;1;1;1;1;2;1;0;1;1;0;1;
Randy Foye;;7:11;0;1;0;0;0;0;0;0;0;1;1;0;0;1;0;
Randy Foye;;13:44;3;5;1;3;4;5;0;1;1;2;0;0;1;1;11;
Randy Foye;;33:30;4;6;0;1;3;3;0;2;2;7;0;0;1;2;11;
