╔═══════════════╤═══════════════════════╗
║Name		│Rashard Lewis		║
╟───────────────┼───────────────────────╢
║Number		│9			║
╟───────────────┼───────────────────────╢
║Position	│F			║
╟───────────────┼───────────────────────╢
║Height		│6-10			║
╟───────────────┼───────────────────────╢
║Weight		│235			║
╟───────────────┼───────────────────────╢
║Birth		│AUG 08, 1979		║
╟───────────────┼───────────────────────╢
║Age		│34			║
╟───────────────┼───────────────────────╢
║Exp		│15			║
╟───────────────┼───────────────────────╢
║School		│Alief Elsik HS (TX)	║
╚═══════════════╧═══════════════════════╝
Rashard Lewis;F;31:22;6;11;3;6;3;3;0;4;4;2;3;1;1;1;18;
Rashard Lewis;F;11:36;1;2;0;1;0;0;0;0;0;1;0;0;0;4;2;
Rashard Lewis;F;16:36;1;5;0;3;0;0;0;1;1;0;1;0;0;0;2;
Rashard Lewis;F;25:41;2;3;2;3;0;0;1;4;5;2;0;1;1;3;6;
Rashard Lewis;F;24:29;5;8;2;4;0;0;0;1;1;1;2;0;1;4;12;
Rashard Lewis;;0:54;0;0;0;0;0;0;0;0;0;0;0;0;0;0;0;
Rashard Lewis;;13:30;2;4;1;2;0;0;1;1;2;0;1;0;3;5;5;
Rashard Lewis;;15:27;3;5;1;3;0;0;0;0;0;0;0;0;0;0;7;
Rashard Lewis;;8:29;0;2;0;2;0;0;0;1;1;2;2;0;0;1;0;
Rashard Lewis;;6:26;1;4;1;2;0;0;0;2;2;0;0;0;0;1;3;
Rashard Lewis;;10:42;0;2;0;1;0;0;1;1;2;0;0;1;1;2;0;
Rashard Lewis;;4:34;0;1;0;1;0;0;0;0;0;0;0;0;0;0;0;
Rashard Lewis;;1:46;0;0;0;0;0;0;0;0;0;1;1;0;0;0;0;
Rashard Lewis;;10:42;0;2;0;1;1;2;0;2;2;0;0;0;0;1;1;
Rashard Lewis;;6:49;0;0;0;0;0;0;0;0;0;0;0;0;0;0;0;
Rashard Lewis;;2:56;0;0;0;0;0;0;0;1;1;0;0;0;0;0;0;
Rashard Lewis;;1:24;0;0;0;0;0;0;0;0;0;0;0;0;0;0;0;
Rashard Lewis;;1:44;0;0;0;0;0;0;0;0;0;0;0;0;0;0;0;
Rashard Lewis;;24:17;1;2;1;2;2;2;1;3;4;1;1;0;0;2;5;
Rashard Lewis;;18:40;4;6;1;2;0;0;0;1;1;1;1;0;1;0;9;
Rashard Lewis;;20:19;4;10;1;3;4;4;0;0;0;1;1;0;0;1;13;
Rashard Lewis;;19:30;1;4;0;2;0;0;1;2;3;2;1;0;1;2;2;
Rashard Lewis;;16:14;3;6;1;3;0;0;1;2;3;2;0;0;2;3;7;
Rashard Lewis;;16:40;2;8;1;4;1;2;0;1;1;1;2;0;0;2;6;
Rashard Lewis;;5:42;1;2;0;1;2;2;0;0;0;0;0;0;0;2;4;
Rashard Lewis;;28:13;4;7;1;2;0;0;1;2;3;0;2;0;2;2;9;
Rashard Lewis;;24:01;5;8;4;6;3;3;0;3;3;3;0;0;0;1;17;
Rashard Lewis;;20:25;1;8;0;2;1;2;1;2;3;1;1;0;1;1;3;
Rashard Lewis;;18:44;1;4;1;4;0;0;1;5;6;1;0;0;1;1;3;
Rashard Lewis;;6:30;1;3;0;1;0;0;1;0;1;1;1;0;0;1;2;
Rashard Lewis;;20:08;4;8;1;4;2;3;0;1;1;5;1;0;1;2;11;
Rashard Lewis;;6:14;0;0;0;0;0;0;0;2;2;1;1;0;0;2;0;
Rashard Lewis;;5:08;1;3;1;3;0;0;0;1;1;1;1;0;0;1;3;
Rashard Lewis;;21:18;1;4;1;2;1;2;0;1;1;5;0;0;1;3;4;
Rashard Lewis;;7:36;1;1;1;1;1;1;0;3;3;0;0;0;0;2;4;
Rashard Lewis;;13:54;1;4;1;2;1;2;0;1;1;0;0;0;0;4;4;
Rashard Lewis;;23:35;3;3;1;1;0;0;1;2;3;1;2;0;0;1;7;
Rashard Lewis;;28:36;4;6;3;5;0;0;0;3;3;2;1;0;1;1;11;
Rashard Lewis;;33:15;3;7;1;3;2;2;2;7;9;0;0;0;1;1;9;
Rashard Lewis;;25:48;1;4;0;2;0;0;1;1;2;3;5;0;2;2;2;
Rashard Lewis;;24:51;1;4;0;1;0;0;2;0;2;3;2;0;2;1;2;
Rashard Lewis;;17:30;2;6;0;3;0;0;0;1;1;0;0;0;0;2;4;
Rashard Lewis;;7:44;0;1;0;1;0;0;1;1;2;0;0;0;1;1;0;
Rashard Lewis;F;22:10;1;3;0;2;2;3;0;1;1;1;3;0;1;2;4;
Rashard Lewis;;18:34;1;4;1;4;0;0;0;2;2;1;0;0;0;2;3;
Rashard Lewis;;6:11;0;1;0;0;0;0;0;2;2;0;0;0;0;0;0;
Rashard Lewis;;12:42;0;1;0;1;0;0;0;6;6;1;1;2;0;3;0;
Rashard Lewis;;22:33;1;2;1;2;0;0;1;2;3;0;3;0;0;1;3;
Rashard Lewis;;28:32;4;7;2;4;0;0;0;3;3;2;2;0;2;4;10;
Rashard Lewis;;22:47;3;5;3;5;0;0;1;0;1;0;0;0;1;2;9;
Rashard Lewis;;21:04;1;3;0;2;0;0;0;1;1;0;1;1;0;4;2;
Rashard Lewis;;23:45;2;7;2;7;0;0;0;0;0;1;0;1;1;1;6;
Rashard Lewis;;27:17;1;3;1;3;0;0;1;2;3;1;2;1;0;1;3;
Rashard Lewis;;15:29;1;5;1;3;0;0;1;1;2;1;2;0;1;1;3;
Rashard Lewis;;19:15;2;4;1;1;0;0;1;2;3;2;1;0;0;0;5;
Rashard Lewis;;18:36;3;5;0;2;0;0;0;0;0;1;0;0;1;1;6;
Rashard Lewis;;19:20;1;5;1;5;0;0;1;0;1;2;1;0;1;3;3;
Rashard Lewis;;13:52;1;5;0;1;0;0;1;1;2;0;1;0;2;0;2;
Rashard Lewis;;16:35;4;5;2;2;0;0;0;0;0;0;2;0;0;1;10;
Rashard Lewis;;7:20;1;2;0;1;0;0;0;0;0;0;1;0;1;1;2;
