╔═══════════════╤═══════════════╗
║Name		│Rasual Butler	║
╟───────────────┼───────────────╢
║Number		│8		║
╟───────────────┼───────────────╢
║Position	│G-F		║
╟───────────────┼───────────────╢
║Height		│6-7		║
╟───────────────┼───────────────╢
║Weight		│215		║
╟───────────────┼───────────────╢
║Birth		│MAY 23, 1979	║
╟───────────────┼───────────────╢
║Age		│35		║
╟───────────────┼───────────────╢
║Exp		│10		║
╟───────────────┼───────────────╢
║School		│La Salle	║
╚═══════════════╧═══════════════╝
Rasual Butler;;1:16;0;0;0;0;0;0;0;1;1;0;0;0;0;0;0;
Rasual Butler;;1:16;1;1;1;1;0;0;0;0;0;0;0;0;0;0;3;
Rasual Butler;;16:04;3;4;2;3;0;0;0;1;1;1;1;0;0;3;8;
Rasual Butler;;2:40;1;1;0;0;0;0;0;0;0;0;0;0;0;0;2;
Rasual Butler;;6:42;1;3;0;1;0;0;0;0;0;0;0;1;0;0;2;
Rasual Butler;;5:27;0;3;0;1;0;0;0;0;0;0;0;0;0;0;0;
Rasual Butler;;3:10;0;1;0;1;0;0;0;0;0;0;0;0;0;0;0;
Rasual Butler;;6:06;1;3;0;2;0;0;0;2;2;1;0;0;0;0;2;
Rasual Butler;;1:44;0;0;0;0;0;0;0;0;0;1;0;0;0;0;0;
Rasual Butler;;0:43;0;0;0;0;0;0;0;0;0;0;0;0;0;0;0;
Rasual Butler;;4:15;0;0;0;0;0;0;0;1;1;0;0;0;0;0;0;
Rasual Butler;;4:23;0;1;0;0;0;0;0;2;2;0;0;0;0;0;0;
Rasual Butler;;19:17;3;4;2;2;2;2;1;1;2;0;1;0;0;1;10;
Rasual Butler;;12:00;3;4;1;1;0;0;0;1;1;1;1;0;0;0;7;
Rasual Butler;;4:49;0;1;0;1;0;0;0;1;1;1;1;0;0;0;0;
Rasual Butler;;2:31;1;2;0;1;0;0;0;0;0;0;2;0;1;1;2;
Rasual Butler;;22:31;3;10;1;6;1;2;1;3;4;1;0;0;0;3;8;
Rasual Butler;;6:12;2;3;2;3;0;0;0;0;0;0;0;0;0;2;6;
Rasual Butler;;5:28;0;0;0;0;0;0;0;0;0;0;0;0;0;0;0;
Rasual Butler;;21:52;3;5;2;3;0;0;0;1;1;2;1;1;1;2;8;
Rasual Butler;;3:47;0;1;0;1;0;0;0;1;1;0;0;0;2;1;0;
Rasual Butler;;7:51;0;2;0;1;0;0;0;2;2;0;0;0;0;0;0;
Rasual Butler;;13:30;1;1;1;1;0;0;0;3;3;1;0;1;1;2;3;
Rasual Butler;;1:01;0;0;0;0;0;0;0;0;0;0;0;0;1;0;0;
Rasual Butler;;1:51;0;0;0;0;0;0;0;0;0;0;0;0;0;0;0;
Rasual Butler;;1:03;0;1;0;0;0;0;0;0;0;0;0;0;0;0;0;
Rasual Butler;;2:03;0;0;0;0;0;0;0;1;1;0;0;0;0;0;0;
Rasual Butler;;1:20;0;1;0;0;0;0;0;0;0;0;0;0;0;0;0;
Rasual Butler;;22:05;2;3;1;2;2;2;0;1;1;0;0;1;1;2;7;
Rasual Butler;;6:53;1;2;0;0;0;0;0;1;1;0;0;0;0;0;2;
Rasual Butler;;7:44;0;1;0;0;0;0;0;3;3;1;0;1;0;0;0;
Rasual Butler;;12:55;2;3;1;2;0;0;1;0;1;0;0;0;1;1;5;
Rasual Butler;F;30:24;3;14;2;10;2;4;0;2;2;0;0;2;0;0;10;
Rasual Butler;;0:33;0;0;0;0;0;0;0;0;0;0;0;0;0;0;0;
Rasual Butler;F;37:43;8;13;2;4;1;4;0;2;2;5;0;0;0;4;19;
Rasual Butler;;0:58;0;0;0;0;0;0;0;0;0;0;0;0;0;0;0;
Rasual Butler;;3:35;1;2;1;2;0;0;1;0;1;1;0;0;0;0;3;
Rasual Butler;;1:05;0;0;0;0;0;0;0;0;0;0;0;0;0;0;0;
Rasual Butler;;0:11;0;0;0;0;0;0;0;0;0;0;0;0;0;0;0;
Rasual Butler;;0:22;0;0;0;0;0;0;0;0;0;0;0;0;0;0;0;
Rasual Butler;;2:27;1;1;1;1;0;0;0;1;1;0;0;0;0;1;3;
Rasual Butler;;6:41;2;4;2;3;0;0;0;0;0;0;0;0;0;0;6;
Rasual Butler;;23:47;3;5;2;4;0;0;0;1;1;1;0;2;1;3;8;
Rasual Butler;;13:55;2;3;1;2;0;0;0;0;0;0;0;0;0;1;5;
Rasual Butler;;11:51;2;3;1;1;0;0;1;2;3;0;0;0;1;0;5;
Rasual Butler;;5:39;0;1;0;1;0;0;0;0;0;0;0;0;0;1;0;
Rasual Butler;;3:45;1;2;0;0;0;0;1;1;2;0;0;0;0;1;2;
Rasual Butler;;1:52;0;0;0;0;0;0;0;0;0;0;0;0;0;0;0;
Rasual Butler;;1:32;0;1;0;1;0;0;0;0;0;0;0;0;0;0;0;
Rasual Butler;;1:25;0;0;0;0;0;0;0;0;0;0;0;0;1;1;0;
