╔═══════════════╤═══════════════╗
║Name		│Ray McCallum	║
╟───────────────┼───────────────╢
║Number		│3		║
╟───────────────┼───────────────╢
║Position	│G		║
╟───────────────┼───────────────╢
║Height		│6-3		║
╟───────────────┼───────────────╢
║Weight		│190		║
╟───────────────┼───────────────╢
║Birth		│JUN 12, 1991	║
╟───────────────┼───────────────╢
║Age		│23		║
╟───────────────┼───────────────╢
║Exp		│R		║
╟───────────────┼───────────────╢
║School		│Detroit	║
╚═══════════════╧═══════════════╝
Ray McCallum;;1:28;1;1;0;0;0;0;0;0;0;0;0;0;0;0;2;
Ray McCallum;;5:43;1;1;1;1;0;0;1;1;2;1;0;0;0;0;3;
Ray McCallum;;1:34;0;1;0;0;0;0;0;0;0;0;0;0;0;0;0;
Ray McCallum;;7:57;1;3;0;0;0;0;0;1;1;4;0;1;0;0;2;
Ray McCallum;;0:20;0;0;0;0;0;0;0;0;0;0;0;0;0;1;0;
Ray McCallum;;10:21;2;5;0;1;2;2;1;2;3;0;0;0;1;4;6;
Ray McCallum;;10:21;2;3;1;1;0;0;0;0;0;0;0;0;0;1;5;
Ray McCallum;;6:06;0;2;0;0;0;0;0;1;1;1;0;0;1;3;0;
Ray McCallum;;1:10;0;1;0;0;0;0;0;0;0;0;0;0;0;0;0;
Ray McCallum;;3:09;1;1;0;0;0;0;0;1;1;0;0;0;0;0;2;
Ray McCallum;;11:40;1;3;0;1;0;0;0;2;2;0;0;0;1;1;2;
Ray McCallum;;11:13;0;1;0;0;0;0;0;0;0;0;1;0;0;2;0;
Ray McCallum;;16:44;0;4;0;0;2;2;1;2;3;2;0;0;0;3;2;
Ray McCallum;;24:37;2;8;0;0;2;2;1;2;3;4;0;0;1;0;6;
Ray McCallum;;22:38;3;7;1;1;0;0;0;1;1;5;0;0;0;2;7;
Ray McCallum;;28:26;3;11;2;4;1;1;0;3;3;5;0;0;1;4;9;
Ray McCallum;;22:14;3;7;1;2;1;1;1;2;3;2;1;0;0;1;8;
Ray McCallum;;30:46;7;10;1;2;0;0;1;3;4;1;0;0;0;1;15;
Ray McCallum;;24:17;3;8;0;2;2;2;1;1;2;2;2;0;0;4;8;
Ray McCallum;;29:34;2;8;1;5;0;0;1;1;2;2;0;0;3;1;5;
Ray McCallum;;12:06;4;5;1;1;0;0;0;0;0;0;0;0;0;2;9;
Ray McCallum;;26:43;1;7;0;2;2;2;2;3;5;3;2;0;1;3;4;
Ray McCallum;;10:47;0;2;0;0;1;2;0;0;0;0;0;1;1;0;1;
Ray McCallum;;19:32;3;5;0;1;1;1;0;1;1;3;0;1;1;2;7;
Ray McCallum;;12:43;2;2;2;2;1;2;0;1;1;0;0;0;1;0;7;
Ray McCallum;;12:18;2;6;0;0;0;0;1;1;2;1;0;1;1;2;4;
Ray McCallum;;11:15;1;4;0;0;0;0;0;0;0;2;0;0;1;2;2;
Ray McCallum;G;42:42;3;14;0;2;4;5;1;5;6;5;1;0;2;1;10;
Ray McCallum;G;45:42;6;16;1;1;0;3;1;3;4;5;0;0;2;2;13;
Ray McCallum;G;48:00;7;17;2;4;0;0;1;3;4;8;2;1;2;2;16;
Ray McCallum;G;43:56;9;19;1;2;3;5;0;2;2;10;2;0;1;3;22;
Ray McCallum;G;46:03;12;22;1;5;2;4;1;3;4;5;0;0;3;3;27;
Ray McCallum;G;43:28;2;14;0;2;0;0;0;2;2;10;2;0;2;1;4;
Ray McCallum;G;47:41;4;12;0;4;0;0;2;2;4;9;3;1;3;3;8;
Ray McCallum;G;45:25;3;14;1;3;0;0;0;2;2;5;2;0;2;4;7;
Ray McCallum;G;42:48;7;15;4;4;5;5;1;3;4;8;3;0;0;3;23;
Ray McCallum;G;40:22;4;13;0;1;0;0;0;0;0;8;0;2;2;4;8;
Ray McCallum;;28:22;5;9;1;2;0;0;0;3;3;6;0;1;1;1;11;
Ray McCallum;;31:18;5;12;0;0;3;4;0;2;2;2;1;0;3;2;13;
Ray McCallum;;0:13;0;0;0;0;0;0;0;0;0;0;0;0;0;0;0;
Ray McCallum;;5:16;1;4;0;2;0;0;0;0;0;0;0;0;1;1;2;
Ray McCallum;;2:30;0;0;0;0;0;0;0;1;1;0;0;0;0;0;0;
Ray McCallum;;1:16;0;0;0;0;0;0;0;0;0;0;0;0;0;0;0;
Ray McCallum;;0:51;0;1;0;0;0;0;0;0;0;0;0;0;0;0;0;
Ray McCallum;;5:06;0;2;0;1;0;0;0;1;1;1;0;0;1;0;0;
