╔═══════════════╤═══════════════╗
║Name		│Ray Allen	║
╟───────────────┼───────────────╢
║Number		│34		║
╟───────────────┼───────────────╢
║Position	│G		║
╟───────────────┼───────────────╢
║Height		│6-5		║
╟───────────────┼───────────────╢
║Weight		│205		║
╟───────────────┼───────────────╢
║Birth		│JUL 20, 1975	║
╟───────────────┼───────────────╢
║Age		│38		║
╟───────────────┼───────────────╢
║Exp		│17		║
╟───────────────┼───────────────╢
║School		│Connecticut	║
╚═══════════════╧═══════════════╝
Ray Allen;;20:29;1;4;0;1;3;3;0;0;0;2;0;0;0;3;5;
Ray Allen;;18:12;0;4;0;2;1;1;0;1;1;0;0;0;0;3;1;
Ray Allen;;25:13;1;7;0;4;4;4;1;1;2;3;1;0;1;1;6;
Ray Allen;;28:60;3;7;2;6;3;3;0;3;3;2;1;0;2;1;11;
Ray Allen;;25:49;1;4;1;3;3;3;0;3;3;1;1;0;0;0;6;
Ray Allen;G;37:54;1;10;0;4;5;6;0;3;3;2;1;0;0;5;7;
Ray Allen;;25:15;0;5;0;4;0;0;0;1;1;1;0;0;2;3;0;
Ray Allen;;23:23;1;7;0;4;0;0;0;4;4;5;1;0;4;2;2;
Ray Allen;G;40:16;5;11;1;5;1;1;0;9;9;1;0;0;1;1;12;
Ray Allen;G;35:58;5;5;4;4;0;0;1;6;7;3;1;1;2;3;14;
Ray Allen;G;33:02;3;7;1;4;0;0;1;3;4;4;0;0;1;2;7;
Ray Allen;G;28:24;4;8;2;5;0;1;0;4;4;1;1;0;1;3;10;
Ray Allen;G;25:24;3;5;2;3;2;2;0;3;3;3;1;0;0;2;10;
Ray Allen;;30:38;1;4;0;2;3;4;0;4;4;0;1;0;2;1;5;
Ray Allen;;15:11;1;4;1;3;0;0;0;1;1;0;0;0;2;1;3;
Ray Allen;;24:50;3;8;3;4;0;0;0;4;4;1;1;0;2;0;9;
Ray Allen;;27:13;4;8;2;5;5;5;0;0;0;2;1;0;2;3;15;
Ray Allen;;23:01;4;8;1;4;0;0;0;0;0;1;1;0;1;1;9;
Ray Allen;;28:34;3;6;1;4;0;0;0;7;7;3;1;0;2;1;7;
Ray Allen;;31:05;3;7;3;5;0;0;0;3;3;3;2;0;0;2;9;
Ray Allen;;21:36;0;5;0;3;0;0;0;1;1;1;0;0;0;1;0;
Ray Allen;;24:40;2;6;1;3;1;1;0;3;3;1;1;0;1;0;6;
Ray Allen;;31:22;4;8;2;3;0;0;0;5;5;0;0;0;0;1;10;
Ray Allen;;19:39;4;6;1;3;2;2;1;1;2;3;0;0;1;0;11;
Ray Allen;;24:03;3;7;1;4;0;0;0;1;1;1;0;0;1;0;7;
Ray Allen;;29:33;3;7;3;5;0;0;0;3;3;4;0;0;0;4;9;
Ray Allen;;25:54;5;8;2;5;1;1;1;3;4;1;1;0;0;1;13;
Ray Allen;;21:42;2;5;1;3;1;1;0;1;1;5;0;1;3;1;6;
Ray Allen;;20:44;2;5;2;3;1;1;0;1;1;0;0;0;1;0;7;
Ray Allen;;28:31;5;9;3;6;0;0;1;2;3;2;0;0;0;1;13;
Ray Allen;;27:44;0;3;0;3;1;1;0;3;3;1;0;0;0;1;1;
Ray Allen;;29:14;7;9;5;7;3;3;1;3;4;2;1;0;1;3;22;
Ray Allen;;28:41;7;11;4;6;7;7;0;1;1;0;0;0;0;1;25;
Ray Allen;;30:03;5;13;2;9;2;2;2;1;3;2;0;0;3;1;14;
Ray Allen;;31:56;5;11;1;4;3;4;0;1;1;1;2;0;0;0;14;
Ray Allen;;30:44;7;14;2;5;2;2;1;3;4;4;0;0;0;2;18;
Ray Allen;;31:12;3;10;2;9;2;2;0;3;3;1;0;0;2;0;10;
Ray Allen;;32:11;3;10;2;4;0;0;0;3;3;3;0;0;0;2;8;
Ray Allen;;23:11;3;8;2;6;0;0;1;2;3;1;2;0;1;3;8;
Ray Allen;;28:56;4;10;4;9;0;0;0;1;1;1;1;0;1;1;12;
Ray Allen;;23:07;2;5;2;4;0;0;1;3;4;0;0;1;1;4;6;
Ray Allen;;25:28;2;4;2;4;0;0;0;0;0;2;2;0;1;1;6;
Ray Allen;;28:34;3;7;1;3;3;3;0;4;4;2;2;0;2;2;10;
Ray Allen;;23:40;1;2;1;2;0;0;0;0;0;1;0;0;0;1;3;
Ray Allen;;18:39;4;7;3;5;2;2;0;2;2;1;1;0;0;1;13;
Ray Allen;;24:00;4;9;1;5;2;4;0;3;3;3;0;0;1;0;11;
Ray Allen;;26:19;3;7;3;6;2;2;0;1;1;7;0;1;3;4;11;
Ray Allen;;27:51;7;13;4;9;1;1;1;5;6;1;2;0;0;0;19;
Ray Allen;;29:08;4;6;1;2;3;4;0;4;4;2;1;0;0;0;12;
Ray Allen;;30:40;2;5;0;2;0;0;1;2;3;6;0;0;0;2;4;
Ray Allen;;29:34;5;11;3;7;1;1;0;4;4;2;1;0;2;3;14;
Ray Allen;;26:01;5;8;0;3;2;3;0;1;1;2;1;0;0;0;12;
Ray Allen;;24:27;2;4;0;1;1;1;0;4;4;3;0;0;1;1;5;
Ray Allen;;24:40;5;10;3;6;4;5;1;2;3;1;1;0;2;1;17;
Ray Allen;;19:59;2;8;2;3;0;0;1;1;2;0;1;0;3;0;6;
Ray Allen;;25:58;1;5;1;3;2;2;1;2;3;2;0;0;1;1;5;
Ray Allen;;25:29;6;11;3;8;2;2;0;3;3;1;2;1;2;0;17;
Ray Allen;;20:23;3;9;1;4;0;0;0;3;3;2;1;1;0;3;7;
Ray Allen;;23:36;3;8;1;1;0;0;0;0;0;4;0;0;3;4;7;
Ray Allen;;15:41;1;4;0;1;0;0;0;0;0;2;2;0;2;4;2;
Ray Allen;;28:58;5;10;2;4;0;0;2;2;4;1;1;0;3;2;12;
Ray Allen;G;26:31;2;4;1;3;4;4;0;1;1;1;1;0;0;2;9;
Ray Allen;;21:25;4;8;0;3;3;3;0;3;3;2;2;0;2;2;11;
Ray Allen;G;24:31;6;10;2;5;4;4;0;1;1;3;1;0;0;1;18;
Ray Allen;;26:16;1;5;1;1;0;0;0;1;1;2;1;1;1;1;3;
Ray Allen;;25:16;3;5;2;4;4;4;0;2;2;2;1;0;3;4;12;
Ray Allen;;23:47;2;6;1;4;0;0;0;4;4;1;1;0;3;1;5;
Ray Allen;;27:01;2;6;1;4;2;2;1;6;7;3;1;0;0;0;7;
Ray Allen;;26:03;8;13;2;6;0;0;0;1;1;5;1;0;4;4;18;
Ray Allen;G;34:28;7;10;1;4;4;5;1;5;6;1;0;0;2;1;19;
Ray Allen;;21:26;4;5;4;5;0;0;0;2;2;2;1;1;0;1;12;
Ray Allen;;25:55;4;11;1;6;0;0;0;2;2;2;3;0;1;1;9;
Ray Allen;;30:33;4;7;2;4;3;4;1;6;7;2;0;0;1;1;13;
