╔═══════════════╤═══════════════╗
║Name		│Raymond Felton	║
╟───────────────┼───────────────╢
║Number		│N/A		║
╟───────────────┼───────────────╢
║Position	│G		║
╟───────────────┼───────────────╢
║Height		│6-1		║
╟───────────────┼───────────────╢
║Weight		│205		║
╟───────────────┼───────────────╢
║Birth		│JUN 26, 1984	║
╟───────────────┼───────────────╢
║Age		│30		║
╟───────────────┼───────────────╢
║Exp		│8		║
╟───────────────┼───────────────╢
║School		│North Carolina	║
╚═══════════════╧═══════════════╝
Raymond Felton;G;30:36;4;9;1;2;3;4;1;1;2;6;1;0;4;2;12;
Raymond Felton;G;38:30;6;14;1;6;0;0;2;3;5;14;1;0;2;0;13;
Raymond Felton;G;35:36;3;11;0;1;3;4;0;1;1;6;2;0;0;0;9;
Raymond Felton;G;43:59;8;16;2;6;1;2;0;1;1;1;1;1;2;5;19;
Raymond Felton;G;29:16;5;12;1;1;2;2;0;2;2;3;1;1;1;6;13;
Raymond Felton;G;29:08;5;10;1;3;1;1;0;4;4;5;2;0;4;3;12;
Raymond Felton;G;31:57;2;8;0;3;1;2;2;2;4;9;0;0;4;5;5;
Raymond Felton;G;35:00;2;11;1;4;4;8;0;2;2;6;1;0;3;3;9;
Raymond Felton;G;30:44;4;10;1;3;0;0;1;1;2;7;1;1;1;4;9;
Raymond Felton;G;28:16;5;9;1;3;0;0;0;1;1;5;1;0;1;1;11;
Raymond Felton;G;35:57;8;10;2;2;2;2;1;1;2;5;1;1;1;2;20;
Raymond Felton;G;25:10;2;6;0;1;0;0;2;2;4;8;1;1;4;1;4;
Raymond Felton;G;35:54;5;10;0;2;2;2;0;5;5;9;1;2;4;2;12;
Raymond Felton;G;33:36;3;9;1;3;0;0;0;2;2;4;2;0;4;1;7;
Raymond Felton;G;34:35;1;7;1;2;0;2;1;4;5;7;2;0;0;2;3;
Raymond Felton;G;23:25;2;6;0;1;3;6;1;3;4;3;0;0;1;1;7;
Raymond Felton;G;27:49;4;5;1;1;0;0;0;2;2;8;2;0;1;0;9;
Raymond Felton;G;33:54;7;14;2;4;0;0;2;5;7;7;1;0;3;4;16;
Raymond Felton;G;40:53;3;11;0;2;2;4;4;2;6;12;0;0;3;5;8;
Raymond Felton;G;29:26;2;7;0;3;2;2;0;3;3;1;2;1;1;1;6;
Raymond Felton;G;33:16;1;8;0;1;3;3;1;6;7;7;0;1;1;1;5;
Raymond Felton;G;39:52;7;13;1;5;0;0;0;4;4;8;1;2;2;3;15;
Raymond Felton;G;35:56;6;15;2;6;2;2;3;2;5;10;1;0;2;5;16;
Raymond Felton;G;33:35;3;4;2;3;0;0;2;1;3;7;2;0;2;3;8;
Raymond Felton;G;30:57;1;7;0;2;0;0;1;1;2;5;3;0;2;3;2;
Raymond Felton;G;21:34;3;6;1;2;1;2;0;2;2;3;1;0;6;2;8;
Raymond Felton;G;30:31;2;10;0;1;4;4;1;1;2;4;0;0;2;2;8;
Raymond Felton;G;31:33;1;9;1;3;1;2;1;2;3;5;2;0;4;2;4;
Raymond Felton;G;31:07;5;8;2;4;6;8;1;2;3;8;4;1;2;4;18;
Raymond Felton;G;26:01;1;4;0;1;0;0;0;2;2;5;0;0;0;2;2;
Raymond Felton;G;29:33;2;6;0;1;4;4;0;5;5;6;2;2;2;3;8;
Raymond Felton;G;27:14;4;5;3;4;2;2;0;1;1;2;2;1;0;1;13;
Raymond Felton;G;26:40;3;7;0;2;0;0;0;2;2;4;1;0;3;0;6;
Raymond Felton;G;23:26;4;6;1;2;0;0;1;1;2;1;0;1;1;3;9;
Raymond Felton;G;28:12;4;11;1;2;2;3;1;5;6;6;2;0;1;2;11;
Raymond Felton;G;26:39;2;8;0;2;3;4;0;3;3;6;0;0;1;0;7;
Raymond Felton;G;31:56;5;12;3;5;1;2;3;3;6;8;3;0;1;2;14;
Raymond Felton;G;20:13;3;7;0;3;0;2;1;3;4;6;2;0;1;2;6;
Raymond Felton;G;32:20;2;7;0;0;1;2;1;6;7;9;0;0;0;3;5;
Raymond Felton;G;23:10;2;6;1;1;1;1;1;0;1;4;2;0;4;4;6;
Raymond Felton;G;27:38;0;3;0;0;2;2;0;2;2;4;2;0;1;3;2;
Raymond Felton;G;35:24;5;8;1;4;1;2;0;3;3;6;1;0;4;1;12;
Raymond Felton;G;20:23;2;5;1;4;0;0;2;1;3;3;1;0;1;0;5;
Raymond Felton;G;27:51;2;8;2;2;3;4;1;4;5;7;1;0;0;3;9;
Raymond Felton;G;30:44;6;12;2;5;1;2;1;1;2;5;4;0;3;4;15;
Raymond Felton;G;31:27;4;12;0;3;4;4;1;1;2;4;0;0;0;1;12;
Raymond Felton;G;35:33;5;14;1;3;3;4;0;1;1;7;1;0;1;4;14;
Raymond Felton;G;21:12;3;8;2;4;0;0;1;3;4;2;2;1;3;2;8;
Raymond Felton;G;34:18;7;12;0;1;4;4;1;0;1;3;3;0;3;2;18;
Raymond Felton;G;36:45;5;14;1;3;2;3;1;3;4;6;0;1;2;0;13;
Raymond Felton;G;38:06;3;12;0;3;2;2;0;2;2;12;3;1;3;4;8;
Raymond Felton;G;37:18;6;15;2;7;0;0;3;3;6;2;2;1;2;3;14;
Raymond Felton;G;37:47;6;17;2;6;1;1;1;3;4;5;0;1;1;3;15;
Raymond Felton;G;24:50;3;10;1;5;0;0;0;0;0;2;1;1;0;1;7;
Raymond Felton;G;31:37;5;12;0;3;0;0;1;1;2;5;1;1;0;3;10;
Raymond Felton;G;40:37;3;9;0;2;2;2;0;0;0;7;1;1;5;5;8;
Raymond Felton;G;33:23;3;8;1;4;0;0;0;4;4;5;1;1;4;3;7;
Raymond Felton;G;35:25;5;9;2;4;0;0;0;3;3;7;2;0;4;3;12;
Raymond Felton;G;37:10;3;9;1;4;1;2;1;3;4;7;0;1;3;3;8;
Raymond Felton;G;37:38;4;10;2;6;2;4;2;0;2;8;1;0;1;3;12;
Raymond Felton;G;28:30;5;9;3;5;0;0;0;1;1;4;0;0;3;2;13;
Raymond Felton;G;26:38;6;10;2;5;0;0;2;2;4;5;0;0;0;2;14;
Raymond Felton;G;20:21;0;6;0;1;0;0;0;0;0;2;0;0;0;1;0;
Raymond Felton;G;18:51;3;8;0;2;0;0;1;1;2;3;0;1;1;2;6;
Raymond Felton;G;25:27;4;11;2;4;3;4;0;2;2;4;0;0;3;4;13;
