╔═══════════════╤═══════════════╗
║Name		│Reggie Jackson	║
╟───────────────┼───────────────╢
║Number		│15		║
╟───────────────┼───────────────╢
║Position	│G		║
╟───────────────┼───────────────╢
║Height		│6-3		║
╟───────────────┼───────────────╢
║Weight		│208		║
╟───────────────┼───────────────╢
║Birth		│APR 16, 1990	║
╟───────────────┼───────────────╢
║Age		│24		║
╟───────────────┼───────────────╢
║Exp		│2		║
╟───────────────┼───────────────╢
║School		│Boston College	║
╚═══════════════╧═══════════════╝
Reggie Jackson;G;29:21;4;13;0;3;1;1;1;2;3;5;0;0;4;4;9;
Reggie Jackson;G;23:50;3;6;0;1;4;4;1;3;4;4;0;0;4;5;10;
Reggie Jackson;G;30:45;9;12;3;3;6;9;0;2;2;2;1;0;2;0;27;
Reggie Jackson;G;42:03;6;14;1;4;7;10;3;2;5;6;4;0;4;1;20;
Reggie Jackson;G;25:39;5;12;1;2;2;2;1;3;4;5;2;0;4;3;13;
Reggie Jackson;G;24:10;1;8;0;2;0;0;0;2;2;3;2;0;2;2;2;
Reggie Jackson;G;39:12;6;14;3;5;2;2;3;3;6;3;0;0;7;5;17;
Reggie Jackson;G;34:30;11;19;1;7;0;0;0;2;2;4;6;0;1;2;23;
Reggie Jackson;G;32:03;6;13;1;3;1;1;0;2;2;6;3;0;4;2;14;
Reggie Jackson;G;33:31;4;16;2;4;6;6;1;4;5;4;0;0;2;4;16;
Reggie Jackson;G;38:22;7;18;1;2;0;0;2;5;7;5;0;0;1;1;15;
Reggie Jackson;G;38:20;12;17;3;3;0;0;0;2;2;8;2;0;0;4;27;
Reggie Jackson;G;28:43;5;14;1;3;3;3;0;4;4;8;1;0;4;0;14;
Reggie Jackson;G;28:37;1;9;0;3;3;3;0;2;2;5;1;0;4;2;5;
Reggie Jackson;G;34:55;7;17;2;5;2;2;1;2;3;5;0;0;1;1;18;
Reggie Jackson;G;29:57;2;7;1;3;4;6;0;3;3;4;2;0;3;3;9;
Reggie Jackson;G;35:08;6;15;0;5;2;3;1;2;3;7;1;1;2;3;14;
Reggie Jackson;G;34:46;6;17;0;4;0;0;0;8;8;4;2;0;8;4;12;
Reggie Jackson;G;33:31;6;15;0;2;0;0;0;2;2;2;1;0;3;1;12;
Reggie Jackson;G;35:33;9;14;2;3;0;0;1;2;3;9;2;0;1;4;20;
Reggie Jackson;G;32:59;4;14;0;3;4;4;0;2;2;4;3;0;1;2;12;
Reggie Jackson;G;31:54;8;15;3;8;0;0;0;0;0;6;0;0;1;1;19;
Reggie Jackson;G;32:39;7;19;1;4;2;2;0;6;6;5;2;0;1;2;17;
Reggie Jackson;G;29:37;7;15;0;2;2;2;1;4;5;3;0;0;3;0;16;
Reggie Jackson;;36:35;4;9;0;2;3;3;0;3;3;5;2;1;3;2;11;
Reggie Jackson;;34:01;3;12;1;5;0;0;0;2;2;4;0;0;3;4;7;
Reggie Jackson;;23:46;3;10;2;4;0;0;0;1;1;3;0;0;2;2;8;
Reggie Jackson;;33:52;5;12;2;4;2;2;0;2;2;3;2;0;1;0;14;
Reggie Jackson;;27:16;7;14;1;2;2;2;0;3;3;3;1;0;2;1;17;
Reggie Jackson;;25:26;5;9;0;1;4;4;1;5;6;2;2;0;4;1;14;
Reggie Jackson;;17:32;2;8;0;1;0;0;1;2;3;3;0;0;1;2;4;
Reggie Jackson;;29:56;6;12;2;3;0;0;3;6;9;1;2;0;0;2;14;
Reggie Jackson;;20:46;4;8;1;3;0;0;0;1;1;1;1;0;1;1;9;
Reggie Jackson;;21:56;3;8;0;0;2;2;0;8;8;6;0;0;0;1;8;
Reggie Jackson;G;31:15;4;8;2;4;3;4;1;3;4;3;0;0;3;2;13;
Reggie Jackson;;32:23;3;9;2;2;3;3;0;5;5;3;1;1;1;3;11;
Reggie Jackson;G;26:35;5;13;1;5;2;2;2;2;4;6;1;0;3;0;13;
Reggie Jackson;;36:44;6;12;1;3;10;10;1;10;11;3;0;1;2;3;23;
Reggie Jackson;G;33:16;4;6;3;3;5;6;0;3;3;11;3;1;4;2;16;
Reggie Jackson;;41:25;5;11;0;4;1;1;0;5;5;8;1;0;2;5;11;
Reggie Jackson;;30:23;6;8;2;2;0;0;1;3;4;4;1;0;1;0;14;
Reggie Jackson;G;35:40;7;14;1;5;2;2;1;6;7;7;1;0;2;2;17;
Reggie Jackson;;33:15;3;8;1;3;4;4;1;6;7;2;1;0;1;3;11;
Reggie Jackson;G;24:57;5;11;2;3;1;2;1;3;4;5;1;0;0;0;13;
Reggie Jackson;;23:47;3;8;2;5;1;2;0;3;3;2;0;1;1;0;9;
Reggie Jackson;;23:50;3;8;1;2;4;4;0;4;4;8;1;1;1;3;11;
Reggie Jackson;;14:57;3;4;0;0;2;2;0;0;0;3;0;0;2;2;8;
Reggie Jackson;G;26:26;1;7;0;2;2;2;0;2;2;3;0;0;1;4;4;
Reggie Jackson;;26:42;6;11;3;7;0;0;1;4;5;2;2;0;0;1;15;
Reggie Jackson;G;32:14;5;11;2;4;2;2;0;2;2;3;5;0;3;2;14;
Reggie Jackson;G;23:49;3;9;0;5;2;2;0;3;3;4;1;0;7;2;8;
Reggie Jackson;;27:46;5;12;0;4;0;0;0;4;4;5;1;1;2;1;10;
Reggie Jackson;;11:47;1;4;0;0;0;0;0;1;1;5;0;0;1;0;2;
Reggie Jackson;;18:15;2;7;0;0;2;2;0;6;6;6;0;0;1;1;6;
Reggie Jackson;;28:00;6;10;0;1;0;0;0;7;7;4;2;0;2;2;12;
Reggie Jackson;;25:02;2;6;1;1;4;4;0;3;3;4;1;0;2;2;9;
Reggie Jackson;;22:22;5;9;0;1;2;2;1;4;5;3;0;0;3;0;12;
Reggie Jackson;;19:50;5;10;0;1;1;2;1;0;1;2;1;0;2;1;11;
Reggie Jackson;;23:44;4;11;2;6;4;4;2;5;7;2;1;0;2;1;14;
Reggie Jackson;;20:58;4;8;0;0;1;2;1;5;6;3;0;0;3;2;9;
Reggie Jackson;G;25:43;5;8;0;1;0;0;0;3;3;7;2;0;2;1;10;
Reggie Jackson;;26:11;10;14;1;2;2;2;1;3;4;2;1;0;2;0;23;
Reggie Jackson;;24:23;3;10;1;3;1;1;0;2;2;1;0;0;0;1;8;
Reggie Jackson;;23:36;8;11;1;3;1;1;0;5;5;4;0;0;2;0;18;
Reggie Jackson;;30:55;5;10;1;3;2;2;0;4;4;4;0;0;2;3;13;
Reggie Jackson;;28:40;4;11;2;2;2;2;0;2;2;1;0;1;0;1;12;
Reggie Jackson;;29:24;6;13;1;3;2;2;1;3;4;4;2;0;2;1;15;
Reggie Jackson;;26:28;6;11;1;2;2;2;0;4;4;3;1;0;2;3;15;
Reggie Jackson;;30:10;5;10;1;3;2;2;0;4;4;3;0;0;2;2;13;
Reggie Jackson;;22:55;6;10;1;4;4;4;0;3;3;2;0;0;1;2;17;
Reggie Jackson;;25:46;7;18;2;6;3;3;2;3;5;4;2;0;0;1;19;
Reggie Jackson;;22:35;4;10;0;2;2;2;0;4;4;5;0;0;0;0;10;
Reggie Jackson;;19:54;4;10;0;2;0;0;0;2;2;2;2;0;2;1;8;
Reggie Jackson;;27:35;8;12;2;2;0;0;0;5;5;2;0;0;6;1;18;
Reggie Jackson;;30:15;8;14;2;4;3;4;1;2;3;4;1;0;1;1;21;
Reggie Jackson;;21:17;1;11;0;5;4;4;0;4;4;5;1;0;3;0;6;
Reggie Jackson;;25:24;6;16;3;6;3;3;0;2;2;2;1;0;3;2;18;
Reggie Jackson;G;30:04;4;19;1;5;1;2;0;6;6;3;1;0;0;1;10;
Reggie Jackson;G;25:59;7;12;2;4;0;0;1;2;3;8;0;0;0;2;16;
Reggie Jackson;G;28:41;5;13;0;0;2;4;2;5;7;6;1;0;1;2;12;
