╔═══════════════╤═══════════════╗
║Name		│Reggie Evans	║
╟───────────────┼───────────────╢
║Number		│30		║
╟───────────────┼───────────────╢
║Position	│F		║
╟───────────────┼───────────────╢
║Height		│6-8		║
╟───────────────┼───────────────╢
║Weight		│245		║
╟───────────────┼───────────────╢
║Birth		│MAY 18, 1980	║
╟───────────────┼───────────────╢
║Age		│34		║
╟───────────────┼───────────────╢
║Exp		│11		║
╟───────────────┼───────────────╢
║School		│Iowa		║
╚═══════════════╧═══════════════╝
Reggie Evans;;11:24;0;0;0;0;1;4;0;1;1;1;1;0;2;1;1;
Reggie Evans;C;27:28;3;6;0;0;2;4;2;9;11;0;1;0;1;2;8;
Reggie Evans;;11:40;1;1;0;0;0;2;3;3;6;1;1;0;0;2;2;
Reggie Evans;;7:19;1;1;0;0;0;0;1;2;3;0;1;0;1;0;2;
Reggie Evans;;9:16;0;1;0;0;0;0;2;3;5;0;1;0;0;1;0;
Reggie Evans;;2:40;0;3;0;0;0;0;1;1;2;1;0;0;0;0;0;
Reggie Evans;;4:23;0;0;0;0;0;0;0;0;0;0;0;0;1;1;0;
Reggie Evans;;15:31;1;2;0;0;3;6;0;0;0;0;1;0;0;1;5;
Reggie Evans;;20:18;3;10;0;0;5;7;6;3;9;0;1;0;1;2;11;
Reggie Evans;;8:00;0;0;0;0;0;0;1;4;5;0;1;0;1;2;0;
Reggie Evans;;24:01;3;5;0;0;2;4;6;2;8;1;2;0;0;6;8;
Reggie Evans;;18:56;3;7;0;0;2;4;4;5;9;2;3;0;1;1;8;
Reggie Evans;;13:32;1;2;0;0;2;2;3;6;9;1;0;0;1;2;4;
Reggie Evans;;30:29;5;7;0;0;0;2;5;8;13;0;0;1;1;3;10;
Reggie Evans;;27:07;3;4;0;0;7;10;1;4;5;1;0;0;0;5;13;
Reggie Evans;;25:43;3;4;0;0;2;10;2;8;10;2;0;0;1;3;8;
Reggie Evans;;16:59;0;2;0;0;3;4;2;7;9;0;2;0;5;3;3;
Reggie Evans;F;22:19;3;6;0;0;0;0;4;4;8;0;3;0;2;3;6;
Reggie Evans;;3:05;1;1;0;0;0;0;0;0;0;0;0;0;0;0;2;
Reggie Evans;F;24:17;2;4;0;0;1;2;4;4;8;1;0;0;0;2;5;
Reggie Evans;F;18:35;4;6;0;0;0;0;1;4;5;1;1;0;2;1;8;
Reggie Evans;F;24:56;2;5;0;0;3;4;1;9;10;0;2;0;0;2;7;
Reggie Evans;F;20:51;1;3;0;0;0;2;3;4;7;0;0;0;0;3;2;
Reggie Evans;F;27:14;1;5;0;0;4;4;5;5;10;0;1;0;2;4;6;
Reggie Evans;F;16:02;1;2;0;0;0;0;0;1;1;1;0;0;0;1;2;
Reggie Evans;F;18:25;1;4;0;0;2;2;3;3;6;1;2;0;3;1;4;
Reggie Evans;F;29:07;3;5;0;0;0;1;4;14;18;1;2;0;2;5;6;
Reggie Evans;F;23:08;1;1;0;0;1;2;2;10;12;0;1;0;3;5;3;
Reggie Evans;F;17:06;1;3;0;0;1;2;1;1;2;0;1;0;0;2;3;
Reggie Evans;F;14:23;2;3;0;0;1;2;1;4;5;0;0;0;1;1;5;
Reggie Evans;F;18:07;1;2;0;0;0;0;0;2;2;1;0;0;1;3;2;
Reggie Evans;;22:51;2;4;0;0;0;0;3;6;9;3;2;0;4;4;4;
Reggie Evans;F;34:22;4;6;0;0;6;8;6;8;14;0;1;0;0;3;14;
Reggie Evans;;15:49;1;5;0;0;2;3;4;4;8;0;0;1;1;3;4;
Reggie Evans;;5:59;0;0;0;0;1;2;0;1;1;0;0;0;1;3;1;
Reggie Evans;;8:52;0;1;0;0;0;0;1;4;5;0;0;0;0;2;0;
Reggie Evans;;13:46;2;4;0;0;1;4;1;2;3;0;0;1;1;5;5;
Reggie Evans;;14:09;0;0;0;0;2;2;2;0;2;0;0;0;3;2;2;
Reggie Evans;;12:26;1;2;0;0;2;2;2;4;6;0;0;0;1;1;4;
Reggie Evans;;3:42;0;1;0;0;0;0;0;2;2;0;1;0;0;1;0;
Reggie Evans;F;21:45;1;2;0;0;0;0;2;9;11;0;0;0;1;4;2;
Reggie Evans;C;27:24;1;4;0;0;3;3;3;6;9;1;0;0;0;1;5;
Reggie Evans;C;16:50;0;1;0;0;0;0;0;3;3;0;0;0;0;2;0;
Reggie Evans;C;15:22;0;1;0;0;0;0;1;7;8;0;0;0;4;1;0;
Reggie Evans;;15:35;0;0;0;0;1;2;1;4;5;0;1;0;2;2;1;
Reggie Evans;;3:40;0;0;0;0;0;0;1;0;1;0;0;0;0;0;0;
Reggie Evans;;18:41;2;4;0;0;0;0;0;7;7;0;1;0;0;2;4;
Reggie Evans;;14:37;0;1;0;0;3;6;4;1;5;0;0;0;1;0;3;
Reggie Evans;;10:32;2;2;0;0;0;2;1;1;2;0;0;0;1;2;4;
Reggie Evans;C;10:40;1;2;0;0;1;2;1;1;2;1;0;0;3;1;3;
Reggie Evans;;6:03;0;1;0;0;0;0;1;2;3;0;0;0;0;2;0;
Reggie Evans;;20:15;1;1;0;0;3;6;6;7;13;0;2;0;1;3;5;
Reggie Evans;;20:24;1;2;0;0;3;4;5;8;13;0;1;0;1;5;5;
Reggie Evans;;12:48;1;1;0;0;2;4;2;1;3;0;0;0;1;2;4;
