╔═══════════════╤═══════════════╗
║Name		│Reggie Bullock	║
╟───────────────┼───────────────╢
║Number		│25		║
╟───────────────┼───────────────╢
║Position	│G		║
╟───────────────┼───────────────╢
║Height		│6-7		║
╟───────────────┼───────────────╢
║Weight		│205		║
╟───────────────┼───────────────╢
║Birth		│MAR 16, 1991	║
╟───────────────┼───────────────╢
║Age		│23		║
╟───────────────┼───────────────╢
║Exp		│R		║
╟───────────────┼───────────────╢
║School		│North Carolina	║
╚═══════════════╧═══════════════╝
Reggie Bullock;;2:16;0;0;0;0;0;0;0;1;1;0;0;0;0;1;0;
Reggie Bullock;;0:54;0;0;0;0;0;0;0;1;1;0;0;0;0;0;0;
Reggie Bullock;;7:54;1;3;0;0;0;0;1;0;1;0;0;0;1;1;2;
Reggie Bullock;;3:40;0;1;0;1;0;0;0;0;0;0;0;0;0;0;0;
Reggie Bullock;;1:30;1;1;0;0;0;0;0;0;0;0;0;0;0;0;2;
Reggie Bullock;;5:36;1;1;1;1;0;0;0;1;1;1;0;0;1;1;3;
Reggie Bullock;;7:11;1;3;0;2;0;0;1;0;1;1;0;0;0;0;2;
Reggie Bullock;;10:37;2;3;1;1;0;0;0;1;1;0;1;0;0;0;5;
Reggie Bullock;;4:52;1;1;1;1;0;0;0;0;0;0;0;0;0;0;3;
Reggie Bullock;;3:23;0;1;0;1;0;0;0;0;0;0;0;0;0;0;0;
Reggie Bullock;;12:28;0;4;0;4;0;0;0;0;0;1;1;0;1;2;0;
Reggie Bullock;;6:03;1;3;1;2;0;0;0;3;3;0;0;0;0;0;3;
Reggie Bullock;;5:06;0;2;0;1;0;0;0;0;0;0;0;0;0;0;0;
Reggie Bullock;;10:17;4;8;2;4;1;2;1;2;3;0;0;0;0;1;11;
Reggie Bullock;;7:15;1;4;1;3;0;0;0;2;2;0;0;0;0;0;3;
Reggie Bullock;;12:51;4;7;3;3;0;0;1;1;2;0;2;0;0;2;11;
Reggie Bullock;;26:25;5;9;2;3;2;2;0;3;3;0;1;0;0;0;14;
Reggie Bullock;;25:40;2;10;0;5;0;0;2;3;5;1;2;0;1;3;4;
Reggie Bullock;;7:20;0;2;0;2;0;0;1;0;1;0;0;0;1;1;0;
Reggie Bullock;;13:44;1;5;1;4;0;0;0;2;2;0;1;0;1;1;3;
Reggie Bullock;;4:31;0;1;0;1;0;0;0;0;0;0;0;0;0;0;0;
Reggie Bullock;;2:04;0;1;0;1;0;0;0;0;0;0;0;0;0;1;0;
Reggie Bullock;;10:17;1;4;1;3;0;0;0;1;1;2;0;0;0;0;3;
Reggie Bullock;;11:48;0;0;0;0;0;0;0;1;1;0;0;0;0;2;0;
Reggie Bullock;;0:32;0;0;0;0;0;0;0;0;0;0;0;0;0;0;0;
Reggie Bullock;;16:06;0;2;0;2;0;0;0;2;2;2;0;0;1;0;0;
Reggie Bullock;;1:05;1;1;0;0;0;0;0;0;0;0;0;0;0;0;2;
Reggie Bullock;;0:18;0;0;0;0;0;0;0;0;0;0;0;0;0;0;0;
Reggie Bullock;;4:07;0;2;0;1;0;0;0;0;0;1;0;0;0;0;0;
Reggie Bullock;;0:20;0;0;0;0;0;0;0;0;0;0;0;0;0;0;0;
Reggie Bullock;;9:03;0;3;0;3;0;0;1;2;3;0;0;0;0;1;0;
Reggie Bullock;;5:34;0;1;0;1;2;2;0;3;3;0;0;0;1;0;2;
Reggie Bullock;;3:15;0;1;0;1;0;0;0;1;1;0;0;1;1;0;0;
Reggie Bullock;;12:27;2;4;2;2;0;0;0;1;1;0;0;0;1;0;6;
Reggie Bullock;;17:17;2;6;1;5;0;0;1;1;2;0;0;0;0;2;5;
Reggie Bullock;;13:36;1;4;1;4;0;0;0;2;2;0;0;0;1;1;3;
Reggie Bullock;;26:05;3;6;0;2;0;0;1;3;4;1;0;0;0;2;6;
Reggie Bullock;;12:49;1;2;0;1;0;0;0;1;1;0;0;0;0;1;2;
Reggie Bullock;;12:03;0;4;0;3;1;2;1;0;1;0;0;0;0;0;1;
Reggie Bullock;;19:19;4;4;1;1;1;1;0;1;1;0;1;0;0;0;10;
Reggie Bullock;;9:56;0;0;0;0;0;0;0;2;2;1;0;0;0;0;0;
Reggie Bullock;;20:40;3;5;3;3;0;0;0;2;2;0;0;0;1;1;9;
Reggie Bullock;;7:20;0;2;0;1;0;0;0;0;0;1;0;0;1;2;0;
