╔═══════════════╤═══════════════════════╗
║Name		│Richard Jefferson	║
╟───────────────┼───────────────────────╢
║Number		│24			║
╟───────────────┼───────────────────────╢
║Position	│F			║
╟───────────────┼───────────────────────╢
║Height		│6-7			║
╟───────────────┼───────────────────────╢
║Weight		│234			║
╟───────────────┼───────────────────────╢
║Birth		│JUN 21, 1980		║
╟───────────────┼───────────────────────╢
║Age		│34			║
╟───────────────┼───────────────────────╢
║Exp		│12			║
╟───────────────┼───────────────────────╢
║School		│Arizona		║
╚═══════════════╧═══════════════════════╝
Richard Jefferson;F;25:14;1;3;0;2;2;2;0;2;2;1;0;0;2;2;4;
Richard Jefferson;F;33:30;4;11;3;7;5;8;0;5;5;3;1;0;1;1;16;
Richard Jefferson;F;29:04;3;6;2;5;2;2;0;1;1;4;0;1;0;4;10;
Richard Jefferson;F;30:04;6;11;3;4;3;5;0;1;1;4;0;0;2;2;18;
Richard Jefferson;F;34:10;5;9;3;6;3;4;1;2;3;2;1;0;0;2;16;
Richard Jefferson;F;31:54;5;10;2;3;3;5;0;4;4;5;2;0;0;1;15;
Richard Jefferson;F;27:21;5;9;3;6;0;0;0;3;3;1;1;0;1;2;13;
Richard Jefferson;F;22:18;1;6;0;2;0;0;0;4;4;2;2;0;3;0;2;
Richard Jefferson;F;17:45;2;5;0;2;0;0;0;2;2;1;1;0;1;3;4;
Richard Jefferson;F;16:60;2;7;1;3;0;0;0;3;3;0;1;0;2;1;5;
Richard Jefferson;F;22:59;2;5;2;3;1;2;1;1;2;2;1;0;0;3;7;
Richard Jefferson;F;27:45;2;8;1;4;0;0;0;5;5;0;0;0;1;3;5;
Richard Jefferson;F;30:23;6;10;4;6;3;4;1;3;4;1;1;1;2;2;19;
Richard Jefferson;F;20:23;2;6;1;2;0;0;0;2;2;1;0;0;0;1;5;
Richard Jefferson;F;26:40;4;6;1;3;1;1;0;3;3;4;1;0;2;1;10;
Richard Jefferson;F;28:21;5;10;1;4;3;3;0;4;4;2;1;0;1;2;14;
Richard Jefferson;F;19:53;0;4;0;2;2;2;0;1;1;2;0;0;0;0;2;
Richard Jefferson;F;30:38;6;10;0;2;0;0;0;1;1;1;3;0;3;1;12;
Richard Jefferson;F;27:50;3;7;2;3;0;0;0;2;2;1;0;0;1;3;8;
Richard Jefferson;F;28:51;3;10;2;6;0;0;0;3;3;0;1;0;0;2;8;
Richard Jefferson;F;28:40;5;10;0;4;4;4;0;2;2;0;1;0;0;3;14;
Richard Jefferson;F;30:17;3;6;1;3;3;5;1;5;6;4;2;0;1;4;10;
Richard Jefferson;F;24:57;6;8;2;3;3;4;0;3;3;1;1;0;0;1;17;
Richard Jefferson;F;33:11;4;9;4;7;1;2;1;3;4;0;0;0;1;4;13;
Richard Jefferson;F;20:17;1;2;0;0;0;0;0;1;1;0;0;0;3;5;2;
Richard Jefferson;F;23:12;3;7;1;3;0;0;0;1;1;2;2;0;2;2;7;
Richard Jefferson;F;21:59;3;7;2;4;0;0;0;1;1;3;0;0;0;0;8;
Richard Jefferson;F;27:02;5;9;2;5;0;0;0;1;1;1;2;0;3;4;12;
Richard Jefferson;F;17:59;3;7;2;3;0;0;0;1;1;0;1;0;1;3;8;
Richard Jefferson;F;31:25;6;9;3;4;0;0;0;2;2;2;0;0;1;2;15;
Richard Jefferson;F;29:26;4;12;1;5;3;4;0;3;3;1;0;0;2;0;12;
Richard Jefferson;F;36:25;6;12;1;4;1;1;0;3;3;1;0;0;0;2;14;
Richard Jefferson;F;28:58;3;9;2;3;0;0;0;2;2;0;0;1;0;4;8;
Richard Jefferson;F;23:02;2;7;1;5;3;3;1;1;2;1;0;0;0;3;8;
Richard Jefferson;F;27:34;4;5;1;1;0;0;0;1;1;0;0;0;1;1;9;
Richard Jefferson;F;38:53;6;12;5;8;4;5;0;3;3;2;2;0;2;1;21;
Richard Jefferson;F;27:31;4;9;3;8;1;2;0;2;2;0;1;0;1;4;12;
Richard Jefferson;F;30:11;4;6;3;5;4;6;1;3;4;4;0;0;0;1;15;
Richard Jefferson;F;41:25;3;8;1;5;2;3;0;6;6;4;1;0;0;3;9;
Richard Jefferson;F;29:59;6;12;3;6;2;2;0;2;2;0;0;0;1;0;17;
Richard Jefferson;F;28:00;5;9;1;3;0;0;0;2;2;3;0;0;0;2;11;
Richard Jefferson;F;19:12;3;5;1;3;0;0;0;2;2;0;0;1;1;4;7;
Richard Jefferson;F;20:24;1;2;0;1;0;2;0;1;1;1;2;1;1;3;2;
Richard Jefferson;F;26:17;6;17;2;8;1;3;0;1;1;1;0;0;1;1;15;
Richard Jefferson;;21:21;3;4;0;1;2;2;0;4;4;2;0;0;1;1;8;
Richard Jefferson;;25:52;3;8;0;1;1;2;0;0;0;1;2;0;1;3;7;
Richard Jefferson;;21:09;2;6;1;3;0;0;0;1;1;0;1;0;0;2;5;
Richard Jefferson;;21:39;4;11;1;7;0;2;1;1;2;2;1;0;0;2;9;
Richard Jefferson;F;19:40;4;9;2;5;0;1;0;3;3;0;0;2;2;3;10;
Richard Jefferson;F;21:31;1;6;1;4;4;6;2;2;4;2;0;0;0;2;7;
Richard Jefferson;F;27:06;5;11;2;5;6;6;1;4;5;0;0;0;3;3;18;
Richard Jefferson;F;23:18;1;7;0;4;0;0;0;3;3;2;0;0;3;3;2;
Richard Jefferson;F;31:58;5;12;0;3;3;4;0;2;2;3;5;0;2;3;13;
Richard Jefferson;F;27:57;3;12;1;4;1;2;1;0;1;0;2;0;2;3;8;
Richard Jefferson;F;25:24;3;8;0;3;0;0;0;2;2;0;0;0;1;0;6;
Richard Jefferson;F;25:00;2;10;0;4;2;4;0;3;3;1;1;0;1;3;6;
Richard Jefferson;F;31:56;7;11;3;4;5;6;0;3;3;4;0;0;1;3;22;
Richard Jefferson;F;43:16;5;9;3;5;1;2;0;3;3;1;2;0;5;5;14;
Richard Jefferson;F;33:41;4;10;2;5;2;2;0;2;2;5;1;1;1;0;12;
Richard Jefferson;F;31:40;2;9;1;2;0;0;0;1;1;2;0;0;1;2;5;
Richard Jefferson;F;41:15;4;10;3;6;2;2;1;4;5;3;0;1;0;4;13;
Richard Jefferson;F;28:21;3;8;1;4;0;0;0;3;3;3;0;0;2;0;7;
Richard Jefferson;F;23:18;3;6;2;4;0;0;0;1;1;1;0;0;1;1;8;
Richard Jefferson;F;37:58;5;8;2;2;3;3;1;2;3;1;0;1;3;2;15;
Richard Jefferson;F;23:29;2;5;0;3;2;2;1;1;2;3;0;0;2;1;6;
Richard Jefferson;F;30:51;6;11;1;3;2;2;0;5;5;3;0;0;2;1;15;
Richard Jefferson;F;22:13;1;4;1;1;0;0;0;2;2;2;0;0;2;3;3;
Richard Jefferson;F;21:04;2;6;0;2;0;0;0;1;1;1;1;0;1;2;4;
Richard Jefferson;F;16:15;1;2;0;0;1;1;0;4;4;1;1;0;0;0;3;
Richard Jefferson;F;29:59;5;11;3;5;0;0;1;5;6;1;0;0;2;4;13;
Richard Jefferson;F;32:49;4;10;0;2;5;6;2;4;6;1;1;0;3;2;13;
Richard Jefferson;F;21:13;7;9;3;4;3;4;0;1;1;3;1;0;0;0;20;
Richard Jefferson;F;26:41;5;6;3;3;1;1;0;2;2;1;0;1;2;3;14;
Richard Jefferson;F;24:10;3;5;1;1;1;1;0;4;4;1;0;1;0;0;8;
Richard Jefferson;F;11:35;1;5;1;2;0;0;0;0;0;0;1;0;1;3;3;
Richard Jefferson;F;14:32;1;3;1;2;0;0;0;3;3;1;1;0;0;2;3;
Richard Jefferson;F;17:30;3;4;0;1;2;2;0;2;2;3;1;0;0;1;8;
Richard Jefferson;F;20:49;5;10;2;4;1;2;0;3;3;0;0;0;1;2;13;
Richard Jefferson;F;36:12;6;12;3;4;3;4;0;6;6;1;0;0;2;0;18;
Richard Jefferson;F;23:30;2;7;1;2;2;2;0;3;3;2;1;1;0;1;7;
Richard Jefferson;F;33:01;4;6;3;4;4;5;0;2;2;3;1;0;2;1;15;
Richard Jefferson;F;40:09;3;10;2;6;1;2;0;5;5;2;0;1;0;3;9;
