╔═══════════════╤═══════════════╗
║Name		│Ricky Ledo	║
╟───────────────┼───────────────╢
║Number		│7		║
╟───────────────┼───────────────╢
║Position	│G		║
╟───────────────┼───────────────╢
║Height		│6-7		║
╟───────────────┼───────────────╢
║Weight		│195		║
╟───────────────┼───────────────╢
║Birth		│SEP 10, 1992	║
╟───────────────┼───────────────╢
║Age		│21		║
╟───────────────┼───────────────╢
║Exp		│R		║
╟───────────────┼───────────────╢
║School		│Providence	║
╚═══════════════╧═══════════════╝
Ricky Ledo;;4:25;2;2;1;1;0;0;0;0;0;0;0;0;0;0;5;
Ricky Ledo;;9:08;1;3;0;1;0;0;0;0;0;1;1;0;0;0;2;
Ricky Ledo;;2:06;0;0;0;0;0;0;0;0;0;0;0;0;0;1;0;
Ricky Ledo;;1:29;1;2;1;2;2;2;0;0;0;0;0;0;0;0;5;
Ricky Ledo;;0:24;0;0;0;0;0;0;0;0;0;0;0;0;0;0;0;
Ricky Ledo;;4:22;1;3;1;1;0;0;0;0;0;1;0;0;1;1;3;
Ricky Ledo;;6:33;0;2;0;1;2;2;0;0;0;0;0;0;1;0;2;
Ricky Ledo;;1:32;0;2;0;1;0;0;0;0;0;0;0;0;0;0;0;
Ricky Ledo;;1:19;0;1;0;1;0;0;0;0;0;0;0;0;0;0;0;
Ricky Ledo;;0:12;1;1;0;0;0;0;0;0;0;0;0;0;0;0;2;
Ricky Ledo;;1:41;0;1;0;0;0;0;0;2;2;0;0;0;0;0;0;
