╔═══════════════╤═══════════════════════╗
║Name		│Ricky Rubio		║
╟───────────────┼───────────────────────╢
║Number		│9			║
╟───────────────┼───────────────────────╢
║Position	│G			║
╟───────────────┼───────────────────────╢
║Height		│6-4			║
╟───────────────┼───────────────────────╢
║Weight		│185			║
╟───────────────┼───────────────────────╢
║Birth		│OCT 21, 1990		║
╟───────────────┼───────────────────────╢
║Age		│23			║
╟───────────────┼───────────────────────╢
║Exp		│2			║
╟───────────────┼───────────────────────╢
║School		│El Masnou, Spain	║
╚═══════════════╧═══════════════════════╝
Ricky Rubio;G;32:56;4;6;1;1;5;6;1;7;8;9;3;2;3;1;14;
Ricky Rubio;G;33:48;4;13;0;2;5;6;0;4;4;10;5;0;2;4;13;
Ricky Rubio;G;24:51;2;8;0;0;0;0;0;3;3;8;1;0;1;1;4;
Ricky Rubio;G;34:55;2;6;0;0;3;4;0;8;8;8;0;0;2;5;7;
Ricky Rubio;G;25:32;3;10;2;3;0;0;2;1;3;6;0;0;3;2;8;
Ricky Rubio;G;30:26;3;8;1;2;0;0;1;3;4;8;2;1;2;2;7;
Ricky Rubio;G;24:23;2;6;1;2;0;0;0;2;2;5;3;0;5;2;5;
Ricky Rubio;G;22:58;2;6;0;1;2;2;0;4;4;4;2;0;0;0;6;
Ricky Rubio;G;26:00;2;6;1;1;1;2;1;7;8;9;1;0;2;2;6;
Ricky Rubio;G;39:05;3;5;1;2;4;4;2;3;5;13;5;0;1;3;11;
Ricky Rubio;G;33:26;4;7;0;1;1;2;1;0;1;12;4;0;4;5;9;
Ricky Rubio;G;37:09;4;8;0;2;2;2;1;2;3;11;2;0;1;4;10;
Ricky Rubio;G;30:24;3;8;0;1;3;4;1;5;6;4;2;0;3;1;9;
Ricky Rubio;G;24:19;1;4;0;1;3;3;1;2;3;6;1;0;2;4;5;
Ricky Rubio;G;27:29;2;7;0;1;2;2;0;3;3;8;1;0;4;2;6;
Ricky Rubio;G;31:36;1;3;0;1;3;4;0;4;4;11;5;0;3;6;5;
Ricky Rubio;G;31:01;1;4;0;0;2;2;1;5;6;13;1;0;2;3;4;
Ricky Rubio;G;33:07;6;12;1;3;6;11;1;7;8;5;0;0;4;0;19;
Ricky Rubio;G;32:40;3;10;1;2;4;4;1;4;5;6;1;1;3;2;11;
Ricky Rubio;G;38:49;8;19;2;4;7;8;0;2;2;9;1;0;3;5;25;
Ricky Rubio;G;29:58;2;10;1;4;2;2;2;5;7;9;1;1;3;3;7;
Ricky Rubio;G;32:48;4;6;0;0;3;4;1;0;1;12;7;0;1;2;11;
Ricky Rubio;G;32:57;2;10;0;0;2;6;1;6;7;17;2;0;2;1;6;
Ricky Rubio;G;27:23;5;7;1;1;4;5;3;3;6;7;0;0;4;2;15;
Ricky Rubio;G;22:58;2;6;0;1;1;1;1;0;1;11;1;0;3;0;5;
Ricky Rubio;G;35:29;3;8;0;1;1;1;0;3;3;11;3;0;2;3;7;
Ricky Rubio;G;32:28;2;4;1;2;3;4;1;1;2;8;1;0;2;4;8;
Ricky Rubio;G;26:19;1;2;0;0;3;4;1;4;5;5;1;0;4;5;5;
Ricky Rubio;G;32:19;4;6;0;0;3;3;3;3;6;8;2;0;6;4;11;
Ricky Rubio;G;35:52;2;6;1;3;6;8;1;7;8;10;3;0;3;2;11;
Ricky Rubio;G;25:59;3;8;0;0;2;2;1;0;1;7;2;0;0;6;8;
Ricky Rubio;G;32:38;3;4;1;1;4;4;1;1;2;10;3;0;1;5;11;
Ricky Rubio;G;32:10;1;6;0;1;4;4;0;3;3;9;2;0;3;0;6;
Ricky Rubio;G;33:47;3;8;1;1;5;7;0;5;5;9;3;0;1;4;12;
Ricky Rubio;G;49:08;8;12;0;1;6;7;1;9;10;15;4;1;3;2;22;
Ricky Rubio;G;25:24;2;6;1;2;0;0;0;2;2;8;0;0;2;1;5;
Ricky Rubio;G;43:56;7;12;2;4;3;5;1;3;4;9;3;0;2;4;19;
Ricky Rubio;G;31:40;1;8;0;4;4;4;1;1;2;4;3;1;1;3;6;
Ricky Rubio;G;31:01;1;6;0;1;2;4;0;1;1;10;6;0;2;3;4;
Ricky Rubio;G;26:18;4;5;0;0;2;3;0;6;6;6;1;0;2;0;10;
Ricky Rubio;G;30:51;2;7;0;1;3;4;1;3;4;12;2;0;3;4;7;
Ricky Rubio;G;27:39;1;6;1;2;0;0;1;1;2;7;1;0;5;1;3;
Ricky Rubio;G;33:26;5;11;1;2;3;4;1;2;3;7;3;0;2;3;14;
Ricky Rubio;G;41:24;4;8;1;3;2;3;0;5;5;13;2;0;4;1;11;
Ricky Rubio;G;33:15;7;18;0;3;4;5;0;1;1;10;3;0;3;2;18;
Ricky Rubio;G;34:05;10;17;0;1;3;4;0;2;2;7;1;0;2;2;23;
Ricky Rubio;G;32:28;5;14;1;2;4;4;0;1;1;6;0;0;0;1;15;
Ricky Rubio;G;39:57;5;16;0;1;6;11;0;5;5;10;1;0;6;5;16;
Ricky Rubio;G;32:18;0;4;0;1;0;0;0;1;1;11;0;0;2;1;0;
Ricky Rubio;G;32:09;4;7;0;0;7;9;0;1;1;8;1;0;7;4;15;
Ricky Rubio;G;40:29;4;13;1;4;5;5;0;2;2;6;1;0;2;4;14;
Ricky Rubio;G;40:07;5;15;1;3;2;2;2;4;6;11;3;1;4;3;13;
Ricky Rubio;G;28:39;4;8;2;3;4;4;1;1;2;10;5;0;1;2;14;
Ricky Rubio;G;40:30;3;11;0;3;2;2;1;5;6;10;3;0;4;3;8;
Ricky Rubio;G;25:36;0;7;0;3;4;4;0;1;1;5;5;1;2;1;4;
Ricky Rubio;G;32:59;2;8;0;1;3;5;1;3;4;7;1;0;4;3;7;
Ricky Rubio;G;34:36;2;8;0;0;2;2;0;3;3;4;3;0;3;1;6;
Ricky Rubio;G;38:00;5;9;2;2;0;0;1;9;10;14;5;0;5;1;12;
Ricky Rubio;G;33:39;2;6;1;1;0;0;0;1;1;10;2;0;3;5;5;
Ricky Rubio;G;30:39;5;7;1;1;5;5;1;5;6;16;3;0;3;1;16;
Ricky Rubio;G;34:39;0;5;0;0;0;0;2;6;8;12;3;0;5;5;0;
Ricky Rubio;G;31:31;1;5;0;1;1;2;1;5;6;7;1;0;2;4;3;
Ricky Rubio;G;19:19;3;5;1;1;3;4;1;3;4;2;0;0;3;3;10;
Ricky Rubio;G;35:26;2;7;1;2;0;0;1;1;2;6;4;0;1;3;5;
Ricky Rubio;G;24:43;4;8;2;3;2;2;0;2;2;8;3;0;2;3;12;
Ricky Rubio;G;34:42;3;9;1;2;0;0;1;4;5;8;4;1;3;2;7;
Ricky Rubio;G;35:50;3;9;0;2;1;2;2;7;9;7;5;0;2;3;7;
Ricky Rubio;G;41:53;6;12;0;1;5;6;1;4;5;11;2;0;7;4;17;
Ricky Rubio;G;32:19;4;12;1;5;3;3;0;2;2;7;2;0;1;0;12;
Ricky Rubio;G;29:22;4;6;0;2;0;0;0;4;4;7;2;0;3;2;8;
Ricky Rubio;G;27:16;0;4;0;1;1;2;0;5;5;6;3;0;6;0;1;
Ricky Rubio;G;28:15;5;9;1;2;4;4;1;3;4;9;2;0;0;3;15;
Ricky Rubio;G;35:38;5;12;2;3;9;10;1;4;5;7;4;0;3;4;21;
Ricky Rubio;G;36:25;5;13;0;2;5;6;0;4;4;9;4;1;5;2;15;
Ricky Rubio;G;33:58;3;9;2;3;4;5;0;2;2;4;2;0;3;3;12;
Ricky Rubio;G;21:32;2;12;1;3;1;2;2;3;5;3;2;0;0;3;6;
Ricky Rubio;G;32:25;2;11;0;2;5;6;0;5;5;7;2;0;2;4;9;
Ricky Rubio;G;31:03;3;8;0;1;0;0;1;5;6;7;1;0;3;3;6;
Ricky Rubio;G;38:40;0;4;0;1;0;0;0;2;2;12;0;0;3;2;0;
Ricky Rubio;G;26:35;2;5;0;0;7;8;3;5;8;9;3;0;0;1;11;
Ricky Rubio;G;27:19;1;5;0;1;2;2;0;2;2;8;6;0;3;3;4;
Ricky Rubio;G;30:58;1;3;0;1;2;2;1;8;9;13;3;0;2;3;4;
