╔═══════════════╤═══════════════╗
║Name		│Robbie Hummel	║
╟───────────────┼───────────────╢
║Number		│6		║
╟───────────────┼───────────────╢
║Position	│F		║
╟───────────────┼───────────────╢
║Height		│6-8		║
╟───────────────┼───────────────╢
║Weight		│220		║
╟───────────────┼───────────────╢
║Birth		│MAR 08, 1989	║
╟───────────────┼───────────────╢
║Age		│25		║
╟───────────────┼───────────────╢
║Exp		│R		║
╟───────────────┼───────────────╢
║School		│Purdue		║
╚═══════════════╧═══════════════╝
Robbie Hummel;;4:24;0;2;0;1;0;0;0;0;0;0;0;0;0;0;0;
Robbie Hummel;;7:17;0;1;0;0;0;0;1;1;2;0;0;0;0;1;0;
Robbie Hummel;;20:13;1;5;1;3;0;0;3;5;8;1;1;0;0;2;3;
Robbie Hummel;;17:16;2;5;1;3;0;0;0;1;1;1;0;1;0;0;5;
Robbie Hummel;;5:28;0;0;0;0;0;0;1;1;2;0;0;0;1;0;0;
Robbie Hummel;;6:13;0;2;0;0;0;0;0;2;2;0;0;0;0;2;0;
Robbie Hummel;;0:50;0;0;0;0;0;0;0;0;0;0;0;0;0;0;0;
Robbie Hummel;;7:58;1;4;1;2;0;0;0;1;1;0;0;0;0;1;3;
Robbie Hummel;;14:29;1;3;0;2;0;0;2;6;8;0;0;0;2;1;2;
Robbie Hummel;;5:03;0;2;0;2;0;0;0;0;0;0;0;0;0;1;0;
Robbie Hummel;;1:46;0;1;0;0;0;0;0;0;0;0;0;0;0;0;0;
Robbie Hummel;;2:03;0;0;0;0;0;0;0;2;2;0;0;0;0;0;0;
Robbie Hummel;;9:59;2;4;0;1;2;2;0;0;0;0;1;0;0;2;6;
Robbie Hummel;;21:25;2;6;2;5;0;0;0;4;4;0;0;0;0;2;6;
Robbie Hummel;;9:39;1;2;1;1;0;0;0;1;1;0;0;0;0;2;3;
Robbie Hummel;;4:39;2;2;2;2;0;0;0;1;1;0;0;0;0;0;6;
Robbie Hummel;;12:00;3;6;2;3;1;2;0;0;0;1;1;0;0;3;9;
Robbie Hummel;;9:24;0;0;0;0;0;0;0;1;1;0;0;0;0;0;0;
Robbie Hummel;;2:44;0;1;0;0;0;0;0;0;0;0;0;0;0;0;0;
Robbie Hummel;;23:02;4;8;3;4;0;0;0;2;2;3;1;0;1;3;11;
Robbie Hummel;;1:33;0;0;0;0;0;0;0;0;0;0;0;0;0;0;0;
Robbie Hummel;;13:16;1;4;1;3;0;0;1;1;2;1;1;0;1;1;3;
Robbie Hummel;;33:16;4;10;0;3;4;4;1;5;6;2;1;0;1;2;12;
Robbie Hummel;G;35:13;4;10;1;4;0;0;3;4;7;0;1;0;1;2;9;
Robbie Hummel;F;31:37;3;6;0;1;1;1;2;3;5;0;0;0;0;1;7;
Robbie Hummel;F;29:27;2;8;1;3;0;0;1;1;2;3;1;0;0;2;5;
Robbie Hummel;;16:58;1;3;1;2;0;0;1;0;1;1;0;0;0;3;3;
Robbie Hummel;;6:44;1;2;1;1;0;0;0;2;2;1;0;0;0;0;3;
Robbie Hummel;;26:55;3;5;2;2;2;2;2;7;9;1;1;0;0;2;10;
Robbie Hummel;;6:55;0;3;0;1;0;0;0;2;2;0;1;0;0;2;0;
Robbie Hummel;;1:27;0;0;0;0;0;0;0;0;0;0;0;0;0;0;0;
Robbie Hummel;;10:57;1;3;0;2;0;0;0;0;0;0;0;0;0;1;2;
Robbie Hummel;;2:22;1;1;0;0;0;0;1;1;2;0;0;0;1;0;2;
Robbie Hummel;F;28:12;4;6;2;4;0;0;0;4;4;1;0;0;0;3;10;
Robbie Hummel;;13:21;0;2;0;2;0;0;1;2;3;1;1;0;0;0;0;
Robbie Hummel;;20:27;3;7;2;5;0;0;1;4;5;1;0;1;0;4;8;
Robbie Hummel;;22:24;2;3;2;2;1;1;0;6;6;1;0;0;0;1;7;
Robbie Hummel;;13:52;1;5;0;3;2;2;1;4;5;0;1;0;1;2;4;
Robbie Hummel;;23:29;2;9;1;8;0;0;0;4;4;1;1;0;0;2;5;
Robbie Hummel;;8:09;0;2;0;1;0;0;2;1;3;1;0;0;0;1;0;
Robbie Hummel;;10:47;0;1;0;0;0;0;2;1;3;0;2;0;0;3;0;
Robbie Hummel;;1:53;0;1;0;0;0;0;0;0;0;0;0;0;1;2;0;
Robbie Hummel;;0:47;0;0;0;0;0;0;1;0;1;0;0;0;0;0;0;
Robbie Hummel;;12:25;2;3;2;2;2;2;1;2;3;0;0;0;0;1;8;
Robbie Hummel;;10:15;4;6;0;0;0;0;2;1;3;0;0;0;0;1;8;
Robbie Hummel;;11:39;4;6;2;3;0;0;0;3;3;0;0;0;0;0;10;
Robbie Hummel;;6:52;0;2;0;1;0;0;0;1;1;0;0;0;0;0;0;
Robbie Hummel;;17:55;1;3;1;2;0;0;1;5;6;2;0;0;0;0;3;
Robbie Hummel;F;19:09;1;4;0;1;0;0;2;2;4;0;0;0;0;1;2;
Robbie Hummel;;12:54;1;4;0;2;0;0;2;2;4;0;0;0;0;0;2;
Robbie Hummel;;2:05;1;1;0;0;0;0;0;1;1;0;0;0;0;0;2;
Robbie Hummel;;5:18;1;1;0;0;0;0;0;0;0;0;0;0;0;0;2;
Robbie Hummel;;5:42;0;2;0;2;0;0;0;0;0;0;0;0;0;0;0;
