╔═══════════════╤═══════════════╗
║Name		│Robert Sacre	║
╟───────────────┼───────────────╢
║Number		│50		║
╟───────────────┼───────────────╢
║Position	│C		║
╟───────────────┼───────────────╢
║Height		│7-0		║
╟───────────────┼───────────────╢
║Weight		│260		║
╟───────────────┼───────────────╢
║Birth		│JUN 06, 1989	║
╟───────────────┼───────────────╢
║Age		│25		║
╟───────────────┼───────────────╢
║Exp		│1		║
╟───────────────┼───────────────╢
║School		│Gonzaga	║
╚═══════════════╧═══════════════╝
Robert Sacre;C;31:16;2;6;0;0;0;0;3;7;10;0;0;1;0;5;4;
Robert Sacre;C;26:52;6;6;0;0;3;5;1;4;5;0;2;0;1;2;15;
Robert Sacre;C;27:36;3;9;0;0;1;2;2;8;10;0;1;0;2;1;7;
Robert Sacre;C;13:40;0;1;0;0;0;0;0;3;3;0;0;2;0;3;0;
Robert Sacre;C;18:21;5;8;0;0;4;6;3;4;7;0;1;0;2;2;14;
Robert Sacre;C;10:37;2;2;0;0;0;0;0;0;0;0;0;0;0;2;4;
Robert Sacre;;6:00;1;2;0;0;1;2;2;0;2;0;0;0;0;0;3;
Robert Sacre;;5:51;1;4;0;0;0;0;0;1;1;0;0;0;0;1;2;
Robert Sacre;;15:33;2;5;0;0;0;0;1;0;1;1;1;3;1;1;4;
Robert Sacre;;10:28;2;4;0;0;0;0;1;0;1;0;0;0;0;2;4;
Robert Sacre;;10:44;0;1;0;0;0;0;0;0;0;0;1;1;1;4;0;
Robert Sacre;;5:36;0;3;0;0;0;0;0;2;2;0;0;0;0;1;0;
Robert Sacre;;12:12;0;2;0;0;0;0;0;2;2;1;0;0;0;4;0;
Robert Sacre;;14:50;2;5;0;0;2;2;3;2;5;1;0;0;0;3;6;
Robert Sacre;C;30:54;5;8;0;0;4;4;2;2;4;1;1;1;0;4;14;
Robert Sacre;C;27:18;5;8;0;0;0;2;1;2;3;0;0;1;0;6;10;
Robert Sacre;C;22:47;2;9;0;0;1;2;1;3;4;3;1;1;4;2;5;
Robert Sacre;C;20:20;1;6;0;0;0;0;1;3;4;0;0;0;0;3;2;
Robert Sacre;;9:26;2;4;0;0;0;0;1;2;3;0;0;1;1;1;4;
Robert Sacre;;11:16;3;4;0;0;0;0;1;3;4;2;1;0;4;3;6;
Robert Sacre;;24:09;2;6;0;0;0;0;1;5;6;1;1;1;0;1;4;
Robert Sacre;;6:12;1;2;0;0;1;2;1;2;3;0;0;1;0;1;3;
Robert Sacre;;6:42;1;2;0;0;0;0;1;3;4;0;0;1;1;0;2;
Robert Sacre;;5:11;0;0;0;0;0;0;0;0;0;0;0;1;0;3;0;
Robert Sacre;;14:12;3;5;0;0;2;2;2;2;4;0;1;0;1;5;8;
Robert Sacre;;15:46;4;7;0;0;1;2;4;1;5;0;1;1;2;4;9;
Robert Sacre;;22:47;4;7;0;0;0;0;1;2;3;1;0;0;2;2;8;
Robert Sacre;;17:31;3;6;0;0;2;4;4;4;8;1;0;1;0;1;8;
Robert Sacre;;9:24;1;2;0;0;0;0;0;3;3;0;0;1;1;0;2;
Robert Sacre;;21:40;1;2;0;0;1;2;2;2;4;0;0;1;1;3;3;
Robert Sacre;;21:49;3;6;0;0;2;2;2;4;6;1;0;0;1;3;8;
Robert Sacre;;26:02;3;7;0;0;1;2;2;9;11;0;1;1;0;2;7;
Robert Sacre;C;17:35;5;8;0;0;1;1;0;2;2;2;0;0;2;0;11;
Robert Sacre;;22:36;1;4;0;0;0;1;1;5;6;0;0;1;2;2;2;
Robert Sacre;;25:20;4;4;0;0;0;0;2;3;5;4;0;0;0;3;8;
Robert Sacre;;26:33;3;5;0;0;2;2;1;6;7;3;2;0;0;3;8;
Robert Sacre;;30:34;6;11;0;0;2;4;6;1;7;1;0;0;0;4;14;
Robert Sacre;;15:58;3;5;0;0;0;0;0;3;3;0;1;0;1;3;6;
Robert Sacre;;18:28;1;3;0;0;1;2;1;5;6;1;0;2;0;0;3;
Robert Sacre;;19:14;3;7;0;0;2;2;1;0;1;3;0;0;0;1;8;
Robert Sacre;;16:59;1;6;0;0;5;6;2;2;4;0;0;0;1;1;7;
Robert Sacre;;29:06;3;8;0;0;3;4;4;6;10;4;0;0;0;1;9;
Robert Sacre;;19:34;2;6;0;0;2;2;1;5;6;0;0;1;1;6;6;
Robert Sacre;;18:55;1;2;0;0;2;2;1;6;7;3;0;1;2;1;4;
Robert Sacre;;30:46;4;8;0;0;1;2;0;2;2;2;3;1;2;2;9;
Robert Sacre;;29:05;6;8;0;0;0;0;2;7;9;0;1;1;0;2;12;
Robert Sacre;;23:55;4;10;0;0;2;2;1;2;3;1;0;0;0;5;10;
Robert Sacre;;7:36;1;1;0;0;0;0;0;1;1;0;0;1;1;0;2;
Robert Sacre;;4:44;0;3;0;0;1;2;1;0;1;1;0;0;0;0;1;
Robert Sacre;;5:42;0;2;0;0;1;2;1;3;4;1;0;1;1;2;1;
Robert Sacre;;7:42;1;2;0;0;0;0;0;1;1;0;0;1;0;0;2;
Robert Sacre;;13:11;1;1;0;0;2;4;0;1;1;0;0;1;1;1;4;
Robert Sacre;;23:30;5;8;0;0;2;2;3;4;7;4;2;3;0;0;12;
Robert Sacre;C;16:38;5;7;0;0;1;2;3;2;5;1;0;2;0;4;11;
Robert Sacre;C;9:55;1;3;0;0;0;0;0;1;1;0;0;0;0;2;2;
Robert Sacre;;16:53;1;3;0;0;0;0;4;4;8;2;0;1;1;1;2;
Robert Sacre;;15:46;2;5;0;0;0;0;1;1;2;0;1;0;0;3;4;
Robert Sacre;;15:50;3;4;0;0;0;0;0;0;0;1;0;1;0;2;6;
Robert Sacre;;18:07;0;1;0;0;5;6;0;3;3;0;1;3;0;3;5;
Robert Sacre;;11:10;1;3;0;0;0;0;0;3;3;1;0;2;0;2;2;
Robert Sacre;;19:40;2;4;0;0;1;2;1;3;4;1;0;2;1;0;5;
Robert Sacre;;9:18;1;3;0;0;1;2;1;1;2;0;0;0;1;1;3;
Robert Sacre;;9:02;0;2;0;0;0;0;0;1;1;0;0;0;0;1;0;
Robert Sacre;;11:28;2;4;0;0;1;1;1;2;3;2;0;1;0;1;5;
Robert Sacre;;4:55;0;0;0;0;0;0;0;1;1;0;0;1;2;2;0;
