╔═══════════════╤═══════════════╗
║Name		│Robin Lopez	║
╟───────────────┼───────────────╢
║Number		│42		║
╟───────────────┼───────────────╢
║Position	│C		║
╟───────────────┼───────────────╢
║Height		│7-0		║
╟───────────────┼───────────────╢
║Weight		│255		║
╟───────────────┼───────────────╢
║Birth		│APR 01, 1988	║
╟───────────────┼───────────────╢
║Age		│26		║
╟───────────────┼───────────────╢
║Exp		│5		║
╟───────────────┼───────────────╢
║School		│Stanford	║
╚═══════════════╧═══════════════╝
Robin Lopez;C;25:50;7;10;0;0;0;1;3;2;5;0;2;1;3;1;14;
Robin Lopez;C;34:06;4;8;0;0;6;10;9;6;15;0;1;0;1;3;14;
Robin Lopez;C;35:41;7;13;0;0;4;6;4;3;7;1;0;2;0;5;18;
Robin Lopez;C;25:01;2;3;0;0;3;4;4;3;7;0;0;2;0;1;7;
Robin Lopez;C;34:04;5;13;0;0;5;5;9;4;13;1;0;1;1;1;15;
Robin Lopez;C;33:06;4;5;0;0;0;0;2;2;4;0;0;1;2;0;8;
Robin Lopez;C;34:12;4;6;0;0;0;0;1;2;3;0;0;1;3;5;8;
Robin Lopez;C;26:01;7;13;0;0;2;2;4;8;12;2;0;3;0;2;16;
Robin Lopez;C;27:31;5;8;0;0;3;3;3;0;3;0;1;1;1;2;13;
Robin Lopez;C;33:25;5;10;0;0;0;0;3;7;10;2;0;1;0;1;10;
Robin Lopez;C;39:07;5;14;0;0;2;2;8;1;9;2;0;2;0;3;12;
Robin Lopez;C;34:05;6;10;0;0;3;3;3;7;10;3;0;1;1;1;15;
Robin Lopez;C;23:34;4;7;0;0;2;2;2;7;9;0;0;2;1;0;10;
Robin Lopez;C;34:56;4;10;0;0;6;8;2;3;5;0;0;0;0;0;14;
Robin Lopez;C;28:40;4;8;0;0;0;0;3;4;7;1;0;2;1;4;8;
Robin Lopez;C;34:43;6;8;0;0;0;0;3;6;9;0;1;4;0;4;12;
Robin Lopez;C;33:50;1;5;0;0;7;8;5;2;7;0;1;3;3;4;9;
Robin Lopez;C;40:13;8;15;0;1;1;2;5;9;14;1;0;0;1;1;17;
Robin Lopez;C;30:07;1;6;0;0;5;7;3;8;11;1;0;4;0;4;7;
Robin Lopez;C;35:03;7;9;0;0;3;4;6;8;14;0;0;2;1;2;17;
Robin Lopez;C;34:11;3;6;0;0;6;6;4;2;6;1;0;0;0;2;12;
Robin Lopez;C;34:21;4;11;0;0;3;4;6;8;14;1;0;2;2;2;11;
Robin Lopez;C;36:46;5;8;0;0;2;2;6;12;18;1;1;4;0;5;12;
Robin Lopez;C;27:55;3;5;0;0;0;0;3;2;5;0;1;1;1;2;6;
Robin Lopez;C;38:26;4;10;0;0;4;5;4;6;10;1;1;7;1;6;12;
Robin Lopez;C;26:18;4;6;0;0;3;4;3;5;8;1;0;2;1;0;11;
Robin Lopez;C;31:36;5;9;0;0;8;8;3;6;9;2;0;1;1;5;18;
Robin Lopez;C;33:31;9;13;0;0;1;1;9;7;16;2;0;3;2;0;19;
Robin Lopez;C;23:34;4;5;0;0;4;4;2;3;5;0;1;0;2;2;12;
Robin Lopez;C;30:23;0;2;0;0;2;2;2;3;5;2;0;2;2;2;2;
Robin Lopez;C;37:53;4;7;0;0;3;4;4;7;11;0;0;5;1;5;11;
Robin Lopez;C;27:04;2;2;0;0;2;4;4;2;6;1;0;0;0;3;6;
Robin Lopez;C;33:37;1;6;0;0;2;2;3;3;6;0;0;2;0;3;4;
Robin Lopez;C;33:37;9;13;0;0;1;1;2;2;4;0;0;3;3;3;19;
Robin Lopez;C;37:56;5;12;0;0;4;5;5;5;10;4;0;1;0;3;14;
Robin Lopez;C;37:21;7;12;0;0;1;1;7;7;14;2;0;3;1;3;15;
Robin Lopez;C;29:43;4;5;0;0;0;0;2;1;3;0;0;1;0;0;8;
Robin Lopez;C;25:40;3;5;0;0;2;2;3;2;5;0;0;0;1;2;8;
Robin Lopez;C;33:06;3;6;0;0;4;4;3;5;8;2;0;1;2;3;10;
Robin Lopez;C;39:41;9;13;0;0;2;3;9;4;13;1;0;2;0;3;20;
Robin Lopez;C;34:42;4;7;0;0;3;3;3;4;7;0;0;2;0;1;11;
Robin Lopez;C;32:36;6;9;0;0;1;2;4;5;9;1;2;5;1;0;13;
Robin Lopez;C;35:38;3;6;0;0;3;3;5;5;10;1;0;3;1;0;9;
Robin Lopez;C;34:03;4;5;0;0;2;2;3;7;10;1;0;2;0;2;10;
Robin Lopez;C;35:43;6;9;0;0;6;8;4;9;13;1;1;4;0;3;18;
Robin Lopez;C;22:53;2;2;0;0;0;0;1;1;2;2;0;0;3;5;4;
Robin Lopez;C;36:48;4;7;0;0;5;6;2;7;9;0;0;1;0;1;13;
Robin Lopez;C;35:16;5;13;0;0;2;2;4;4;8;2;0;1;2;2;12;
Robin Lopez;C;45:16;6;11;0;0;4;4;3;5;8;3;0;0;1;2;16;
Robin Lopez;C;14:08;7;10;0;0;1;2;7;2;9;1;0;0;0;1;15;
Robin Lopez;C;33:34;1;4;0;0;1;4;1;1;2;2;2;2;1;3;3;
Robin Lopez;C;22:36;1;5;0;0;0;0;3;2;5;0;0;2;0;5;2;
Robin Lopez;C;39:45;6;10;0;0;0;0;3;3;6;1;0;2;0;1;12;
Robin Lopez;C;17:35;0;3;0;0;0;0;4;2;6;2;1;3;1;5;0;
Robin Lopez;C;31:25;4;8;0;0;3;4;3;1;4;1;0;1;1;4;11;
Robin Lopez;C;32:38;4;10;0;0;4;6;6;4;10;1;1;0;2;2;12;
Robin Lopez;C;32:58;7;10;0;0;3;3;4;6;10;1;1;0;2;1;17;
Robin Lopez;C;28:13;5;11;0;0;3;4;5;10;15;0;0;1;2;0;13;
Robin Lopez;C;35:56;1;3;0;0;1;2;1;9;10;0;0;1;1;2;3;
Robin Lopez;C;23:46;1;2;0;0;4;4;2;3;5;0;0;2;1;6;6;
Robin Lopez;C;24:34;3;4;0;0;0;0;2;5;7;2;0;1;1;3;6;
Robin Lopez;C;30:43;3;7;0;0;2;2;5;3;8;1;1;1;1;2;8;
Robin Lopez;C;35:51;6;10;0;0;1;2;8;8;16;0;0;1;2;1;13;
Robin Lopez;C;34:34;4;7;0;0;0;0;4;6;10;0;1;5;1;2;8;
Robin Lopez;C;34:59;3;6;0;0;3;4;4;3;7;0;0;1;0;1;9;
Robin Lopez;C;22:36;4;9;0;0;2;2;8;2;10;2;0;0;4;3;10;
Robin Lopez;C;28:34;4;9;0;0;4;4;6;6;12;0;1;0;1;5;12;
Robin Lopez;C;31:55;2;6;0;0;4;4;1;6;7;2;0;1;1;4;8;
Robin Lopez;C;33:07;6;11;0;0;0;0;6;4;10;0;0;4;0;2;12;
Robin Lopez;C;22:39;3;6;0;0;2;2;2;3;5;1;0;1;0;1;8;
Robin Lopez;C;33:56;6;9;0;0;2;2;8;6;14;1;0;2;1;2;14;
Robin Lopez;C;34:07;6;9;0;0;3;3;3;8;11;0;0;1;2;0;15;
Robin Lopez;C;36:28;7;9;0;0;2;3;4;6;10;1;0;2;1;5;16;
Robin Lopez;C;27:51;5;8;0;0;2;4;1;2;3;1;1;4;0;2;12;
Robin Lopez;C;38:37;5;8;0;0;2;2;6;7;13;3;1;0;0;4;12;
Robin Lopez;C;20:05;4;4;0;0;0;0;4;2;6;0;1;0;3;5;8;
Robin Lopez;C;25:11;0;0;0;0;2;2;1;4;5;0;0;1;0;1;2;
Robin Lopez;C;30:43;6;11;0;0;2;2;6;1;7;2;0;1;2;1;14;
Robin Lopez;C;39:57;4;8;0;0;3;4;7;8;15;1;1;1;2;0;11;
Robin Lopez;C;32:44;7;10;0;0;3;4;1;4;5;0;0;1;3;3;17;
Robin Lopez;C;23:54;1;3;0;0;5;6;3;3;6;1;0;6;1;3;7;
Robin Lopez;C;39:07;5;8;0;0;2;2;2;3;5;0;0;0;0;2;12;
