╔═══════════════╤═══════════════════════╗
║Name		│Rodney Stuckey		║
╟───────────────┼───────────────────────╢
║Number		│3			║
╟───────────────┼───────────────────────╢
║Position	│G			║
╟───────────────┼───────────────────────╢
║Height		│6-5			║
╟───────────────┼───────────────────────╢
║Weight		│205			║
╟───────────────┼───────────────────────╢
║Birth		│APR 21, 1986		║
╟───────────────┼───────────────────────╢
║Age		│28			║
╟───────────────┼───────────────────────╢
║Exp		│6			║
╟───────────────┼───────────────────────╢
║School		│Eastern Washington	║
╚═══════════════╧═══════════════════════╝
Rodney Stuckey;;20:05;4;13;0;1;6;8;0;1;1;2;0;1;2;1;14;
Rodney Stuckey;;3:26;0;1;0;1;0;0;0;0;0;0;0;0;1;1;0;
Rodney Stuckey;;20:44;3;8;0;0;2;2;0;2;2;1;0;0;1;2;8;
Rodney Stuckey;;21:17;9;14;0;0;3;4;1;5;6;0;1;0;0;2;21;
Rodney Stuckey;;31:27;8;15;0;1;4;5;0;0;0;0;1;1;2;3;20;
Rodney Stuckey;;34:25;11;20;1;2;6;7;1;3;4;4;0;1;2;3;29;
Rodney Stuckey;;32:34;8;16;0;1;7;8;0;2;2;1;0;0;3;1;23;
Rodney Stuckey;;26:45;3;9;0;1;3;4;1;1;2;0;1;0;3;2;9;
Rodney Stuckey;;31:03;3;11;0;1;5;6;1;3;4;5;1;0;1;1;11;
Rodney Stuckey;;28:57;4;9;1;1;4;6;0;3;3;4;1;0;2;2;13;
Rodney Stuckey;;8:34;0;4;0;1;1;2;0;1;1;0;0;0;1;2;1;
Rodney Stuckey;;36:08;8;17;2;3;2;3;1;6;7;1;1;0;4;5;20;
Rodney Stuckey;;27:09;6;13;1;2;1;1;0;1;1;2;1;0;1;0;14;
Rodney Stuckey;;28:51;6;14;0;1;2;2;0;4;4;2;1;1;0;2;14;
Rodney Stuckey;;28:44;7;15;0;0;5;6;1;3;4;3;0;0;1;1;19;
Rodney Stuckey;;27:42;7;13;0;0;6;8;3;1;4;3;1;0;3;5;20;
Rodney Stuckey;;12:00;1;5;0;1;2;2;0;1;1;0;1;0;3;2;4;
Rodney Stuckey;;17:29;1;11;0;3;0;0;0;3;3;1;0;0;0;2;2;
Rodney Stuckey;;23:24;6;10;1;1;2;2;0;3;3;1;1;0;2;2;15;
Rodney Stuckey;;28:31;5;10;0;0;2;4;1;3;4;2;0;0;1;2;12;
Rodney Stuckey;;23:43;2;9;0;1;5;5;0;2;2;3;1;0;0;3;9;
Rodney Stuckey;;25:55;2;10;0;1;1;1;2;2;4;2;1;0;0;2;5;
Rodney Stuckey;;30:49;6;13;0;1;5;5;0;1;1;4;0;0;3;1;17;
Rodney Stuckey;;37:21;10;17;0;1;3;3;0;0;0;1;2;0;0;2;23;
Rodney Stuckey;;27:18;6;16;0;0;4;4;0;1;1;2;1;0;3;1;16;
Rodney Stuckey;;28:49;4;9;0;1;0;0;0;1;1;2;0;0;2;0;8;
Rodney Stuckey;;15:38;1;4;0;0;0;0;0;1;1;0;0;0;0;0;2;
Rodney Stuckey;;16:47;1;4;0;1;1;3;0;1;1;1;0;0;1;2;3;
Rodney Stuckey;;32:02;8;16;1;2;6;6;0;3;3;4;2;0;0;3;23;
Rodney Stuckey;;26:01;0;6;0;1;0;0;0;1;1;3;0;0;1;1;0;
Rodney Stuckey;;44:13;6;17;0;2;7;9;0;3;3;5;1;0;2;2;19;
Rodney Stuckey;G;37:27;8;17;0;1;2;2;0;1;1;1;2;0;2;1;18;
Rodney Stuckey;;31:16;10;19;2;3;1;1;2;4;6;3;0;0;3;4;23;
Rodney Stuckey;;27:13;3;8;0;1;0;0;0;0;0;3;0;0;0;0;6;
Rodney Stuckey;;27:06;8;16;1;2;2;2;1;1;2;1;0;0;1;3;19;
Rodney Stuckey;;32:07;2;10;0;2;2;2;1;1;2;2;0;0;2;1;6;
Rodney Stuckey;;23:07;4;7;0;1;0;0;0;1;1;1;0;0;1;0;8;
Rodney Stuckey;;27:21;3;11;0;1;11;11;2;2;4;4;2;0;2;2;17;
Rodney Stuckey;;20:15;2;5;0;0;0;1;0;0;0;0;0;0;2;1;4;
Rodney Stuckey;;32:16;6;12;1;1;3;3;0;1;1;0;0;1;0;0;16;
Rodney Stuckey;;24:39;5;13;1;3;2;2;0;2;2;3;1;0;2;1;13;
Rodney Stuckey;;32:16;8;17;0;2;10;12;0;4;4;4;1;0;4;2;26;
Rodney Stuckey;G;39:04;8;17;1;3;12;14;1;3;4;4;1;0;8;2;29;
Rodney Stuckey;G;28:05;4;14;0;2;7;7;0;2;2;3;1;0;1;0;15;
Rodney Stuckey;G;31:35;10;18;0;0;2;4;0;1;1;1;1;0;0;0;22;
Rodney Stuckey;G;28:07;5;11;0;1;8;10;3;3;6;4;0;0;4;4;18;
Rodney Stuckey;;23:29;8;13;1;3;2;3;0;1;1;2;1;0;2;1;19;
Rodney Stuckey;;27:16;1;5;0;1;8;9;1;2;3;0;3;1;2;3;10;
Rodney Stuckey;;16:06;4;9;1;1;0;0;1;1;2;1;1;0;2;5;9;
Rodney Stuckey;;23:06;5;7;2;2;5;7;2;0;2;3;0;0;2;1;17;
Rodney Stuckey;;33:46;4;15;1;3;4;6;3;1;4;3;2;1;1;1;13;
Rodney Stuckey;;27:37;2;9;0;2;3;3;0;2;2;2;1;0;1;1;7;
Rodney Stuckey;;30:25;6;13;1;3;3;3;1;3;4;4;0;1;1;2;16;
Rodney Stuckey;;30:07;8;16;0;2;0;0;0;1;1;1;2;0;3;1;16;
Rodney Stuckey;;31:01;8;14;0;0;5;5;1;1;2;5;1;0;2;3;21;
Rodney Stuckey;;26:11;7;12;1;1;3;3;0;0;0;2;1;0;5;6;18;
Rodney Stuckey;;30:48;6;15;0;0;5;6;0;5;5;1;0;0;1;3;17;
Rodney Stuckey;;30:44;10;16;0;1;7;8;2;2;4;6;2;0;1;1;27;
Rodney Stuckey;;30:12;7;11;2;3;1;3;0;3;3;2;1;0;1;3;17;
Rodney Stuckey;;29:09;9;16;0;2;7;8;1;1;2;2;0;1;1;1;25;
Rodney Stuckey;;33:27;8;17;0;0;6;9;1;1;2;2;1;0;1;2;22;
Rodney Stuckey;;31:47;7;16;1;2;2;2;2;2;4;3;1;1;2;1;17;
Rodney Stuckey;;32:42;4;9;0;0;8;8;0;2;2;3;0;0;5;3;16;
Rodney Stuckey;;25:06;1;8;0;3;2;2;0;2;2;1;1;0;2;3;4;
Rodney Stuckey;;9:45;0;3;0;0;2;2;0;0;0;1;0;0;1;0;2;
Rodney Stuckey;;32:30;7;16;0;2;6;6;0;4;4;4;0;0;2;1;20;
Rodney Stuckey;;29:19;7;13;0;0;3;5;0;2;2;3;1;0;1;2;17;
Rodney Stuckey;;37:00;7;18;0;1;3;4;1;3;4;0;0;0;2;0;17;
Rodney Stuckey;;15:33;1;5;0;0;0;0;0;0;0;0;0;0;2;2;2;
Rodney Stuckey;;23:07;4;9;0;0;1;2;0;1;1;2;0;0;2;0;9;
Rodney Stuckey;;30:38;6;16;1;1;1;1;1;2;3;4;5;0;2;3;14;
Rodney Stuckey;;13:34;3;6;0;0;0;0;0;0;0;0;1;0;1;2;6;
Rodney Stuckey;;6:10;0;2;0;0;0;0;0;0;0;2;1;0;0;1;0;
