Roger Mason Jr.;;1:16;0;0;0;0;0;0;0;1;1;0;0;0;0;0;0;
Roger Mason Jr.;;5:53;1;2;1;2;0;0;0;0;0;0;0;0;0;0;3;
Roger Mason Jr.;;15:53;0;2;0;2;0;0;0;0;0;2;0;0;0;2;0;
Roger Mason Jr.;;5:09;0;2;0;2;0;0;0;0;0;2;0;0;0;0;0;
Roger Mason Jr.;;20:38;0;3;0;2;3;3;0;2;2;1;0;0;1;0;3;
Roger Mason Jr.;;6:45;0;0;0;0;0;0;0;0;0;0;0;0;1;0;0;
Roger Mason Jr.;;2:10;1;1;1;1;0;0;0;0;0;0;0;0;0;0;3;
Roger Mason Jr.;;6:55;1;1;0;0;0;0;0;0;0;0;0;0;0;2;2;
Roger Mason Jr.;;12:58;0;2;0;0;0;0;0;0;0;1;0;0;0;1;0;
Roger Mason Jr.;;6:25;0;1;0;1;0;0;0;0;0;1;0;0;0;1;0;
Roger Mason Jr.;;4:34;1;2;1;2;0;0;0;0;0;0;0;0;0;0;3;
Roger Mason Jr.;G;14:38;1;3;1;2;0;0;0;0;0;2;0;0;2;1;3;
Roger Mason Jr.;;9:49;0;1;0;0;0;0;0;1;1;2;0;0;0;1;0;
Roger Mason Jr.;;20:06;2;5;2;5;3;3;0;4;4;1;0;0;2;2;9;
Roger Mason Jr.;;2:28;1;2;1;1;0;0;0;0;0;0;0;0;0;1;3;
Roger Mason Jr.;;4:51;1;2;1;2;0;0;0;0;0;1;0;0;0;0;3;
Roger Mason Jr.;;18:09;0;3;0;1;0;0;0;0;0;0;2;1;0;3;0;
Roger Mason Jr.;;18:40;3;8;1;5;0;0;1;2;3;0;1;0;0;1;7;
Roger Mason Jr.;;4:33;4;5;1;1;0;0;0;0;0;0;0;0;0;2;9;
Roger Mason Jr.;;23:29;4;7;4;7;0;0;0;1;1;2;0;0;3;2;12;
Roger Mason Jr.;;2:22;1;1;0;0;0;0;0;1;1;1;0;0;0;0;2;
Roger Mason Jr.;;5:06;0;1;0;1;0;0;0;1;1;0;1;0;0;0;0;
Roger Mason Jr.;;18:32;3;7;2;6;0;0;0;4;4;1;0;0;0;2;8;
Roger Mason Jr.;G;22:47;1;5;1;4;1;1;0;3;3;2;1;0;0;5;4;
Roger Mason Jr.;;5:52;0;1;0;1;0;0;0;1;1;0;1;0;0;0;0;
