╔═══════════════╤═══════════════╗
║Name		│Ronny Turiaf	║
╟───────────────┼───────────────╢
║Number		│32		║
╟───────────────┼───────────────╢
║Position	│C		║
╟───────────────┼───────────────╢
║Height		│6-10		║
╟───────────────┼───────────────╢
║Weight		│241		║
╟───────────────┼───────────────╢
║Birth		│JAN 13, 1983	║
╟───────────────┼───────────────╢
║Age		│31		║
╟───────────────┼───────────────╢
║Exp		│8		║
╟───────────────┼───────────────╢
║School		│Gonzaga	║
╚═══════════════╧═══════════════╝
Ronny Turiaf;;22:34;0;1;0;0;0;0;2;7;9;1;0;2;2;3;0;
Ronny Turiaf;;14:37;2;2;0;0;1;2;0;4;4;2;0;0;0;1;5;
Ronny Turiaf;;15:06;1;5;0;0;0;0;2;5;7;0;0;2;0;0;2;
Ronny Turiaf;;15:25;0;1;0;0;0;0;3;2;5;0;2;2;0;0;0;
Ronny Turiaf;;14:39;2;2;0;0;0;2;2;2;4;0;0;0;0;2;4;
Ronny Turiaf;;22:44;3;4;0;0;0;2;4;6;10;0;0;0;1;2;6;
Ronny Turiaf;;8:35;0;0;0;0;1;4;4;1;5;1;0;1;1;3;1;
Ronny Turiaf;;13:30;1;1;0;0;0;1;0;1;1;0;0;0;0;3;2;
Ronny Turiaf;;14:56;1;3;0;0;0;0;0;1;1;0;0;2;0;1;2;
Ronny Turiaf;;12:03;1;2;0;0;0;0;1;0;1;1;0;1;1;1;2;
Ronny Turiaf;;32:23;6;7;0;0;2;3;4;3;7;0;0;3;1;3;14;
Ronny Turiaf;C;26:13;2;5;0;0;0;0;3;5;8;1;0;0;1;4;4;
Ronny Turiaf;C;28:06;3;4;0;0;1;2;2;8;10;2;1;1;2;2;7;
Ronny Turiaf;C;22:59;2;4;0;0;1;2;3;4;7;1;0;5;4;2;5;
Ronny Turiaf;C;21:49;1;1;0;0;0;2;1;4;5;0;0;2;1;2;2;
Ronny Turiaf;C;28:13;1;2;0;0;2;2;0;4;4;1;0;4;0;3;4;
Ronny Turiaf;C;21:07;4;5;0;0;0;0;1;2;3;2;0;3;1;3;8;
Ronny Turiaf;C;38:26;4;8;0;0;0;0;6;7;13;3;0;3;1;6;8;
Ronny Turiaf;C;29:38;1;2;0;0;0;0;3;7;10;1;1;1;1;2;2;
Ronny Turiaf;C;28:54;1;6;0;0;1;3;1;10;11;3;0;4;1;1;3;
Ronny Turiaf;C;29:32;5;7;0;0;1;8;1;3;4;0;1;2;0;3;11;
Ronny Turiaf;;21:41;5;5;0;0;1;3;3;4;7;2;0;3;1;2;11;
Ronny Turiaf;;25:53;3;5;0;0;0;0;0;8;8;0;1;1;2;2;6;
Ronny Turiaf;;12:29;2;3;0;0;0;0;0;2;2;0;0;1;0;0;4;
Ronny Turiaf;;21:18;4;5;0;0;2;4;3;6;9;1;0;1;1;3;10;
Ronny Turiaf;;16:38;5;7;0;0;1;1;2;3;5;0;0;1;0;1;11;
Ronny Turiaf;;7:33;0;1;0;0;0;0;0;1;1;0;0;0;0;4;0;
Ronny Turiaf;;4:07;0;0;0;0;0;0;0;2;2;0;0;1;0;1;0;
Ronny Turiaf;;15:53;3;5;0;0;6;8;3;5;8;0;1;3;2;1;12;
Ronny Turiaf;;15:30;1;4;0;0;1;1;1;2;3;1;1;1;0;3;3;
Ronny Turiaf;;3:07;0;0;0;0;0;0;0;0;0;1;0;0;0;1;0;
