╔═══════════════╤═══════════════╗
║Name		│Ronnie Brewer	║
╟───────────────┼───────────────╢
║Number		│11		║
╟───────────────┼───────────────╢
║Position	│F		║
╟───────────────┼───────────────╢
║Height		│6-7		║
╟───────────────┼───────────────╢
║Weight		│235		║
╟───────────────┼───────────────╢
║Birth		│MAR 20, 1985	║
╟───────────────┼───────────────╢
║Age		│29		║
╟───────────────┼───────────────╢
║Exp		│7		║
╟───────────────┼───────────────╢
║School		│Arkansas	║
╚═══════════════╧═══════════════╝
Ronnie Brewer;F;23:19;0;2;0;1;0;0;0;2;2;0;1;0;0;2;0;
Ronnie Brewer;F;25:04;0;2;0;0;0;0;0;2;2;1;0;0;1;0;0;
Ronnie Brewer;F;17:09;1;2;0;1;0;0;1;0;1;0;1;0;0;1;2;
Ronnie Brewer;;4:44;0;0;0;0;0;0;0;0;0;0;0;1;0;0;0;
Ronnie Brewer;;0:54;0;0;0;0;0;0;0;0;0;0;0;0;0;0;0;
Ronnie Brewer;;8:56;0;1;0;1;0;0;0;2;2;0;0;0;0;0;0;
Ronnie Brewer;;0:03;0;0;0;0;0;0;0;0;0;0;0;0;0;0;0;
Ronnie Brewer;;2:06;0;0;0;0;0;0;0;0;0;0;0;0;0;0;0;
Ronnie Brewer;;7:29;0;0;0;0;0;0;0;1;1;1;0;0;0;1;0;
Ronnie Brewer;;4:38;0;0;0;0;0;2;0;2;2;0;1;0;0;0;0;
Ronnie Brewer;;2:53;0;0;0;0;0;0;0;0;0;0;0;0;0;0;0;
Ronnie Brewer;;0:60;0;0;0;0;0;0;0;0;0;0;0;0;0;0;0;
Ronnie Brewer;;4:20;1;1;1;1;0;0;1;0;1;2;0;0;0;0;3;
Ronnie Brewer;;14:10;0;2;0;2;0;0;0;0;0;1;0;0;0;0;0;
Ronnie Brewer;;3:55;0;0;0;0;0;0;0;0;0;0;0;0;0;0;0;
Ronnie Brewer;;2:47;0;0;0;0;0;0;0;0;0;0;0;0;0;0;0;
Ronnie Brewer;;0:48;0;0;0;0;0;0;0;0;0;0;0;0;0;0;0;
Ronnie Brewer;;1:16;0;0;0;0;0;0;0;0;0;1;0;0;0;0;0;
Ronnie Brewer;;2:35;1;2;0;0;0;0;0;0;0;1;1;0;0;0;2;
Ronnie Brewer;;4:46;0;1;0;0;0;0;0;0;0;0;0;0;0;0;0;
Ronnie Brewer;;13:33;0;2;0;2;0;0;0;1;1;2;1;0;1;0;0;
Ronnie Brewer;;7:14;0;0;0;0;0;0;0;0;0;1;1;0;0;0;0;
Ronnie Brewer;;0:23;0;0;0;0;0;0;0;0;0;0;0;0;0;0;0;
Ronnie Brewer;;6:16;0;0;0;0;0;0;0;2;2;0;0;0;0;0;0;
