╔═══════════════╤═══════════════════════╗
║Name		│Ronnie Price		║
╟───────────────┼───────────────────────╢
║Number		│10			║
╟───────────────┼───────────────────────╢
║Position	│G			║
╟───────────────┼───────────────────────╢
║Height		│6-2			║
╟───────────────┼───────────────────────╢
║Weight		│190			║
╟───────────────┼───────────────────────╢
║Birth		│JUN 21, 1983		║
╟───────────────┼───────────────────────╢
║Age		│31			║
╟───────────────┼───────────────────────╢
║Exp		│8			║
╟───────────────┼───────────────────────╢
║School		│Utah Valley University	║
╚═══════════════╧═══════════════════════╝
Ronnie Price;;3:02;0;1;0;0;0;0;0;0;0;0;0;0;0;1;0;
Ronnie Price;;12:01;0;3;0;2;0;0;1;1;2;0;0;0;0;3;0;
Ronnie Price;;7:39;1;1;0;0;0;0;0;1;1;1;0;0;1;0;2;
Ronnie Price;G;24:07;0;7;0;5;0;0;0;3;3;2;2;0;1;2;0;
Ronnie Price;G;24:54;4;6;0;2;0;0;0;0;0;5;2;0;6;3;8;
Ronnie Price;;17:02;1;2;0;1;0;0;0;0;0;2;1;0;0;3;2;
Ronnie Price;;9:27;1;3;0;0;2;2;0;0;0;1;1;0;2;1;4;
Ronnie Price;;17:40;1;5;1;3;1;2;0;3;3;1;0;0;2;3;4;
Ronnie Price;;9:12;0;1;0;1;0;0;0;0;0;4;0;0;0;3;0;
Ronnie Price;;10:12;0;4;0;3;0;0;0;2;2;2;0;0;1;1;0;
Ronnie Price;;22:19;2;8;1;4;1;2;1;1;2;6;1;0;1;4;6;
Ronnie Price;;24:36;2;6;0;1;2;2;0;0;0;11;0;0;3;2;6;
Ronnie Price;;12:08;2;4;1;2;0;0;0;2;2;4;3;0;1;3;5;
Ronnie Price;;8:37;1;2;0;0;0;0;0;1;1;3;0;0;0;2;2;
Ronnie Price;;3:52;0;0;0;0;0;0;1;1;2;0;1;0;0;0;0;
Ronnie Price;;2:36;0;1;0;0;0;0;0;0;0;0;0;0;0;0;0;
Ronnie Price;;3:23;1;3;0;0;0;0;1;0;1;0;0;0;0;1;2;
Ronnie Price;;2:51;1;1;0;0;0;0;0;1;1;1;0;0;0;0;2;
Ronnie Price;;24:49;1;3;0;2;0;0;2;5;7;2;1;1;2;2;2;
Ronnie Price;;5:55;1;1;1;1;0;0;0;0;0;0;1;0;0;2;3;
Ronnie Price;;3:32;0;1;0;0;0;0;0;0;0;0;0;0;0;1;0;
Ronnie Price;;5:02;1;3;0;1;0;0;0;0;0;0;1;0;1;0;2;
Ronnie Price;;18:27;2;2;1;1;0;1;0;3;3;5;0;0;1;1;5;
Ronnie Price;;21:26;1;4;1;2;2;2;1;1;2;4;3;0;0;0;5;
Ronnie Price;;34:47;0;5;0;4;1;2;1;5;6;7;1;1;4;3;1;
Ronnie Price;;7:38;2;4;2;3;0;0;0;1;1;0;0;0;0;1;6;
Ronnie Price;;9:37;0;3;0;2;0;0;0;3;3;2;2;0;0;2;0;
Ronnie Price;;8:34;0;1;0;1;0;0;0;0;0;1;0;0;0;2;0;
Ronnie Price;;5:55;0;1;0;0;0;0;0;0;0;0;0;0;0;1;0;
Ronnie Price;;4:31;3;4;1;1;0;0;0;0;0;0;2;0;0;0;7;
Ronnie Price;;6:04;0;1;0;0;0;0;0;1;1;2;1;0;0;1;0;
