╔═══════════════╤═══════════════╗
║Name		│Roy Hibbert	║
╟───────────────┼───────────────╢
║Number		│55		║
╟───────────────┼───────────────╢
║Position	│C		║
╟───────────────┼───────────────╢
║Height		│7-2		║
╟───────────────┼───────────────╢
║Weight		│290		║
╟───────────────┼───────────────╢
║Birth		│DEC 11, 1986	║
╟───────────────┼───────────────╢
║Age		│27		║
╟───────────────┼───────────────╢
║Exp		│5		║
╟───────────────┼───────────────╢
║School		│Georgetown	║
╚═══════════════╧═══════════════╝
Roy Hibbert;C;21:18;6;10;0;0;4;5;2;1;3;0;0;1;4;6;16;
Roy Hibbert;C;33:35;2;7;0;0;2;4;3;5;8;2;0;5;3;3;6;
Roy Hibbert;C;33:15;5;12;0;0;5;8;3;3;6;1;2;1;1;3;15;
Roy Hibbert;C;35:03;5;12;0;0;12;13;4;4;8;2;1;3;2;2;22;
Roy Hibbert;C;22:22;1;8;0;0;0;0;3;1;4;0;0;1;2;1;2;
Roy Hibbert;C;31:11;4;10;1;1;3;4;2;4;6;2;1;0;0;4;12;
Roy Hibbert;C;27:56;4;8;0;0;2;3;1;3;4;2;1;2;1;3;10;
Roy Hibbert;C;26:55;4;9;0;0;3;4;2;4;6;3;1;1;0;4;11;
Roy Hibbert;C;25:55;2;11;0;0;0;0;5;6;11;2;0;5;2;4;4;
Roy Hibbert;C;35:49;7;11;0;0;0;0;4;9;13;1;0;2;1;4;14;
Roy Hibbert;C;28:14;3;8;0;0;0;2;2;2;4;0;0;2;3;6;6;
Roy Hibbert;C;38:55;3;11;0;0;4;4;3;8;11;3;1;5;1;4;10;
Roy Hibbert;C;19:47;2;3;0;0;1;3;0;3;3;0;0;1;1;6;5;
Roy Hibbert;C;29:55;5;11;0;1;1;2;4;6;10;2;1;0;1;4;11;
Roy Hibbert;C;37:45;9;17;0;0;8;11;4;2;6;0;0;2;2;2;26;
Roy Hibbert;C;34:27;7;13;0;0;6;6;3;2;5;1;1;3;5;4;20;
Roy Hibbert;C;25:44;4;6;0;0;1;2;0;8;8;0;0;0;2;2;9;
Roy Hibbert;C;30:23;4;10;0;0;0;0;2;4;6;1;0;0;1;4;8;
Roy Hibbert;C;39:18;2;8;0;0;0;0;3;3;6;2;1;2;1;2;4;
Roy Hibbert;C;34:11;3;4;0;0;0;0;2;5;7;3;0;4;3;4;6;
Roy Hibbert;C;26:26;6;12;0;0;2;2;7;5;12;2;1;4;2;3;14;
Roy Hibbert;C;33:23;2;6;0;0;0;0;4;3;7;1;0;2;1;2;4;
Roy Hibbert;C;24:57;4;9;0;0;2;2;0;5;5;0;0;4;0;2;10;
Roy Hibbert;C;23:37;2;5;0;0;0;0;1;4;5;2;0;0;1;3;4;
Roy Hibbert;C;34:02;1;9;0;0;2;3;1;5;6;0;0;3;2;5;4;
Roy Hibbert;C;24:05;5;10;0;0;0;0;3;3;6;1;0;4;2;3;10;
Roy Hibbert;C;33:40;10;16;0;0;4;5;3;9;12;1;0;2;4;3;24;
Roy Hibbert;C;32:59;6;10;0;0;3;3;1;4;5;0;0;1;3;5;15;
Roy Hibbert;C;19:13;1;9;0;0;0;0;2;2;4;1;0;2;1;5;2;
Roy Hibbert;C;34:06;4;7;0;0;4;4;1;2;3;1;0;3;2;3;12;
Roy Hibbert;C;22:13;2;8;0;0;0;0;2;2;4;0;0;1;1;3;4;
Roy Hibbert;C;28:57;4;6;0;0;1;2;1;2;3;1;0;3;0;3;9;
Roy Hibbert;C;37:24;6;9;0;0;2;2;3;2;5;0;0;1;4;4;14;
Roy Hibbert;C;32:20;3;7;0;0;0;0;2;7;9;2;0;2;0;3;6;
Roy Hibbert;C;30:24;2;5;0;0;0;0;1;2;3;1;1;5;3;4;4;
Roy Hibbert;C;32:42;4;10;0;0;4;4;3;2;5;0;1;2;2;5;12;
Roy Hibbert;C;27:36;3;8;0;0;2;2;2;3;5;1;1;1;3;4;8;
Roy Hibbert;C;29:53;8;10;0;0;4;4;1;2;3;1;0;0;0;3;20;
Roy Hibbert;C;31:57;3;10;0;0;6;6;5;6;11;2;0;4;1;1;12;
Roy Hibbert;C;20:37;2;5;0;0;0;0;0;0;0;0;0;1;1;5;4;
Roy Hibbert;C;26:06;0;5;0;0;3;4;1;4;5;0;0;0;3;5;3;
Roy Hibbert;C;33:40;7;15;0;0;7;9;2;2;4;0;1;0;2;2;21;
Roy Hibbert;C;31:58;3;8;0;0;2;5;1;1;2;1;0;5;3;4;8;
Roy Hibbert;C;23:31;2;9;0;0;2;3;4;1;5;1;0;2;3;5;6;
Roy Hibbert;C;33:52;5;13;0;0;5;6;2;5;7;0;0;0;1;3;15;
Roy Hibbert;C;29:02;4;10;0;0;3;4;1;2;3;3;0;2;2;5;11;
Roy Hibbert;C;31:51;5;13;0;0;2;3;1;1;2;0;1;1;1;4;12;
Roy Hibbert;C;9:03;0;5;0;0;0;0;0;0;0;0;0;0;1;0;0;
Roy Hibbert;C;33:45;2;7;0;0;1;2;0;1;1;2;0;2;0;2;5;
Roy Hibbert;C;27:11;0;9;0;0;0;0;2;4;6;0;1;1;2;2;0;
Roy Hibbert;C;17:29;1;7;0;0;2;2;1;6;7;0;0;1;0;1;4;
Roy Hibbert;C;26:54;3;6;0;0;2;4;6;10;16;0;1;7;3;0;8;
Roy Hibbert;C;21:37;2;5;0;0;2;3;2;2;4;1;0;5;2;5;6;
Roy Hibbert;C;28:11;5;9;0;0;1;2;0;5;5;0;0;2;4;2;11;
Roy Hibbert;C;33:56;3;8;0;0;2;4;2;8;10;2;0;7;2;3;8;
Roy Hibbert;C;37:08;3;8;0;0;2;2;5;5;10;3;1;5;2;4;8;
Roy Hibbert;C;31:26;9;14;0;0;2;2;4;3;7;1;0;2;2;0;20;
Roy Hibbert;C;31:54;7;17;0;1;1;2;4;7;11;1;1;2;2;3;15;
Roy Hibbert;C;24:12;1;4;0;0;1;2;1;6;7;1;0;5;2;2;3;
Roy Hibbert;C;30:53;8;10;0;0;8;8;3;7;10;1;0;8;5;3;24;
Roy Hibbert;C;29:19;5;10;0;0;4;7;5;5;10;0;0;3;1;3;14;
Roy Hibbert;C;36:53;2;5;1;1;3;3;2;6;8;0;0;2;2;5;8;
Roy Hibbert;C;28:44;3;11;0;0;0;0;6;2;8;2;0;2;3;4;6;
Roy Hibbert;C;32:56;7;12;0;0;13;16;3;10;13;1;0;6;2;3;27;
Roy Hibbert;C;27:25;2;7;0;0;0;0;2;3;5;1;1;1;2;4;4;
Roy Hibbert;C;29:45;4;14;0;0;6;7;6;4;10;2;0;2;2;3;14;
Roy Hibbert;C;27:55;4;10;0;0;5;6;4;4;8;2;1;1;2;4;13;
Roy Hibbert;C;36:19;8;16;0;1;3;4;5;3;8;2;1;1;4;3;19;
Roy Hibbert;C;36:38;6;13;0;0;4;5;5;9;14;3;0;1;3;5;16;
Roy Hibbert;C;34:09;6;9;0;0;1;2;1;8;9;1;0;2;0;6;13;
Roy Hibbert;C;27:02;3;4;0;0;6;6;3;7;10;3;0;1;1;2;12;
Roy Hibbert;C;25:06;6;12;0;0;0;0;6;3;9;2;1;0;1;2;12;
Roy Hibbert;C;37:20;10;15;0;0;4;6;2;3;5;0;0;1;1;2;24;
Roy Hibbert;C;34:37;6;14;0;0;6;6;2;9;11;1;1;3;3;4;18;
Roy Hibbert;C;35:28;2;12;0;0;2;2;1;3;4;0;0;2;0;3;6;
Roy Hibbert;C;22:55;2;3;0;0;2;2;0;2;2;1;0;1;1;5;6;
Roy Hibbert;C;28:20;3;8;0;0;3;6;2;4;6;2;1;1;0;2;9;
Roy Hibbert;C;26:17;7;11;0;0;1;4;3;9;12;3;1;3;0;1;15;
Roy Hibbert;C;29:12;3;6;0;0;2;2;3;6;9;0;0;1;2;4;8;
Roy Hibbert;C;31:29;4;7;0;0;3;4;2;3;5;3;1;1;5;4;11;
Roy Hibbert;C;35:03;8;13;0;0;3;4;2;0;2;1;1;5;2;4;19;
