╔═══════════════╤═══════════════╗
║Name		│Rudy Gay	║
╟───────────────┼───────────────╢
║Number		│8		║
╟───────────────┼───────────────╢
║Position	│F		║
╟───────────────┼───────────────╢
║Height		│6-8		║
╟───────────────┼───────────────╢
║Weight		│230		║
╟───────────────┼───────────────╢
║Birth		│AUG 17, 1986	║
╟───────────────┼───────────────╢
║Age		│27		║
╟───────────────┼───────────────╢
║Exp		│7		║
╟───────────────┼───────────────╢
║School		│Connecticut	║
╚═══════════════╧═══════════════╝
Rudy Gay;F;30:00;7;11;0;1;4;5;2;5;7;2;1;1;3;1;18;
Rudy Gay;F;40:54;8;14;0;0;1;2;4;6;10;4;0;0;4;2;17;
Rudy Gay;F;30:39;10;16;3;5;9;9;2;3;5;4;1;0;1;6;32;
Rudy Gay;F;36:24;8;13;0;2;6;6;1;9;10;5;0;1;3;2;22;
Rudy Gay;F;29:30;8;12;3;5;1;1;0;5;5;3;1;3;2;1;20;
Rudy Gay;F;29:34;6;14;0;1;0;0;0;0;0;2;3;0;2;1;12;
Rudy Gay;F;37:17;12;19;3;3;6;6;1;4;5;6;2;1;2;2;33;
Rudy Gay;F;37:09;7;18;0;1;5;5;2;2;4;3;0;0;4;2;19;
Rudy Gay;F;26:47;3;7;0;1;0;0;0;2;2;4;0;0;3;2;6;
Rudy Gay;F;42:28;16;25;5;8;4;6;3;5;8;5;0;0;3;5;41;
Rudy Gay;F;5:59;2;5;0;0;0;0;0;0;0;0;0;0;0;0;4;
Rudy Gay;F;33:58;10;16;1;4;2;2;1;1;2;5;1;0;5;0;23;
Rudy Gay;F;35:36;10;16;0;1;15;17;3;9;12;6;1;0;3;0;35;
Rudy Gay;F;37:04;9;18;1;1;4;7;3;4;7;6;5;0;0;2;23;
Rudy Gay;F;25:08;6;12;0;0;2;2;1;5;6;1;2;1;6;3;14;
Rudy Gay;F;42:38;7;17;0;2;10;11;1;9;10;3;4;1;3;4;24;
Rudy Gay;F;32:17;2;11;0;2;1;2;2;2;4;4;0;1;4;2;5;
Rudy Gay;F;32:56;4;12;0;2;6;6;2;7;9;3;1;1;3;1;14;
Rudy Gay;F;44:44;9;22;2;6;0;2;3;4;7;3;2;0;4;4;20;
Rudy Gay;F;36:52;6;21;0;3;4;6;4;4;8;4;1;3;4;2;16;
Rudy Gay;F;31:08;8;18;2;3;4;4;0;7;7;2;0;0;3;5;22;
Rudy Gay;F;37:57;12;23;0;2;8;9;3;8;11;3;3;1;1;2;32;
Rudy Gay;F;33:49;10;16;2;3;3;3;0;3;3;6;2;1;3;2;25;
Rudy Gay;F;40:38;11;22;1;4;9;9;3;4;7;5;2;1;2;3;32;
Rudy Gay;F;32:42;8;14;4;7;4;4;3;3;6;1;2;1;3;1;24;
Rudy Gay;F;30:09;5;10;0;0;4;4;0;2;2;2;0;0;4;5;14;
Rudy Gay;F;34:57;8;16;0;5;6;6;1;6;7;6;2;0;5;3;22;
Rudy Gay;F;32:48;5;13;2;3;3;4;1;4;5;1;3;0;2;2;15;
Rudy Gay;F;32:17;9;18;1;4;1;2;2;2;4;0;0;0;1;2;20;
Rudy Gay;F;39:43;8;21;0;3;4;6;1;5;6;3;1;1;1;1;20;
Rudy Gay;F;34:58;5;12;1;3;16;19;4;3;7;5;2;0;4;3;27;
Rudy Gay;F;30:47;5;12;0;1;3;4;2;3;5;3;1;2;1;4;13;
Rudy Gay;F;25:36;6;15;0;1;2;3;2;4;6;2;0;1;3;1;14;
Rudy Gay;F;37:33;10;17;0;0;4;5;1;5;6;1;3;0;5;4;24;
Rudy Gay;F;32:18;4;14;1;3;5;5;1;4;5;3;0;2;4;1;14;
Rudy Gay;F;41:03;9;16;0;4;6;7;2;6;8;4;0;1;3;3;24;
Rudy Gay;F;37:12;4;10;0;2;6;9;0;3;3;3;1;0;4;2;14;
Rudy Gay;F;21:06;3;11;0;3;1;1;2;0;2;1;0;0;4;3;7;
Rudy Gay;F;42:39;11;19;0;1;8;10;3;4;7;0;0;0;7;2;30;
Rudy Gay;F;39:48;7;18;1;3;7;8;3;2;5;5;0;0;3;2;22;
Rudy Gay;F;42:42;12;24;1;2;6;7;0;5;5;4;2;0;2;2;31;
Rudy Gay;F;28:10;2;8;1;1;5;7;0;3;3;0;0;0;3;2;10;
Rudy Gay;F;44:09;12;18;1;2;7;9;1;5;6;8;0;0;2;1;32;
Rudy Gay;F;34:26;6;18;1;2;3;4;3;3;6;2;2;0;2;3;16;
Rudy Gay;F;16:07;3;8;0;1;0;0;1;5;6;2;0;0;1;1;6;
Rudy Gay;F;34:10;8;18;1;2;2;3;2;6;8;1;2;0;5;3;19;
Rudy Gay;F;32:10;6;23;0;3;2;4;2;3;5;1;0;2;2;2;14;
Rudy Gay;F;35:21;4;14;2;5;8;10;2;13;15;0;3;0;5;2;18;
Rudy Gay;F;33:34;3;10;1;3;6;7;3;7;10;2;1;0;4;4;13;
Rudy Gay;F;36:31;8;21;0;1;4;5;3;2;5;2;0;1;3;3;20;
Rudy Gay;F;35:13;12;26;2;5;4;4;2;2;4;0;3;3;2;2;30;
Rudy Gay;F;23:19;5;11;1;3;0;0;1;1;2;5;2;0;0;1;11;
Rudy Gay;F;44:34;10;31;3;6;3;3;1;8;9;2;4;1;2;4;26;
Rudy Gay;F;41:47;8;18;4;6;3;4;1;5;6;4;5;2;4;2;23;
Rudy Gay;F;32:12;7;15;1;1;5;6;2;7;9;1;0;1;4;2;20;
Rudy Gay;F;41:40;12;27;1;3;5;7;3;7;10;0;0;1;3;4;30;
Rudy Gay;F;35:30;6;16;2;5;4;5;0;8;8;8;0;2;4;2;18;
Rudy Gay;F;31:20;6;16;0;1;5;6;0;3;3;1;1;4;3;1;17;
Rudy Gay;F;32:09;3;12;1;2;2;2;1;3;4;4;0;1;7;3;9;
Rudy Gay;F;39:40;9;21;1;3;2;7;2;9;11;3;0;2;3;3;21;
Rudy Gay;F;38:18;10;23;0;2;3;4;2;7;9;3;3;2;2;1;23;
Rudy Gay;F;34:09;6;12;1;3;5;6;1;3;4;0;2;0;5;3;18;
Rudy Gay;F;32:15;6;15;1;3;4;4;1;9;10;3;2;1;1;3;17;
Rudy Gay;F;36:28;8;12;0;3;8;9;0;1;1;1;1;2;2;0;24;
Rudy Gay;F;39:28;10;20;1;3;5;6;1;4;5;4;4;1;4;5;26;
Rudy Gay;F;24:01;1;6;0;0;2;3;0;3;3;1;0;0;2;1;4;
Rudy Gay;F;35:59;8;13;0;0;6;8;1;0;1;3;3;1;3;1;22;
Rudy Gay;F;34:38;7;13;0;3;0;2;0;6;6;6;3;1;7;3;14;
Rudy Gay;F;38:52;8;20;3;6;4;4;2;4;6;2;0;1;2;3;23;
Rudy Gay;F;38:50;2;12;0;1;7;8;2;3;5;2;2;0;6;1;11;
Rudy Gay;F;39:52;11;19;1;5;3;3;1;2;3;1;1;1;5;2;26;
Rudy Gay;F;39:13;10;20;0;2;4;6;1;8;9;2;1;2;0;2;24;
Rudy Gay;F;42:10;9;19;1;4;6;6;2;4;6;2;1;0;2;4;25;
