╔═══════════════╤═══════════════╗
║Name		│Rudy Gobert	║
╟───────────────┼───────────────╢
║Number		│27		║
╟───────────────┼───────────────╢
║Position	│C		║
╟───────────────┼───────────────╢
║Height		│7-1		║
╟───────────────┼───────────────╢
║Weight		│245		║
╟───────────────┼───────────────╢
║Birth		│JUN 26, 1992	║
╟───────────────┼───────────────╢
║Age		│22		║
╟───────────────┼───────────────╢
║Exp		│R		║
╟───────────────┼───────────────╢
║School		│France		║
╚═══════════════╧═══════════════╝
Rudy Gobert;;4:35;0;0;0;0;0;0;0;1;1;0;0;0;1;0;0;
Rudy Gobert;;12:00;0;0;0;0;2;2;0;3;3;0;1;2;0;2;2;
Rudy Gobert;;27:16;4;5;0;0;0;0;2;4;6;1;1;3;1;0;8;
Rudy Gobert;;1:03;0;0;0;0;1;4;0;0;0;0;0;0;0;0;1;
Rudy Gobert;;18:42;1;2;0;0;5;5;1;4;5;0;0;2;1;3;7;
Rudy Gobert;;19:00;2;2;0;0;1;3;1;3;4;0;0;0;1;6;5;
Rudy Gobert;;31:06;0;4;0;0;0;0;3;5;8;1;0;3;1;3;0;
Rudy Gobert;;6:21;0;0;0;0;2;2;1;2;3;0;0;1;0;0;2;
Rudy Gobert;;12:32;1;1;0;0;2;4;1;1;2;1;0;0;0;1;4;
Rudy Gobert;;14:49;1;3;0;0;0;0;1;3;4;0;1;1;2;1;2;
Rudy Gobert;;11:34;0;2;0;0;1;2;0;0;0;0;0;1;1;2;1;
Rudy Gobert;;13:09;1;1;0;0;3;5;1;8;9;0;0;2;0;2;5;
Rudy Gobert;;6:15;1;2;0;0;0;0;1;2;3;0;0;0;0;0;2;
Rudy Gobert;;3:49;0;0;0;0;0;0;0;2;2;0;0;0;1;0;0;
Rudy Gobert;;0:04;0;0;0;0;0;0;0;0;0;0;0;0;0;0;0;
Rudy Gobert;;9:53;1;1;0;0;0;2;1;0;1;0;1;4;0;0;2;
Rudy Gobert;;5:13;1;2;0;0;0;0;0;1;1;0;0;1;0;0;2;
Rudy Gobert;;1:52;0;0;0;0;0;0;0;0;0;0;0;1;2;0;0;
Rudy Gobert;;2:40;0;0;0;0;0;0;0;0;0;0;0;1;0;0;0;
Rudy Gobert;;5:11;1;2;0;0;0;0;1;2;3;0;0;0;0;0;2;
Rudy Gobert;;2:14;0;0;0;0;0;0;0;0;0;0;0;0;0;0;0;
Rudy Gobert;;5:32;1;1;0;0;0;0;0;1;1;0;0;2;0;1;2;
Rudy Gobert;;1:17;1;1;0;0;0;0;2;0;2;0;0;0;0;0;2;
Rudy Gobert;;5:13;1;1;0;0;0;0;0;1;1;0;0;0;0;0;2;
Rudy Gobert;;10:33;3;7;0;0;1;2;2;4;6;0;0;1;2;1;7;
Rudy Gobert;;3:58;0;1;0;0;0;0;1;0;1;0;0;0;0;1;0;
Rudy Gobert;;2:25;0;1;0;0;0;0;0;2;2;0;0;0;0;0;0;
Rudy Gobert;;14:06;4;5;0;0;0;1;3;6;9;1;0;2;0;3;8;
Rudy Gobert;;22:54;1;2;0;0;0;2;3;4;7;0;0;0;2;2;2;
Rudy Gobert;;7:57;0;0;0;0;1;2;0;0;0;0;0;0;4;1;1;
Rudy Gobert;;8:49;0;0;0;0;2;2;0;2;2;0;1;1;2;4;2;
Rudy Gobert;;15:38;0;4;0;0;0;2;5;6;11;0;0;2;0;6;0;
Rudy Gobert;;5:54;0;0;0;0;0;0;0;0;0;0;0;1;1;2;0;
Rudy Gobert;;15:38;1;2;0;0;2;6;4;8;12;0;2;1;0;1;4;
Rudy Gobert;;15:55;1;3;0;0;0;0;3;4;7;0;0;2;2;4;2;
Rudy Gobert;;11:44;1;3;0;0;1;2;2;0;2;1;0;0;0;1;3;
Rudy Gobert;;3:35;1;2;0;0;1;2;3;2;5;0;0;0;3;1;3;
Rudy Gobert;;9:04;0;0;0;0;0;2;0;3;3;0;0;0;2;0;0;
Rudy Gobert;;5:24;1;1;0;0;0;0;0;2;2;0;0;1;0;0;2;
Rudy Gobert;;9:45;3;3;0;0;4;9;0;3;3;1;1;2;0;1;10;
Rudy Gobert;;21:26;2;4;0;0;0;0;3;6;9;0;0;1;0;3;4;
Rudy Gobert;;6:52;0;0;0;0;0;0;0;1;1;0;0;0;1;1;0;
Rudy Gobert;;12:46;1;3;0;0;3;4;2;5;7;1;0;2;1;2;5;
Rudy Gobert;;2:05;0;1;0;0;0;0;2;1;3;0;0;0;0;2;0;
Rudy Gobert;;6:08;0;2;0;0;0;0;2;2;4;0;0;1;1;0;0;
