╔═══════════════╤═══════════════════════╗
║Name		│Russell Westbrook	║
╟───────────────┼───────────────────────╢
║Number		│0			║
╟───────────────┼───────────────────────╢
║Position	│G			║
╟───────────────┼───────────────────────╢
║Height		│6-3			║
╟───────────────┼───────────────────────╢
║Weight		│200			║
╟───────────────┼───────────────────────╢
║Birth		│NOV 12, 1988		║
╟───────────────┼───────────────────────╢
║Age		│25			║
╟───────────────┼───────────────────────╢
║Exp		│5			║
╟───────────────┼───────────────────────╢
║School		│UCLA			║
╚═══════════════╧═══════════════════════╝
Russell Westbrook;G;23:53;3;11;0;2;8;10;3;2;5;2;3;0;4;1;14;
Russell Westbrook;G;24:49;3;13;2;4;5;6;2;3;5;6;1;0;3;5;13;
Russell Westbrook;G;29:58;8;17;3;6;5;5;1;2;3;9;0;0;3;1;24;
Russell Westbrook;G;29:27;7;12;1;2;6;7;0;2;2;6;3;0;1;1;21;
Russell Westbrook;G;25:15;10;12;4;5;2;2;0;2;2;5;2;0;5;2;26;
Russell Westbrook;G;20:17;4;9;1;3;4;4;1;9;10;14;3;0;6;2;13;
Russell Westbrook;G;30:28;13;22;4;9;6;6;2;7;9;9;4;0;3;1;36;
Russell Westbrook;G;30:32;7;23;2;10;4;5;3;4;7;8;3;0;8;4;20;
Russell Westbrook;G;30:08;6;14;1;4;11;14;0;4;4;7;4;0;5;2;24;
Russell Westbrook;G;23:20;9;17;4;7;7;9;1;1;2;9;3;1;3;2;29;
Russell Westbrook;G;28:16;5;14;3;7;4;6;0;9;9;9;0;0;2;4;17;
Russell Westbrook;G;19:11;5;13;1;4;4;4;1;2;3;1;1;0;3;0;15;
Russell Westbrook;G;32:54;8;18;2;6;5;6;1;6;7;8;3;0;8;5;23;
Russell Westbrook;G;24:29;7;12;0;2;4;4;0;5;5;6;0;0;4;2;18;
Russell Westbrook;G;24:36;5;11;0;2;9;9;0;5;5;4;1;0;2;3;19;
Russell Westbrook;G;30:38;10;20;1;4;6;6;0;1;1;6;4;0;2;1;27;
Russell Westbrook;G;33:29;12;26;2;9;7;8;1;3;4;8;0;2;5;6;33;
Russell Westbrook;G;33:08;12;24;0;3;6;8;3;8;11;6;2;0;1;2;30;
Russell Westbrook;G;28:15;10;17;0;2;4;4;2;3;5;7;0;1;1;2;24;
Russell Westbrook;G;33:03;7;23;3;10;4;5;4;5;9;7;1;0;4;2;21;
Russell Westbrook;G;34:02;5;15;0;3;12;15;3;3;6;8;6;0;4;3;22;
Russell Westbrook;G;32:45;5;16;0;2;11;14;1;3;4;7;1;0;4;3;21;
Russell Westbrook;G;32:45;10;20;0;1;2;5;0;1;1;4;2;0;5;2;22;
Russell Westbrook;G;30:05;5;19;1;3;9;10;2;3;5;0;3;0;4;3;20;
Russell Westbrook;G;30:01;4;16;3;7;2;2;3;1;4;4;1;0;5;3;13;
Russell Westbrook;G;34:49;7;18;2;4;3;5;2;2;4;10;2;0;5;2;19;
Russell Westbrook;G;35:58;13;20;2;5;3;5;2;7;9;5;3;0;5;3;31;
Russell Westbrook;G;33:14;10;20;1;4;5;8;0;3;3;4;1;0;3;1;26;
Russell Westbrook;G;38:06;10;25;3;4;7;10;2;10;12;7;0;0;5;2;30;
Russell Westbrook;G;31:21;5;13;0;6;2;3;0;6;6;5;1;0;3;3;12;
Russell Westbrook;G;32:12;2;16;0;5;2;4;0;3;3;8;2;0;2;3;6;
Russell Westbrook;G;41:44;10;25;2;5;12;15;0;1;1;7;5;0;1;2;34;
Russell Westbrook;G;31:33;7;15;4;7;1;2;1;1;2;5;3;1;1;3;19;
Russell Westbrook;G;32:25;7;19;1;5;0;0;3;5;8;7;1;0;7;1;15;
Russell Westbrook;G;29:33;7;17;2;4;5;5;1;2;3;5;0;0;3;2;21;
Russell Westbrook;G;33:37;8;16;3;8;6;7;0;1;1;4;4;0;4;2;25;
Russell Westbrook;G;31:58;11;17;1;6;3;3;1;6;7;13;1;0;5;2;26;
Russell Westbrook;G;35:15;6;21;1;6;1;2;0;9;9;11;4;0;4;1;14;
Russell Westbrook;G;27:26;7;12;2;5;11;11;1;5;6;9;2;0;3;1;27;
Russell Westbrook;G;30:54;7;19;1;4;4;4;0;8;8;12;2;0;3;3;19;
Russell Westbrook;G;33:09;7;22;0;5;6;6;3;9;12;6;2;1;5;1;20;
Russell Westbrook;G;36:13;9;16;1;4;2;4;1;12;13;8;0;0;8;1;21;
Russell Westbrook;G;27:52;7;12;0;0;6;7;0;2;2;10;1;0;5;4;20;
Russell Westbrook;G;34:17;13;22;2;5;3;3;2;2;4;8;0;0;3;1;31;
Russell Westbrook;G;35:13;8;17;1;2;10;11;1;8;9;5;2;0;5;2;27;
Russell Westbrook;G;29:09;5;15;1;3;3;4;1;12;13;10;1;1;2;2;14;
