╔═══════════════╤═══════════════╗
║Name		│Ryan Anderson	║
╟───────────────┼───────────────╢
║Number		│33		║
╟───────────────┼───────────────╢
║Position	│F		║
╟───────────────┼───────────────╢
║Height		│6-10		║
╟───────────────┼───────────────╢
║Weight		│240		║
╟───────────────┼───────────────╢
║Birth		│MAY 06, 1988	║
╟───────────────┼───────────────╢
║Age		│26		║
╟───────────────┼───────────────╢
║Exp		│5		║
╟───────────────┼───────────────╢
║School		│California	║
╚═══════════════╧═══════════════╝
Ryan Anderson;F;40:29;10;17;2;8;3;3;4;1;5;2;0;0;0;3;25;
Ryan Anderson;;24:54;5;11;1;3;2;3;3;4;7;0;0;0;1;2;13;
Ryan Anderson;;26:35;10;16;6;10;0;0;0;1;1;0;1;0;1;2;26;
Ryan Anderson;;33:02;6;9;4;6;3;3;2;3;5;0;0;1;1;1;19;
Ryan Anderson;;31:27;4;10;3;5;2;2;0;3;3;0;1;1;0;0;13;
Ryan Anderson;;29:04;6;15;1;5;4;4;2;1;3;0;0;0;0;2;17;
Ryan Anderson;;36:44;8;17;3;6;2;2;4;8;12;1;0;0;2;4;21;
Ryan Anderson;;25:55;7;16;4;9;0;0;3;5;8;2;0;0;2;3;18;
Ryan Anderson;;35:39;11;21;7;11;2;2;4;2;6;0;0;0;0;2;31;
Ryan Anderson;F;46:30;8;15;6;9;5;5;3;1;4;0;0;1;0;1;27;
Ryan Anderson;F;41:51;6;19;1;5;5;5;7;7;14;1;0;0;1;2;18;
Ryan Anderson;F;38:32;5;17;1;6;7;8;3;1;4;2;2;1;2;0;18;
Ryan Anderson;F;35:49;6;18;4;12;6;6;1;0;1;1;1;1;0;4;22;
Ryan Anderson;F;39:26;7;19;2;9;2;2;3;4;7;2;0;1;1;2;18;
Ryan Anderson;F;41:09;10;21;2;7;4;4;2;4;6;1;2;0;1;1;26;
Ryan Anderson;F;29:22;6;16;2;6;7;7;3;3;6;0;0;0;0;2;21;
Ryan Anderson;F;41:23;7;21;3;9;0;0;5;4;9;1;0;0;2;2;17;
Ryan Anderson;F;41:33;7;17;4;8;0;0;4;4;8;2;1;0;1;0;18;
Ryan Anderson;F;27:25;3;9;2;4;0;0;3;3;6;0;1;0;2;5;8;
Ryan Anderson;F;39:30;6;19;4;11;0;0;5;5;10;1;0;0;1;1;16;
Ryan Anderson;F;38:20;8;15;3;8;3;4;4;8;12;1;1;0;1;4;22;
Ryan Anderson;F;40:04;5;11;1;5;2;2;0;3;3;0;0;1;0;1;13;
