╔═══════════════╤═══════════════╗
║Name		│Ryan Kelly	║
╟───────────────┼───────────────╢
║Number		│4		║
╟───────────────┼───────────────╢
║Position	│F		║
╟───────────────┼───────────────╢
║Height		│6-11		║
╟───────────────┼───────────────╢
║Weight		│230		║
╟───────────────┼───────────────╢
║Birth		│APR 09, 1991	║
╟───────────────┼───────────────╢
║Age		│23		║
╟───────────────┼───────────────╢
║Exp		│R		║
╟───────────────┼───────────────╢
║School		│Duke		║
╚═══════════════╧═══════════════╝
Ryan Kelly;;12:40;1;2;1;1;3;4;0;1;1;1;0;0;2;4;6;
Ryan Kelly;;18:51;2;5;0;1;2;3;0;1;1;1;0;0;0;1;6;
Ryan Kelly;;26:38;1;5;1;4;2;2;0;4;4;3;1;1;1;3;5;
Ryan Kelly;;13:31;0;3;0;1;2;2;0;1;1;0;0;0;1;5;2;
Ryan Kelly;;18:38;1;6;0;2;3;3;1;4;5;2;0;0;0;5;5;
Ryan Kelly;;12:01;1;5;0;4;1;1;1;2;3;0;0;0;1;2;3;
Ryan Kelly;;30:40;3;7;1;4;2;2;1;6;7;0;2;3;3;3;9;
Ryan Kelly;;34:06;6;12;2;4;6;6;1;3;4;0;0;1;1;5;20;
Ryan Kelly;F;37:02;5;7;1;2;6;6;0;5;5;2;2;0;1;0;17;
Ryan Kelly;F;34:33;4;9;1;4;4;4;3;4;7;2;0;0;1;5;13;
Ryan Kelly;F;25:45;3;10;1;4;0;2;1;4;5;2;1;0;2;3;7;
Ryan Kelly;F;30:02;5;8;2;3;3;3;0;3;3;2;0;1;0;4;15;
Ryan Kelly;F;20:52;2;2;1;1;0;0;0;1;1;2;0;0;1;4;5;
Ryan Kelly;F;19:13;2;7;0;2;6;7;1;2;3;2;1;2;0;3;10;
Ryan Kelly;F;33:21;4;10;1;4;4;4;1;5;6;3;0;1;0;1;13;
Ryan Kelly;F;20:58;2;11;2;3;0;0;0;2;2;3;1;0;1;4;6;
Ryan Kelly;F;41:46;8;16;3;7;7;9;1;5;6;0;1;0;2;4;26;
Ryan Kelly;F;31:17;7;12;1;4;0;0;1;7;8;2;2;0;2;0;15;
Ryan Kelly;F;15:52;0;5;0;2;0;0;0;2;2;1;0;1;0;1;0;
Ryan Kelly;;17:54;1;1;0;0;1;3;1;0;1;0;0;1;0;0;3;
Ryan Kelly;;16:15;2;6;1;3;2;5;0;2;2;2;0;1;2;2;7;
Ryan Kelly;F;29:19;4;14;1;5;4;4;1;2;3;3;0;2;1;3;13;
Ryan Kelly;F;12:18;0;0;0;0;0;0;0;3;3;0;0;1;1;3;0;
Ryan Kelly;;14:33;3;4;1;2;0;0;0;2;2;1;0;2;0;4;7;
Ryan Kelly;;10:10;1;1;1;1;0;0;0;0;0;0;0;3;0;1;3;
Ryan Kelly;;15:52;2;2;1;1;0;0;0;4;4;1;0;2;0;1;5;
Ryan Kelly;;11:41;2;4;0;1;0;0;1;0;1;0;2;0;0;3;4;
Ryan Kelly;;18:50;2;2;0;0;0;0;0;2;2;0;1;2;0;2;4;
Ryan Kelly;;21:08;2;4;1;2;4;5;0;6;6;0;1;0;0;0;9;
Ryan Kelly;;32:46;7;14;4;8;6;6;3;8;11;1;1;1;1;4;24;
Ryan Kelly;F;37:00;5;10;2;3;0;0;0;5;5;8;1;2;0;2;12;
Ryan Kelly;F;28:54;4;8;2;2;2;2;1;3;4;6;0;2;1;2;12;
Ryan Kelly;F;33:14;2;8;0;1;2;2;0;6;6;2;1;1;0;3;6;
Ryan Kelly;F;33:36;3;9;1;4;7;8;0;6;6;1;2;1;3;4;14;
Ryan Kelly;;19:18;3;4;0;1;1;2;0;3;3;1;0;0;0;5;7;
Ryan Kelly;;21:47;4;5;1;1;0;0;1;3;4;1;0;0;0;1;9;
Ryan Kelly;;33:58;3;6;3;5;0;0;0;4;4;8;2;0;1;3;9;
Ryan Kelly;;16:24;1;3;0;1;3;3;1;3;4;0;1;0;1;2;5;
Ryan Kelly;;23:47;4;11;1;3;0;0;2;2;4;4;0;1;0;4;9;
Ryan Kelly;;29:33;6;12;2;3;3;3;0;5;5;2;2;2;1;1;17;
Ryan Kelly;;20:08;3;8;1;3;2;2;4;5;9;2;0;2;1;3;9;
Ryan Kelly;F;28:02;2;6;0;2;2;4;1;4;5;2;0;2;0;3;6;
Ryan Kelly;F;14:44;1;6;0;2;1;2;0;1;1;4;2;0;1;3;3;
Ryan Kelly;F;31:12;3;11;0;4;0;0;1;3;4;1;2;0;0;5;6;
Ryan Kelly;F;31:53;5;11;0;3;8;11;0;3;3;2;1;1;0;4;18;
Ryan Kelly;F;37:26;5;11;2;4;2;2;2;9;11;3;1;1;4;1;14;
Ryan Kelly;F;24:29;2;8;1;3;3;4;0;1;1;3;1;1;2;5;8;
Ryan Kelly;F;32:13;2;9;0;4;0;0;3;2;5;3;0;1;4;2;4;
Ryan Kelly;F;36:36;6;11;0;3;0;0;1;7;8;2;0;0;1;3;12;
Ryan Kelly;;3:02;1;1;1;1;0;0;1;0;1;0;0;0;0;0;3;
Ryan Kelly;;3:47;1;2;1;2;0;1;0;1;1;0;0;0;0;1;3;
Ryan Kelly;;5:21;1;4;0;2;0;0;1;2;3;0;0;1;0;0;2;
Ryan Kelly;;6:45;0;0;0;0;0;0;1;0;1;2;0;0;0;2;0;
Ryan Kelly;;4:24;0;0;0;0;0;0;0;1;1;0;0;0;0;0;0;
Ryan Kelly;;9:17;1;2;0;1;1;1;0;0;0;0;0;0;1;2;3;
Ryan Kelly;;16:50;1;2;1;1;1;2;0;1;1;1;0;0;0;2;4;
Ryan Kelly;;13:01;1;1;0;0;0;0;0;1;1;0;0;0;0;0;2;
Ryan Kelly;;17:34;2;2;0;0;3;3;2;4;6;0;0;2;2;3;7;
Ryan Kelly;;19:05;2;6;1;3;1;2;2;1;3;1;0;0;0;1;6;
