╔═══════════════╤═══════════════╗
║Name		│Ryan Hollins	║
╟───────────────┼───────────────╢
║Number		│15		║
╟───────────────┼───────────────╢
║Position	│C		║
╟───────────────┼───────────────╢
║Height		│7-0		║
╟───────────────┼───────────────╢
║Weight		│240		║
╟───────────────┼───────────────╢
║Birth		│OCT 10, 1984	║
╟───────────────┼───────────────╢
║Age		│29		║
╟───────────────┼───────────────╢
║Exp		│7		║
╟───────────────┼───────────────╢
║School		│UCLA		║
╚═══════════════╧═══════════════╝
Ryan Hollins;;10:55;2;3;0;0;1;2;1;2;3;0;0;0;1;3;5;
Ryan Hollins;;4:36;1;1;0;0;1;1;0;1;1;0;0;1;0;0;3;
Ryan Hollins;;12:41;0;0;0;0;2;2;1;1;2;0;0;0;1;2;2;
Ryan Hollins;;8:54;0;0;0;0;0;0;0;0;0;0;0;1;0;1;0;
Ryan Hollins;;16:34;1;1;0;0;3;6;2;3;5;0;1;2;0;5;5;
Ryan Hollins;;5:05;0;0;0;0;1;2;0;1;1;0;0;0;0;1;1;
Ryan Hollins;;6:56;1;2;0;0;2;2;0;0;0;0;0;1;1;0;4;
Ryan Hollins;;7:57;2;2;0;0;0;0;0;1;1;0;0;1;1;2;4;
Ryan Hollins;;11:02;1;1;0;0;0;0;1;2;3;1;0;0;0;0;2;
Ryan Hollins;;4:53;0;0;0;0;0;0;0;0;0;0;0;1;0;1;0;
Ryan Hollins;;3:06;0;0;0;0;0;0;0;0;0;0;1;1;0;0;0;
Ryan Hollins;;14:14;1;2;0;0;0;0;0;3;3;1;0;0;0;1;2;
Ryan Hollins;;3:34;0;0;0;0;0;0;0;0;0;0;0;0;0;0;0;
Ryan Hollins;;3:40;1;1;0;0;0;0;0;1;1;0;0;0;1;0;2;
Ryan Hollins;;12:13;1;1;0;0;0;0;0;1;1;0;0;1;1;1;2;
Ryan Hollins;;4:57;1;1;0;0;0;0;1;0;1;0;0;1;0;2;2;
Ryan Hollins;;6:25;0;0;0;0;1;2;0;1;1;0;0;1;0;3;1;
Ryan Hollins;;18:27;5;5;0;0;0;0;3;1;4;2;0;2;2;2;10;
Ryan Hollins;;6:27;1;1;0;0;0;0;1;0;1;0;1;1;1;2;2;
Ryan Hollins;;4:30;1;1;0;0;0;0;0;0;0;0;0;0;0;1;2;
Ryan Hollins;;4:52;0;0;0;0;0;0;0;1;1;0;1;0;0;0;0;
Ryan Hollins;;5:05;0;0;0;0;0;0;0;1;1;0;0;0;1;1;0;
Ryan Hollins;;10:53;0;0;0;0;0;0;0;2;2;0;0;0;0;5;0;
Ryan Hollins;;2:39;1;2;0;0;0;0;1;0;1;0;0;0;0;0;2;
Ryan Hollins;;8:30;3;3;0;0;0;0;2;0;2;0;0;1;0;2;6;
Ryan Hollins;;7:26;2;4;0;0;1;2;1;0;1;0;0;1;0;1;5;
Ryan Hollins;;2:22;2;2;0;0;0;0;1;0;1;1;0;0;0;0;4;
Ryan Hollins;;0:40;0;0;0;0;2;2;0;0;0;0;0;0;0;0;2;
Ryan Hollins;;0:35;0;0;0;0;0;0;0;0;0;0;0;0;0;0;0;
Ryan Hollins;;7:40;2;2;0;0;0;0;2;1;3;1;0;0;0;4;4;
Ryan Hollins;;5:18;0;0;0;0;1;2;0;1;1;0;1;0;0;0;1;
Ryan Hollins;;1:04;0;0;0;0;2;2;0;1;1;0;0;0;1;0;2;
Ryan Hollins;;14:23;0;1;0;0;2;2;1;1;2;1;0;4;1;3;2;
Ryan Hollins;;3:58;0;2;0;0;0;2;0;1;1;0;0;1;0;1;0;
Ryan Hollins;;4:22;2;2;0;0;0;0;0;1;1;0;1;1;0;1;4;
Ryan Hollins;;8:01;0;1;0;0;0;0;1;0;1;0;0;1;3;5;0;
Ryan Hollins;;4:45;1;1;0;0;0;0;0;0;0;0;0;0;0;0;2;
Ryan Hollins;;12:02;2;4;0;0;3;5;0;2;2;1;0;0;1;0;7;
Ryan Hollins;;10:31;2;2;0;0;0;0;1;0;1;0;0;0;0;1;4;
Ryan Hollins;;5:12;2;2;0;0;0;0;1;1;2;0;0;0;0;0;4;
Ryan Hollins;;5:40;0;0;0;0;1;2;0;0;0;0;0;0;0;2;1;
Ryan Hollins;;20:34;2;4;0;0;1;3;0;3;3;0;0;2;2;4;5;
Ryan Hollins;;10:24;2;2;0;0;1;2;1;3;4;0;0;1;1;6;5;
Ryan Hollins;;8:39;2;2;0;0;0;0;0;4;4;0;0;1;2;1;4;
Ryan Hollins;;21:16;1;3;0;0;0;0;2;3;5;0;0;0;0;3;2;
Ryan Hollins;;7:56;1;1;0;0;2;2;0;2;2;0;0;0;2;0;4;
Ryan Hollins;;10:11;1;1;0;0;1;2;0;0;0;0;0;0;0;2;3;
Ryan Hollins;;8:37;1;1;0;0;1;2;2;1;3;0;0;1;1;2;3;
Ryan Hollins;;13:37;1;1;0;0;0;0;0;1;1;0;0;0;1;2;2;
Ryan Hollins;;11:02;0;0;0;0;0;0;1;0;1;0;0;0;1;4;0;
Ryan Hollins;;6:49;0;0;0;0;0;0;1;0;1;0;0;1;0;0;0;
Ryan Hollins;;6:19;0;0;0;0;1;2;0;0;0;0;0;0;1;1;1;
Ryan Hollins;;3:14;0;0;0;0;0;0;0;1;1;0;1;0;0;1;0;
Ryan Hollins;;11:11;2;3;0;0;3;3;2;2;4;0;0;0;0;1;7;
Ryan Hollins;;4:34;0;0;0;0;0;0;0;2;2;0;0;0;0;1;0;
Ryan Hollins;;2:06;0;0;0;0;0;0;0;0;0;0;0;0;1;2;0;
Ryan Hollins;;2:60;0;1;0;0;0;0;0;1;1;0;0;0;0;0;0;
Ryan Hollins;;10:05;0;1;0;0;1;2;0;2;2;0;0;1;0;0;1;
Ryan Hollins;;12:52;1;1;0;0;0;0;0;1;1;0;1;0;1;2;2;
Ryan Hollins;;7:46;0;0;0;0;1;2;0;0;0;0;0;0;0;1;1;
Ryan Hollins;;8:39;1;1;0;0;0;0;1;2;3;0;1;1;0;1;2;
