╔═══════════════╤═══════════════════════╗
║Name		│Samuel Dalembert	║
╟───────────────┼───────────────────────╢
║Number		│N/A			║
╟───────────────┼───────────────────────╢
║Position	│C			║
╟───────────────┼───────────────────────╢
║Height		│6-11			║
╟───────────────┼───────────────────────╢
║Weight		│250			║
╟───────────────┼───────────────────────╢
║Birth		│MAY 10, 1981		║
╟───────────────┼───────────────────────╢
║Age		│33			║
╟───────────────┼───────────────────────╢
║Exp		│11			║
╟───────────────┼───────────────────────╢
║School		│Seton Hall		║
╚═══════════════╧═══════════════════════╝
Samuel Dalembert;C;18:03;1;3;0;0;0;0;3;4;7;0;1;0;1;2;2;
Samuel Dalembert;C;20:47;2;5;0;0;5;6;2;3;5;0;0;1;1;3;9;
Samuel Dalembert;;12:34;0;0;0;0;0;2;1;4;5;1;1;2;1;2;0;
Samuel Dalembert;;11:09;1;1;0;0;1;2;2;3;5;0;0;0;0;2;3;
Samuel Dalembert;C;18:23;4;6;0;0;1;2;2;6;8;1;0;3;1;1;9;
Samuel Dalembert;C;23:03;2;4;0;0;0;0;2;7;9;1;0;0;0;3;4;
Samuel Dalembert;C;19:00;1;2;0;0;0;0;1;5;6;0;0;1;3;4;2;
Samuel Dalembert;C;21:24;9;13;0;0;2;5;7;0;7;2;1;0;1;4;20;
Samuel Dalembert;C;20:10;3;3;0;0;3;3;0;7;7;1;0;0;1;5;9;
Samuel Dalembert;C;13:21;1;2;0;0;0;0;1;5;6;0;0;0;1;3;2;
Samuel Dalembert;C;14:04;0;0;0;0;1;2;1;2;3;1;0;2;2;1;1;
Samuel Dalembert;C;17:22;1;3;0;0;2;2;3;4;7;0;1;0;3;4;4;
Samuel Dalembert;C;13:52;0;1;0;0;2;2;3;2;5;0;1;0;4;3;2;
Samuel Dalembert;C;20:27;3;5;0;0;0;2;2;3;5;1;1;3;0;3;6;
Samuel Dalembert;C;11:54;1;2;0;0;0;0;1;2;3;0;0;1;0;3;2;
Samuel Dalembert;C;15:46;3;4;0;0;0;0;1;3;4;0;0;1;0;3;6;
Samuel Dalembert;C;24:30;7;8;0;0;4;4;4;4;8;0;0;2;0;2;18;
Samuel Dalembert;C;23:22;6;10;0;0;2;3;6;4;10;0;0;0;1;4;14;
Samuel Dalembert;C;23:30;6;8;0;0;0;0;4;2;6;0;0;0;0;4;12;
Samuel Dalembert;C;22:51;3;6;0;0;0;0;4;7;11;0;0;1;0;3;6;
Samuel Dalembert;C;18:02;2;4;0;0;0;0;1;5;6;0;0;0;1;3;4;
Samuel Dalembert;C;20:02;2;8;0;0;0;0;1;6;7;0;1;0;2;2;4;
Samuel Dalembert;C;19:07;3;8;0;0;1;2;4;5;9;0;0;0;0;2;7;
Samuel Dalembert;C;16:05;2;4;0;0;2;2;0;6;6;1;0;2;1;0;6;
Samuel Dalembert;C;24:44;6;9;0;0;0;3;6;5;11;1;0;3;2;1;12;
Samuel Dalembert;C;22:47;2;5;0;0;2;4;5;5;10;1;1;0;2;3;6;
Samuel Dalembert;C;21:29;3;4;0;0;0;0;0;1;1;0;1;1;1;2;6;
Samuel Dalembert;C;22:46;2;4;0;0;2;2;4;6;10;0;0;2;2;3;6;
Samuel Dalembert;C;18:35;3;7;0;0;2;2;5;5;10;0;0;0;0;4;8;
Samuel Dalembert;C;9:33;0;3;0;0;0;0;0;1;1;1;0;0;0;0;0;
Samuel Dalembert;C;28:14;1;5;0;0;2;2;3;5;8;0;1;3;1;5;4;
Samuel Dalembert;C;18:06;4;9;0;0;0;0;4;4;8;0;0;0;2;5;8;
Samuel Dalembert;C;19:31;2;3;0;0;4;6;0;5;5;2;0;0;1;1;8;
Samuel Dalembert;C;15:29;2;3;0;0;0;0;0;4;4;1;0;1;3;5;4;
Samuel Dalembert;C;20:32;4;4;0;0;2;2;0;3;3;0;2;1;2;3;10;
Samuel Dalembert;C;22:43;3;4;0;0;0;0;1;6;7;0;0;2;3;4;6;
Samuel Dalembert;C;21:36;3;7;0;0;1;2;7;7;14;2;1;3;0;0;7;
Samuel Dalembert;C;16:03;1;6;0;0;2;2;7;3;10;0;1;1;3;0;4;
Samuel Dalembert;C;34:57;4;5;0;0;4;6;5;10;15;1;0;7;0;2;12;
Samuel Dalembert;C;21:08;5;6;0;0;0;0;4;3;7;1;1;1;2;3;10;
Samuel Dalembert;C;22:14;3;5;0;0;0;0;5;6;11;1;0;1;1;3;6;
Samuel Dalembert;C;23:54;7;8;0;0;1;2;2;4;6;0;2;3;3;3;15;
Samuel Dalembert;C;7:04;1;2;0;0;0;0;2;1;3;0;0;0;0;1;2;
Samuel Dalembert;C;28:35;3;4;0;0;6;6;3;3;6;1;0;2;2;4;12;
Samuel Dalembert;C;21:08;6;9;0;0;2;2;4;10;14;0;1;1;0;1;14;
Samuel Dalembert;C;24:23;3;6;0;0;0;0;3;8;11;1;1;1;2;5;6;
Samuel Dalembert;C;27:15;5;6;0;0;0;0;1;5;6;2;0;2;0;2;10;
Samuel Dalembert;C;19:58;1;5;0;0;0;0;4;7;11;1;0;1;0;2;2;
Samuel Dalembert;C;14:26;2;5;0;0;2;2;3;2;5;0;0;1;0;0;6;
Samuel Dalembert;C;11:28;1;2;0;0;0;0;1;2;3;0;0;0;2;5;2;
Samuel Dalembert;C;26:54;2;4;0;0;0;0;1;8;9;0;0;1;1;1;4;
Samuel Dalembert;C;22:21;3;5;0;0;0;1;1;4;5;0;1;1;1;5;6;
Samuel Dalembert;C;25:50;4;4;0;0;6;6;2;7;9;2;2;0;2;5;14;
Samuel Dalembert;C;23:02;5;7;0;0;0;0;2;4;6;1;1;1;1;0;10;
Samuel Dalembert;C;24:17;3;10;0;0;0;0;5;4;9;0;0;0;3;2;6;
Samuel Dalembert;C;12:30;2;3;0;0;0;0;3;1;4;0;1;3;2;3;4;
Samuel Dalembert;C;26:05;3;6;0;0;0;0;4;2;6;0;0;2;1;4;6;
Samuel Dalembert;C;22:46;5;7;0;0;5;6;3;2;5;1;2;0;1;2;15;
Samuel Dalembert;C;20:18;2;5;0;0;0;0;2;7;9;0;3;1;1;1;4;
Samuel Dalembert;C;23:05;3;5;0;0;0;2;1;3;4;1;1;2;4;5;6;
Samuel Dalembert;;27:32;3;6;0;0;2;2;5;9;14;0;0;3;1;1;8;
Samuel Dalembert;C;31:48;1;3;0;0;4;4;2;8;10;0;0;4;2;5;6;
Samuel Dalembert;C;28:31;8;8;0;0;2;4;5;7;12;1;0;2;3;4;18;
Samuel Dalembert;C;21:42;0;0;0;0;3;4;1;2;3;2;1;0;0;2;3;
Samuel Dalembert;;17:45;1;1;0;0;0;0;0;3;3;0;0;2;0;3;2;
Samuel Dalembert;C;27:08;4;6;0;0;3;3;1;5;6;0;1;3;0;2;11;
Samuel Dalembert;C;21:34;1;2;0;0;6;6;1;3;4;0;1;2;0;3;8;
Samuel Dalembert;C;25:13;6;7;0;0;0;2;3;4;7;0;0;1;1;3;12;
Samuel Dalembert;C;17:09;0;3;0;0;2;2;2;4;6;0;0;0;0;4;2;
Samuel Dalembert;;18:49;3;6;0;0;0;0;4;3;7;1;0;1;0;1;6;
Samuel Dalembert;;11:43;0;1;0;0;0;0;1;1;2;1;0;1;1;0;0;
Samuel Dalembert;;12:19;0;2;0;1;3;4;2;4;6;0;2;0;0;4;3;
Samuel Dalembert;;23:59;0;4;0;0;0;0;1;3;4;1;0;1;0;0;0;
Samuel Dalembert;;13:20;3;3;0;0;2;3;4;3;7;1;2;2;2;2;8;
Samuel Dalembert;;5:51;1;2;0;0;0;0;0;1;1;0;0;0;0;1;2;
Samuel Dalembert;;6:58;0;3;0;0;0;0;2;1;3;0;0;0;0;1;0;
Samuel Dalembert;C;28:52;3;6;0;0;2;2;4;3;7;0;3;0;0;3;8;
Samuel Dalembert;;24:16;4;7;0;0;0;0;1;5;6;0;0;3;1;2;8;
Samuel Dalembert;C;24:23;1;2;0;0;0;0;0;5;5;0;1;1;3;4;2;
Samuel Dalembert;C;20:14;3;3;0;0;3;4;2;5;7;1;0;1;1;4;9;
