╔═══════════════╤═══════════════════════════════╗
║Name		│Serge Ibaka			║
╟───────────────┼───────────────────────────────╢
║Number		│9				║
╟───────────────┼───────────────────────────────╢
║Position	│F-C				║
╟───────────────┼───────────────────────────────╢
║Height		│6-10				║
╟───────────────┼───────────────────────────────╢
║Weight		│245				║
╟───────────────┼───────────────────────────────╢
║Birth		│SEP 18, 1989			║
╟───────────────┼───────────────────────────────╢
║Age		│24				║
╟───────────────┼───────────────────────────────╢
║Exp		│4				║
╟───────────────┼───────────────────────────────╢
║School		│Brazzaville, Rep. of Congo	║
╚═══════════════╧═══════════════════════════════╝
Serge Ibaka;F;34:09;5;9;0;0;0;1;2;9;11;0;2;1;2;1;10;
Serge Ibaka;F;32:15;6;13;0;2;0;0;0;3;3;0;2;1;3;4;12;
Serge Ibaka;F;34:11;8;13;0;1;1;2;5;6;11;3;0;2;1;2;17;
Serge Ibaka;F;24:09;3;11;0;0;2;2;3;7;10;0;0;3;0;2;8;
Serge Ibaka;F;32:37;7;14;1;2;2;2;6;11;17;1;0;3;3;0;17;
Serge Ibaka;F;34:27;5;13;1;2;0;0;1;8;9;0;1;4;1;4;11;
Serge Ibaka;F;37:24;10;13;1;1;0;0;4;11;15;0;0;5;3;5;21;
Serge Ibaka;F;34:54;8;11;0;1;5;7;4;4;8;2;1;0;1;2;21;
Serge Ibaka;F;28:41;9;13;0;0;2;3;3;3;6;0;0;2;2;2;20;
Serge Ibaka;F;31:30;4;15;0;0;2;2;1;4;5;0;0;5;1;2;10;
Serge Ibaka;F;37:19;7;14;0;1;0;0;2;7;9;0;2;5;1;2;14;
Serge Ibaka;F;28:27;9;13;1;1;2;2;2;5;7;2;0;0;0;3;21;
Serge Ibaka;F;33:03;12;16;0;0;1;2;3;8;11;1;1;5;5;2;25;
Serge Ibaka;F;31:43;4;8;1;1;0;0;1;2;3;0;1;6;3;2;9;
Serge Ibaka;F;33:19;10;20;0;0;2;2;6;2;8;1;1;1;2;1;22;
Serge Ibaka;F;30:39;12;12;0;0;1;2;4;5;9;1;1;1;1;1;25;
Serge Ibaka;F;31:19;6;12;0;2;2;2;1;7;8;1;1;4;0;1;14;
Serge Ibaka;F;37:02;10;17;0;1;1;1;3;9;12;1;0;1;1;3;21;
Serge Ibaka;F;32:04;7;12;0;0;0;0;5;2;7;1;0;3;4;3;14;
Serge Ibaka;F;39:34;10;13;1;1;5;6;1;5;6;1;0;5;0;2;26;
Serge Ibaka;F;35:19;8;11;0;0;0;0;2;7;9;3;0;1;2;5;16;
Serge Ibaka;F;33:35;3;11;1;2;0;0;4;7;11;0;1;2;2;5;7;
Serge Ibaka;F;35:52;4;9;0;0;2;2;2;5;7;2;0;5;0;3;10;
Serge Ibaka;F;35:06;5;11;0;1;4;6;5;3;8;1;0;1;2;4;14;
Serge Ibaka;F;38:52;10;16;0;1;0;0;3;3;6;0;0;2;0;5;20;
Serge Ibaka;F;38:16;8;12;0;0;0;0;5;8;13;2;0;4;3;3;16;
Serge Ibaka;F;28:52;7;11;0;0;2;2;5;4;9;1;0;3;3;4;16;
Serge Ibaka;F;26:50;5;8;1;1;4;6;2;8;10;1;0;2;3;4;15;
Serge Ibaka;F;27:12;5;10;0;0;4;4;1;3;4;1;0;3;2;1;14;
Serge Ibaka;F;37:27;7;11;0;0;4;4;1;4;5;2;1;3;1;4;18;
Serge Ibaka;F;34:09;9;18;0;0;3;5;8;7;15;1;2;2;0;4;21;
Serge Ibaka;F;36:36;6;14;0;1;0;0;7;9;16;1;0;4;3;3;12;
Serge Ibaka;F;28:55;6;9;1;1;2;2;5;8;13;0;2;7;1;2;15;
Serge Ibaka;F;32:19;8;19;0;0;3;4;3;3;6;2;0;2;0;1;19;
Serge Ibaka;F;33:55;6;11;1;1;2;4;0;4;4;2;0;2;1;2;15;
Serge Ibaka;F;33:58;6;13;0;0;4;4;4;7;11;1;0;3;3;3;16;
Serge Ibaka;F;39:29;6;15;0;3;1;1;3;2;5;0;0;0;1;3;13;
Serge Ibaka;F;32:38;7;15;1;1;0;0;1;6;7;1;0;3;0;3;15;
Serge Ibaka;F;32:53;5;9;0;0;0;2;2;3;5;1;0;1;1;5;10;
Serge Ibaka;F;30:28;2;6;0;0;4;4;0;8;8;1;1;4;3;2;8;
Serge Ibaka;F;30:58;7;13;0;0;3;4;1;5;6;2;0;4;0;2;17;
Serge Ibaka;F;39:50;5;11;0;0;1;2;2;10;12;0;1;3;2;0;11;
Serge Ibaka;F;35:43;11;17;2;4;3;4;4;5;9;4;2;6;0;5;27;
Serge Ibaka;F;35:07;3;5;0;0;5;6;1;5;6;1;1;0;1;5;11;
Serge Ibaka;F;27:40;8;16;0;1;3;4;0;4;4;1;0;0;0;3;19;
Serge Ibaka;F;29:41;5;12;1;1;4;4;1;6;7;1;0;4;1;4;15;
Serge Ibaka;F;29:33;6;8;0;0;4;4;2;8;10;0;0;8;2;3;16;
Serge Ibaka;F;31:57;4;11;1;2;2;2;3;3;6;1;3;3;1;5;11;
Serge Ibaka;F;40:27;7;13;0;2;8;10;6;10;16;5;1;1;0;2;22;
Serge Ibaka;F;32:03;5;9;0;0;0;1;7;8;15;1;0;6;5;5;10;
Serge Ibaka;F;37:35;4;15;0;0;0;0;4;6;10;0;1;2;1;3;8;
Serge Ibaka;F;30:42;3;13;1;4;2;2;2;7;9;1;0;0;1;3;9;
Serge Ibaka;F;24:52;4;12;0;1;1;1;4;6;10;0;0;0;1;3;9;
Serge Ibaka;F;36:17;8;10;1;1;0;0;3;10;13;1;1;3;2;2;17;
Serge Ibaka;F;27:20;5;9;0;1;1;2;4;5;9;2;0;3;0;1;11;
Serge Ibaka;F;45:57;11;18;0;1;3;4;4;8;12;0;0;3;2;4;25;
Serge Ibaka;F;16:36;6;6;0;0;1;1;0;2;2;1;0;0;1;0;13;
Serge Ibaka;F;42:09;9;14;0;0;9;9;5;8;13;0;0;3;3;3;27;
Serge Ibaka;F;33:49;6;13;0;1;3;4;4;16;20;1;0;4;0;3;15;
Serge Ibaka;F;31:11;3;7;0;0;0;0;5;2;7;4;0;3;0;5;6;
Serge Ibaka;F;30:42;8;10;0;0;1;2;0;5;5;1;1;3;3;3;17;
Serge Ibaka;F;29:36;8;13;0;0;1;2;2;9;11;0;0;3;1;1;17;
Serge Ibaka;F;37:54;7;15;0;0;3;4;2;9;11;2;1;5;0;1;17;
Serge Ibaka;F;46:45;6;11;0;0;6;8;3;10;13;0;0;4;3;4;18;
Serge Ibaka;F;38:28;7;17;0;1;1;1;2;6;8;1;0;3;3;3;15;
Serge Ibaka;F;34:18;6;14;1;1;0;0;3;6;9;1;0;2;1;1;13;
Serge Ibaka;F;35:36;6;13;0;0;1;1;4;6;10;1;0;3;2;3;13;
Serge Ibaka;F;37:55;5;12;0;0;7;8;3;10;13;0;1;3;3;3;17;
Serge Ibaka;F;30:05;6;8;0;0;1;2;0;3;3;1;2;1;3;4;13;
Serge Ibaka;F;32:58;7;14;0;0;5;7;2;8;10;1;0;2;1;4;19;
Serge Ibaka;F;32:02;6;14;0;1;0;0;0;7;7;3;0;2;3;3;12;
Serge Ibaka;F;24:39;8;13;0;0;3;4;4;6;10;1;1;1;1;2;19;
Serge Ibaka;F;20:47;2;6;0;0;0;0;1;1;2;1;0;2;0;3;4;
Serge Ibaka;F;31:08;7;11;0;0;3;4;5;5;10;0;0;1;1;3;17;
Serge Ibaka;F;20:54;2;4;1;1;0;0;1;2;3;1;0;3;1;5;5;
Serge Ibaka;F;32:39;6;14;2;4;0;0;3;11;14;1;1;3;2;4;14;
Serge Ibaka;F;31:51;4;9;1;1;0;0;2;4;6;1;1;2;1;4;9;
Serge Ibaka;F;27:26;10;14;1;1;3;4;1;2;3;1;1;1;1;1;24;
Serge Ibaka;F;36:20;6;8;0;1;0;0;2;7;9;2;0;3;2;3;12;
Serge Ibaka;F;26:56;4;11;0;1;0;0;0;5;5;2;0;2;2;2;8;
Serge Ibaka;F;31:09;8;14;0;1;1;2;2;2;4;0;0;3;1;3;17;
