╔═══════════════╤═══════════════╗
║Name		│Sergey Karasev	║
╟───────────────┼───────────────╢
║Number		│10		║
╟───────────────┼───────────────╢
║Position	│G		║
╟───────────────┼───────────────╢
║Height		│6-7		║
╟───────────────┼───────────────╢
║Weight		│196		║
╟───────────────┼───────────────╢
║Birth		│OCT 26, 1993	║
╟───────────────┼───────────────╢
║Age		│20		║
╟───────────────┼───────────────╢
║Exp		│R		║
╟───────────────┼───────────────╢
║School		│Russia		║
╚═══════════════╧═══════════════╝
Sergey Karasev;;7:07;0;2;0;1;0;0;0;1;1;0;0;0;1;3;0;
Sergey Karasev;;0:56;0;0;0;0;0;0;0;0;0;0;0;0;0;0;0;
Sergey Karasev;;6:02;1;2;0;1;0;0;0;0;0;0;0;0;0;1;2;
Sergey Karasev;;0:52;0;0;0;0;0;0;0;0;0;0;0;0;0;0;0;
Sergey Karasev;;3:49;0;0;0;0;0;0;0;0;0;0;0;0;0;0;0;
Sergey Karasev;;3:13;0;0;0;0;0;0;0;0;0;0;0;0;1;1;0;
Sergey Karasev;;2:36;2;2;0;0;0;0;0;0;0;1;0;0;0;1;4;
Sergey Karasev;;7:11;0;1;0;1;0;0;0;1;1;0;0;0;1;3;0;
Sergey Karasev;;1:05;0;0;0;0;0;0;0;0;0;0;0;0;0;0;0;
Sergey Karasev;;5:12;0;1;0;0;0;0;0;0;0;0;0;0;1;0;0;
Sergey Karasev;;14:18;2;5;1;1;2;2;0;4;4;2;0;0;0;1;7;
Sergey Karasev;;8:40;0;3;0;2;0;0;0;0;0;0;0;0;1;0;0;
Sergey Karasev;;5:53;1;2;0;1;0;0;0;0;0;0;0;0;0;0;2;
Sergey Karasev;;1:48;0;1;0;1;2;2;0;0;0;0;0;0;0;0;2;
Sergey Karasev;;11:11;2;3;2;3;0;0;0;0;0;0;0;0;1;4;6;
Sergey Karasev;;21:03;2;6;0;3;4;4;0;5;5;1;0;0;1;2;8;
Sergey Karasev;;18:51;1;3;1;3;0;0;0;3;3;0;1;1;2;3;3;
Sergey Karasev;G;15:12;0;1;0;0;1;2;0;0;0;1;1;0;1;3;1;
Sergey Karasev;;2:51;0;0;0;0;0;0;0;1;1;0;0;0;0;0;0;
Sergey Karasev;;1:38;0;0;0;0;0;0;0;0;0;0;0;0;0;0;0;
Sergey Karasev;;8:18;1;3;0;2;0;0;0;0;0;0;1;0;0;0;2;
Sergey Karasev;;8:03;0;0;0;0;0;0;0;1;1;1;0;0;1;0;0;
