╔═══════════════╤═══════════════════════╗
║Name		│Shabazz Muhammad	║
╟───────────────┼───────────────────────╢
║Number		│15			║
╟───────────────┼───────────────────────╢
║Position	│F			║
╟───────────────┼───────────────────────╢
║Height		│6-6			║
╟───────────────┼───────────────────────╢
║Weight		│222			║
╟───────────────┼───────────────────────╢
║Birth		│NOV 13, 1992		║
╟───────────────┼───────────────────────╢
║Age		│21			║
╟───────────────┼───────────────────────╢
║Exp		│R			║
╟───────────────┼───────────────────────╢
║School		│UCLA			║
╚═══════════════╧═══════════════════════╝
Shabazz Muhammad;;2:18;1;1;0;0;0;0;0;0;0;0;0;0;1;0;2;
Shabazz Muhammad;;6:35;1;5;0;0;0;0;1;0;1;1;1;0;1;0;2;
Shabazz Muhammad;;2:21;1;2;0;0;0;0;0;0;0;0;0;0;0;0;2;
Shabazz Muhammad;;6:01;3;5;0;2;0;0;1;0;1;1;0;0;0;1;6;
Shabazz Muhammad;;16:46;4;8;0;2;4;5;0;2;2;0;1;0;1;4;12;
Shabazz Muhammad;;1:44;0;0;0;0;0;0;0;0;0;0;0;0;0;0;0;
Shabazz Muhammad;;6:13;2;4;0;0;1;2;0;0;0;0;0;0;0;1;5;
Shabazz Muhammad;;0:50;0;0;0;0;0;0;0;0;0;0;1;0;1;0;0;
Shabazz Muhammad;;11:21;3;8;0;0;0;0;2;4;6;0;1;0;1;1;6;
Shabazz Muhammad;;22:09;1;8;0;0;0;1;5;2;7;0;0;0;1;3;2;
Shabazz Muhammad;;24:20;8;13;0;0;4;6;3;3;6;1;2;0;1;2;20;
Shabazz Muhammad;;13:41;0;2;0;0;0;2;0;2;2;0;0;1;1;1;0;
Shabazz Muhammad;;11:58;1;5;0;1;5;6;0;3;3;0;1;0;0;2;7;
Shabazz Muhammad;;14:28;5;5;0;0;0;0;2;1;3;0;1;0;4;3;10;
Shabazz Muhammad;;10:20;0;2;0;0;3;4;0;0;0;0;0;0;0;0;3;
Shabazz Muhammad;;7:30;3;4;0;0;0;0;1;1;2;0;0;0;1;1;6;
Shabazz Muhammad;;4:47;0;1;0;0;0;0;0;0;0;0;0;0;0;0;0;
Shabazz Muhammad;;9:36;2;3;0;0;0;0;0;1;1;1;0;0;0;1;4;
Shabazz Muhammad;;6:01;1;2;0;0;1;2;1;0;1;0;0;0;0;0;3;
Shabazz Muhammad;;16:41;3;8;0;1;3;4;5;0;5;0;0;0;0;0;9;
Shabazz Muhammad;;12:29;1;5;0;0;0;0;0;0;0;0;0;0;0;0;2;
Shabazz Muhammad;;3:56;1;1;1;1;0;0;0;0;0;1;0;0;0;0;3;
Shabazz Muhammad;;6:54;4;4;1;1;0;0;0;0;0;0;0;0;1;0;9;
Shabazz Muhammad;;2:09;0;1;0;0;0;0;0;0;0;0;0;0;0;0;0;
Shabazz Muhammad;;12:00;5;6;0;0;1;2;0;3;3;1;0;0;0;2;11;
Shabazz Muhammad;;14:13;4;5;0;0;0;0;0;2;2;0;0;0;0;0;8;
Shabazz Muhammad;;3:10;0;1;0;0;1;2;0;0;0;0;0;0;0;0;1;
Shabazz Muhammad;;6:16;0;1;0;0;0;0;0;0;0;0;0;0;1;0;0;
Shabazz Muhammad;;1:27;1;1;0;0;0;0;0;1;1;0;0;0;0;0;2;
Shabazz Muhammad;;2:47;0;1;0;0;0;0;0;0;0;0;0;0;1;1;0;
Shabazz Muhammad;;9:39;0;4;0;1;0;0;1;3;4;0;0;0;0;1;0;
Shabazz Muhammad;;3:40;0;2;0;0;0;0;1;1;2;0;0;0;0;0;0;
Shabazz Muhammad;;1:21;1;3;1;2;1;2;1;0;1;0;0;0;0;0;4;
Shabazz Muhammad;;5:39;0;1;0;0;0;0;0;0;0;0;0;0;0;0;0;
Shabazz Muhammad;;2:36;0;0;0;0;2;2;0;0;0;0;0;0;0;0;2;
Shabazz Muhammad;;4:25;1;1;0;0;0;0;0;0;0;0;0;0;0;0;2;
Shabazz Muhammad;;1:37;0;1;0;0;0;0;0;0;0;0;0;0;0;0;0;
