╔═══════════════╤═══════════════╗
║Name		│Shane Larkin	║
╟───────────────┼───────────────╢
║Number		│N/A		║
╟───────────────┼───────────────╢
║Position	│G		║
╟───────────────┼───────────────╢
║Height		│5-11		║
╟───────────────┼───────────────╢
║Weight		│176		║
╟───────────────┼───────────────╢
║Birth		│OCT 02, 1992	║
╟───────────────┼───────────────╢
║Age		│21		║
╟───────────────┼───────────────╢
║Exp		│R		║
╟───────────────┼───────────────╢
║School		│Miami (Fla.)	║
╚═══════════════╧═══════════════╝
Shane Larkin;;11:49;1;2;0;0;0;0;0;1;1;1;1;0;2;0;2;
Shane Larkin;;13:35;3;4;1;1;1;2;3;1;4;3;1;0;1;2;8;
Shane Larkin;;7:23;2;5;0;0;0;0;0;0;0;0;0;0;0;0;4;
Shane Larkin;;1:32;0;0;0;0;0;0;0;0;0;0;0;0;0;0;0;
Shane Larkin;;17:12;3;7;1;2;0;0;0;4;4;2;0;0;3;0;7;
Shane Larkin;;14:10;2;3;1;1;0;0;1;3;4;6;0;0;2;1;5;
Shane Larkin;;10:48;0;3;0;1;0;0;1;0;1;0;0;0;0;3;0;
Shane Larkin;;5:48;1;3;0;1;0;0;0;1;1;0;0;0;0;0;2;
Shane Larkin;;26:33;6;8;2;3;4;5;0;1;1;5;2;0;2;1;18;
Shane Larkin;;23:17;3;6;0;1;3;4;0;2;2;4;1;0;1;3;9;
Shane Larkin;;18:06;1;3;1;2;0;0;0;2;2;1;2;1;0;2;3;
Shane Larkin;;11:14;1;3;0;1;0;0;0;0;0;1;0;0;1;2;2;
Shane Larkin;;5:32;0;0;0;0;0;0;2;1;3;0;0;0;0;0;0;
Shane Larkin;;4:43;0;1;0;1;0;0;0;0;0;0;0;0;0;0;0;
Shane Larkin;;3:46;0;0;0;0;0;0;0;0;0;1;0;0;0;1;0;
Shane Larkin;;3:35;0;1;0;0;0;0;0;0;0;1;0;0;0;0;0;
Shane Larkin;;8:36;1;2;0;0;0;0;0;1;1;1;0;0;0;1;2;
Shane Larkin;;22:38;0;5;0;1;1;2;0;2;2;5;0;0;1;3;1;
Shane Larkin;;0:54;0;0;0;0;0;0;0;0;0;0;0;0;0;0;0;
Shane Larkin;;3:10;0;0;0;0;0;0;0;0;0;0;0;0;0;2;0;
Shane Larkin;;0:23;0;0;0;0;0;0;0;0;0;0;0;0;0;0;0;
Shane Larkin;;2:29;0;0;0;0;0;0;0;0;0;1;0;0;0;1;0;
Shane Larkin;;4:47;1;1;0;0;0;0;0;0;0;1;0;0;0;1;2;
Shane Larkin;;15:42;0;4;0;1;0;0;0;1;1;3;3;0;0;0;0;
Shane Larkin;;4:07;1;1;0;0;0;0;0;1;1;0;0;0;2;0;2;
Shane Larkin;;1:11;0;0;0;0;0;0;0;0;0;0;1;0;0;0;0;
Shane Larkin;;12:46;2;4;0;0;1;2;0;0;0;1;0;0;0;2;5;
Shane Larkin;;0:15;0;0;0;0;0;0;0;0;0;0;0;0;0;0;0;
Shane Larkin;;0:32;1;1;0;0;0;0;0;0;0;0;0;0;0;1;2;
Shane Larkin;;5:47;1;2;1;1;0;0;0;0;0;1;0;0;0;1;3;
Shane Larkin;;8:35;1;3;0;1;1;2;0;0;0;3;3;0;0;2;3;
Shane Larkin;;16:48;3;5;2;3;0;0;1;3;4;2;2;0;4;2;8;
Shane Larkin;;15:11;1;2;0;0;0;1;0;1;1;1;2;0;1;1;2;
Shane Larkin;;13:56;0;3;0;1;2;2;1;0;1;1;0;0;1;1;2;
Shane Larkin;;4:18;0;1;0;0;0;0;0;0;0;0;0;0;1;0;0;
Shane Larkin;;16:58;3;8;0;1;1;2;0;2;2;6;1;0;0;2;7;
Shane Larkin;;8:51;0;4;0;1;0;0;0;0;0;1;1;0;4;1;0;
Shane Larkin;;16:45;2;6;0;2;0;0;0;0;0;1;2;0;0;1;4;
Shane Larkin;;8:59;0;4;0;1;0;0;0;1;1;0;0;0;0;0;0;
Shane Larkin;;11:19;4;8;1;3;1;1;0;0;0;2;3;0;1;1;10;
Shane Larkin;;11:27;1;2;0;0;0;0;0;0;0;4;1;0;2;1;2;
Shane Larkin;;24:46;2;6;0;0;1;2;1;0;1;3;0;0;2;1;5;
Shane Larkin;;13:57;2;4;1;2;0;0;0;0;0;2;0;0;2;0;5;
Shane Larkin;;13:25;2;4;0;1;0;0;0;1;1;2;0;0;1;2;4;
Shane Larkin;;13:49;0;2;0;0;0;0;0;0;0;2;0;0;1;0;0;
Shane Larkin;;10:01;0;1;0;1;0;0;0;1;1;1;0;0;1;1;0;
Shane Larkin;;12:02;1;3;1;3;0;0;0;1;1;1;0;0;2;2;3;
Shane Larkin;;5:59;0;2;0;1;0;0;1;0;1;1;0;0;1;1;0;
