╔═══════════════╤═══════════════╗
║Name		│Shannon Brown	║
╟───────────────┼───────────────╢
║Number		│26		║
╟───────────────┼───────────────╢
║Position	│G		║
╟───────────────┼───────────────╢
║Height		│6-4		║
╟───────────────┼───────────────╢
║Weight		│210		║
╟───────────────┼───────────────╢
║Birth		│NOV 29, 1985	║
╟───────────────┼───────────────╢
║Age		│28		║
╟───────────────┼───────────────╢
║Exp		│7		║
╟───────────────┼───────────────╢
║School		│Michigan State	║
╚═══════════════╧═══════════════╝
Shannon Brown;F;13:48;0;2;0;1;2;2;0;2;2;1;0;0;1;3;2;
Shannon Brown;;3:55;0;0;0;0;0;0;0;1;1;0;0;0;0;0;0;
Shannon Brown;;6:14;1;2;0;0;0;0;0;0;0;0;0;0;2;1;2;
Shannon Brown;;20:14;2;8;0;1;1;3;0;4;4;0;0;0;2;2;5;
Shannon Brown;;0:10;0;0;0;0;0;0;0;0;0;0;0;0;0;0;0;
Shannon Brown;;6:05;1;2;0;0;2;2;0;0;0;1;0;0;0;0;4;
Shannon Brown;;11:33;1;3;0;0;0;0;0;0;0;0;1;0;0;2;2;
Shannon Brown;;11:05;2;3;0;0;0;0;0;2;2;1;0;0;1;0;4;
Shannon Brown;;13:28;0;2;0;0;0;0;1;2;3;0;0;0;1;1;0;
Shannon Brown;;16:30;1;6;0;0;2;2;0;1;1;2;0;0;1;3;4;
Shannon Brown;;15:58;3;7;0;0;0;0;0;0;0;0;2;0;0;0;6;
Shannon Brown;;15:12;0;2;0;0;0;0;0;3;3;1;2;0;0;1;0;
Shannon Brown;;4:39;0;1;0;0;0;0;0;0;0;0;0;0;0;1;0;
Shannon Brown;;4:38;2;2;0;0;0;0;1;1;2;0;1;0;0;0;4;
Shannon Brown;;0:53;0;0;0;0;0;0;0;0;0;0;0;0;0;1;0;
Shannon Brown;;6:09;0;0;0;0;0;4;0;0;0;1;0;0;1;1;0;
Shannon Brown;;4:32;2;5;0;0;0;0;2;0;2;0;1;0;1;0;4;
Shannon Brown;;5:12;1;1;0;0;0;0;0;0;0;0;0;0;0;1;2;
Shannon Brown;;0:01;0;0;0;0;0;0;0;0;0;0;0;0;0;0;0;
Shannon Brown;;3:47;0;0;0;0;0;0;0;1;1;0;0;0;2;0;0;
Shannon Brown;;15:17;0;3;0;0;0;0;1;1;2;0;1;0;1;1;0;
Shannon Brown;;6:53;1;1;0;0;0;0;0;0;0;0;0;0;0;0;2;
Shannon Brown;;4:58;3;5;0;0;0;0;1;0;1;0;0;0;0;0;6;
Shannon Brown;;0:51;0;0;0;0;2;2;0;0;0;0;1;0;0;0;2;
Shannon Brown;;1:17;0;0;0;0;0;0;0;1;1;0;0;0;0;0;0;
Shannon Brown;;6:03;0;1;0;0;0;0;0;0;0;0;2;0;0;0;0;
Shannon Brown;;0:21;0;0;0;0;0;0;0;0;0;0;0;0;0;0;0;
Shannon Brown;;30:22;4;7;0;0;6;6;1;0;1;1;1;0;0;2;14;
Shannon Brown;;21:14;0;3;0;0;0;0;0;2;2;1;1;0;5;4;0;
