╔═══════════════╤═══════════════╗
║Name		│Shane Battier	║
╟───────────────┼───────────────╢
║Number		│31		║
╟───────────────┼───────────────╢
║Position	│F		║
╟───────────────┼───────────────╢
║Height		│6-8		║
╟───────────────┼───────────────╢
║Weight		│220		║
╟───────────────┼───────────────╢
║Birth		│SEP 09, 1978	║
╟───────────────┼───────────────╢
║Age		│35		║
╟───────────────┼───────────────╢
║Exp		│12		║
╟───────────────┼───────────────╢
║School		│Duke		║
╚═══════════════╧═══════════════╝
Shane Battier;F;22:32;4;5;3;4;0;0;2;0;2;1;0;0;0;2;11;
Shane Battier;F;19:19;1;5;1;4;0;0;1;1;2;0;0;1;0;3;3;
Shane Battier;F;31:25;5;9;3;7;0;0;1;3;4;0;3;2;0;2;13;
Shane Battier;F;19:22;0;0;0;0;0;0;1;2;3;1;0;1;0;2;0;
Shane Battier;F;20:53;3;3;3;3;2;2;1;2;3;1;0;0;1;1;11;
Shane Battier;F;21:27;2;5;0;2;0;0;0;1;1;2;0;1;0;1;4;
Shane Battier;F;18:49;1;2;1;2;0;3;1;2;3;5;2;0;1;0;3;
Shane Battier;F;19:19;0;1;0;1;0;0;0;2;2;0;0;2;0;2;0;
Shane Battier;F;19:00;1;5;1;5;0;0;0;3;3;2;0;0;0;4;3;
Shane Battier;F;29:41;5;8;4;7;2;2;1;1;2;2;0;0;1;3;16;
Shane Battier;F;21:18;1;5;1;4;0;0;1;2;3;0;1;0;0;2;3;
Shane Battier;F;27:29;5;9;4;8;0;0;1;0;1;2;0;0;0;4;14;
Shane Battier;F;25:07;2;4;2;3;2;2;0;1;1;3;2;0;0;0;8;
Shane Battier;F;25:55;1;5;1;5;0;0;1;4;5;1;1;0;0;0;3;
Shane Battier;F;16:52;1;3;0;1;0;0;0;2;2;1;0;1;0;1;2;
Shane Battier;F;22:49;1;4;0;2;0;0;0;3;3;3;1;0;0;3;2;
Shane Battier;F;31:55;1;8;0;6;0;0;2;2;4;0;2;0;0;3;2;
Shane Battier;F;26:07;1;5;1;5;0;0;0;1;1;1;2;1;0;3;3;
Shane Battier;F;35:22;3;6;2;4;0;0;0;5;5;5;3;0;0;3;8;
Shane Battier;F;18:40;2;4;1;2;0;0;0;2;2;2;1;0;0;3;5;
Shane Battier;F;20:35;1;4;1;2;0;0;2;2;4;0;0;0;0;1;3;
Shane Battier;F;20:00;1;6;0;5;0;0;1;1;2;0;0;2;1;0;2;
Shane Battier;F;16:06;0;1;0;1;0;0;0;1;1;0;1;1;0;1;0;
Shane Battier;F;9:26;0;2;0;2;0;0;0;1;1;0;0;1;1;4;0;
Shane Battier;F;15:51;2;3;2;3;0;0;1;0;1;0;0;2;0;0;6;
Shane Battier;F;28:27;1;4;1;4;0;0;0;0;0;4;1;1;0;0;3;
Shane Battier;F;11:20;0;1;0;1;0;0;0;1;1;0;1;1;1;2;0;
Shane Battier;;20:38;1;2;1;2;2;3;0;1;1;1;1;0;0;2;5;
Shane Battier;;14:55;0;2;0;1;0;0;0;0;0;0;0;0;0;2;0;
Shane Battier;;13:49;0;3;0;3;0;0;0;0;0;0;2;0;0;1;0;
Shane Battier;;9:15;1;1;0;0;0;0;0;1;1;1;2;0;1;0;2;
Shane Battier;;17:34;1;5;0;1;0;0;1;1;2;2;0;0;0;2;2;
Shane Battier;;8:12;0;2;0;0;0;0;3;1;4;0;0;0;1;0;0;
Shane Battier;;24:00;3;6;0;2;0;0;0;2;2;0;0;0;0;2;6;
Shane Battier;;27:20;1;3;1;1;0;0;0;3;3;2;0;3;1;1;3;
Shane Battier;;5:31;0;0;0;0;0;0;0;1;1;0;1;0;1;0;0;
Shane Battier;;31:17;2;2;2;2;0;2;1;2;3;1;3;0;3;3;6;
Shane Battier;F;19:47;1;2;1;2;0;0;0;1;1;0;1;0;0;1;3;
Shane Battier;F;23:39;3;6;3;5;0;0;1;2;3;1;2;0;0;2;9;
Shane Battier;;3:15;0;0;0;0;0;0;0;0;0;0;0;0;0;1;0;
Shane Battier;F;14:56;0;5;0;5;0;0;0;1;1;2;0;0;0;0;0;
Shane Battier;F;39:49;3;6;3;4;0;0;1;0;1;1;1;0;3;0;9;
Shane Battier;;22:10;5;6;4;4;0;0;0;2;2;1;0;0;0;3;14;
Shane Battier;;23:41;1;8;0;7;0;0;1;1;2;0;0;0;0;4;2;
Shane Battier;;14:41;0;2;0;2;0;0;0;4;4;1;0;0;0;2;0;
Shane Battier;;20:26;0;4;0;4;0;0;0;1;1;2;0;0;0;3;0;
Shane Battier;F;19:37;3;4;2;3;0;0;0;2;2;2;1;1;0;4;8;
Shane Battier;;22:04;2;4;1;3;2;4;1;0;1;1;1;0;0;1;7;
Shane Battier;F;27:02;1;2;1;2;0;0;0;1;1;0;0;2;0;3;3;
Shane Battier;F;26:51;2;6;1;4;1;1;0;4;4;0;2;0;0;1;6;
Shane Battier;F;23:46;1;4;0;1;2;2;1;4;5;0;2;1;0;2;4;
Shane Battier;F;24:41;1;1;1;1;2;2;0;3;3;0;1;2;0;1;5;
Shane Battier;F;22:12;3;4;0;1;0;0;0;0;0;2;0;1;0;1;6;
Shane Battier;F;25:00;2;3;2;3;0;0;0;4;4;2;0;1;0;0;6;
Shane Battier;F;21:03;0;2;0;2;0;0;0;0;0;0;0;1;0;2;0;
Shane Battier;F;16:00;2;5;2;4;0;0;1;0;1;0;2;0;0;0;6;
Shane Battier;F;17:22;1;3;0;2;0;0;0;2;2;0;0;0;1;3;2;
Shane Battier;F;26:07;3;5;2;4;0;0;0;1;1;0;1;2;0;0;8;
Shane Battier;F;15:26;1;5;0;4;0;0;1;1;2;0;2;0;0;1;2;
Shane Battier;F;17:37;2;6;2;5;0;0;0;1;1;0;0;0;0;1;6;
Shane Battier;F;18:09;1;6;1;4;0;0;1;0;1;1;0;2;0;3;3;
Shane Battier;F;20:18;1;3;1;3;0;0;0;0;0;0;0;1;0;2;3;
Shane Battier;F;14:49;2;7;1;6;0;0;1;0;1;0;0;1;0;2;5;
Shane Battier;F;13:03;1;1;0;0;0;0;1;0;1;0;0;1;0;4;2;
Shane Battier;F;17:11;0;0;0;0;0;0;0;2;2;0;0;1;0;4;0;
Shane Battier;F;14:46;0;1;0;0;0;0;0;0;0;0;0;0;0;2;0;
Shane Battier;F;24:20;3;7;3;7;0;0;0;4;4;1;0;0;0;1;9;
Shane Battier;F;16:17;0;1;0;1;0;0;1;1;2;1;1;0;1;0;0;
Shane Battier;F;16:52;1;5;1;5;0;0;0;2;2;1;0;0;0;2;3;
Shane Battier;F;19:05;3;5;3;4;0;0;0;0;0;0;1;2;3;2;9;
Shane Battier;F;16:10;0;0;0;0;0;0;1;1;2;1;1;0;0;1;0;
Shane Battier;F;21:46;2;3;2;3;0;0;0;2;2;0;1;0;0;2;6;
