╔═══════════════╤═══════════════════════╗
║Name		│Shaun Livingston	║
╟───────────────┼───────────────────────╢
║Number		│14			║
╟───────────────┼───────────────────────╢
║Position	│G			║
╟───────────────┼───────────────────────╢
║Height		│6-7			║
╟───────────────┼───────────────────────╢
║Weight		│175			║
╟───────────────┼───────────────────────╢
║Birth		│SEP 11, 1985		║
╟───────────────┼───────────────────────╢
║Age		│28			║
╟───────────────┼───────────────────────╢
║Exp		│8			║
╟───────────────┼───────────────────────╢
║School		│Peoria Central HS (IL)	║
╚═══════════════╧═══════════════════════╝
Shaun Livingston;G;33:07;1;7;0;1;3;4;2;3;5;4;1;0;4;0;5;
Shaun Livingston;G;35:00;3;8;0;0;0;0;0;3;3;5;1;1;2;3;6;
Shaun Livingston;G;34:19;6;11;0;0;0;0;3;2;5;1;3;1;0;4;12;
Shaun Livingston;G;34:57;6;11;0;0;1;2;1;3;4;1;4;1;0;4;13;
Shaun Livingston;G;47:08;4;9;0;0;7;8;3;8;11;5;1;1;4;4;15;
Shaun Livingston;G;30:39;3;11;0;0;2;4;0;4;4;3;0;1;2;3;8;
Shaun Livingston;G;22:05;3;6;0;0;0;0;2;3;5;1;2;0;1;3;6;
Shaun Livingston;G;20:39;2;5;0;0;0;0;1;1;2;2;1;1;2;2;4;
Shaun Livingston;G;24:14;3;9;0;0;2;2;1;3;4;6;1;0;0;2;8;
Shaun Livingston;G;23:30;1;3;0;0;2;2;0;2;2;0;1;0;0;4;4;
Shaun Livingston;G;22:29;4;8;0;0;1;2;3;5;8;2;1;0;1;1;9;
Shaun Livingston;G;24:35;3;4;0;0;3;4;0;1;1;4;1;0;2;4;9;
Shaun Livingston;G;29:24;6;8;0;0;4;4;1;3;4;1;3;0;0;3;16;
Shaun Livingston;G;34:44;10;18;0;0;4;4;1;2;3;2;1;0;1;3;24;
Shaun Livingston;G;36:59;4;9;0;0;5;6;1;5;6;8;7;0;2;3;13;
Shaun Livingston;G;31:03;4;9;0;0;0;0;2;3;5;4;0;4;1;3;8;
Shaun Livingston;G;14:43;1;5;0;0;2;2;1;1;2;1;0;0;1;0;4;
Shaun Livingston;G;24:19;1;1;0;0;0;0;0;1;1;1;0;1;2;2;2;
Shaun Livingston;G;21:11;1;2;0;0;2;2;2;3;5;3;0;0;0;1;4;
Shaun Livingston;G;25:40;4;6;0;0;2;4;0;2;2;1;0;0;1;2;10;
Shaun Livingston;G;39:30;3;7;0;0;3;4;0;5;5;7;0;1;2;4;9;
Shaun Livingston;G;11:47;1;1;0;0;2;2;0;3;3;0;0;0;2;0;4;
Shaun Livingston;G;12:18;0;4;0;0;0;0;0;0;0;2;0;0;1;3;0;
Shaun Livingston;G;27:26;3;5;0;0;2;2;0;2;2;8;2;0;2;2;8;
Shaun Livingston;G;32:26;7;11;0;0;0;0;2;1;3;0;2;0;1;1;14;
Shaun Livingston;G;24:03;4;7;0;0;6;6;0;0;0;0;5;0;2;5;14;
Shaun Livingston;G;22:30;1;2;0;0;0;0;0;5;5;3;1;1;2;2;2;
Shaun Livingston;G;26:54;0;6;0;1;3;4;2;1;3;3;3;0;0;6;3;
Shaun Livingston;G;25:30;3;6;0;0;4;4;0;3;3;4;1;0;0;1;10;
Shaun Livingston;G;32:49;7;10;0;0;4;4;1;2;3;3;1;0;2;3;18;
Shaun Livingston;G;38:09;5;11;0;0;3;3;1;6;7;4;3;1;4;4;13;
Shaun Livingston;G;30:37;2;5;0;0;2;4;0;1;1;4;4;0;1;4;6;
Shaun Livingston;G;31:50;6;11;0;0;0;0;0;1;1;5;1;1;4;2;12;
Shaun Livingston;G;31:44;5;9;0;0;7;9;1;2;3;2;1;0;1;2;17;
Shaun Livingston;G;21:26;1;1;0;0;2;2;1;6;7;6;0;1;0;2;4;
Shaun Livingston;G;33:51;4;7;0;0;4;4;4;3;7;1;3;0;0;5;12;
Shaun Livingston;G;32:39;4;11;0;0;2;3;1;4;5;1;2;0;0;4;10;
Shaun Livingston;G;26:06;3;6;0;0;1;2;1;0;1;7;2;0;1;4;7;
Shaun Livingston;G;34:28;4;5;0;0;0;0;2;6;8;6;3;0;3;1;8;
Shaun Livingston;G;26:09;4;5;0;0;5;6;0;2;2;4;0;2;3;0;13;
Shaun Livingston;G;29:11;6;12;0;0;5;6;0;6;6;2;2;1;1;2;17;
Shaun Livingston;G;24:59;1;4;0;0;2;4;1;2;3;3;2;0;1;1;4;
Shaun Livingston;G;32:13;11;14;0;0;1;2;1;3;4;6;0;0;2;2;23;
Shaun Livingston;G;36:11;2;6;0;0;0;2;1;2;3;7;0;0;3;4;4;
Shaun Livingston;G;28:04;2;6;0;0;0;0;0;2;2;1;0;0;3;2;4;
Shaun Livingston;;15:33;0;1;0;0;1;2;1;0;1;3;2;0;0;3;1;
Shaun Livingston;;20:51;2;4;0;0;0;0;0;0;0;1;1;1;1;2;4;
Shaun Livingston;;21:02;3;5;0;0;0;0;0;2;2;7;0;1;0;2;6;
Shaun Livingston;;23:34;3;6;0;0;5;6;1;2;3;3;0;1;1;2;11;
Shaun Livingston;;22:16;5;7;0;0;2;2;1;2;3;2;0;1;1;1;12;
Shaun Livingston;;15:16;1;3;0;0;1;1;0;1;1;2;1;0;0;0;3;
Shaun Livingston;;15:24;5;6;0;0;3;3;2;0;2;1;0;0;2;1;13;
Shaun Livingston;;37:00;7;12;0;0;4;5;2;1;3;6;2;1;2;3;18;
Shaun Livingston;G;32:43;4;14;0;0;3;4;3;2;5;5;2;0;3;4;11;
Shaun Livingston;G;28:52;8;14;0;0;7;7;1;1;2;2;1;0;0;3;23;
Shaun Livingston;;26:00;1;5;0;0;0;0;0;7;7;5;1;1;5;3;2;
Shaun Livingston;G;24:01;0;7;0;0;1;2;2;1;3;0;1;0;1;0;1;
Shaun Livingston;G;34:40;2;6;0;0;0;0;0;2;2;7;1;0;2;5;4;
Shaun Livingston;G;28:50;1;3;0;0;3;4;2;4;6;7;2;0;2;2;5;
Shaun Livingston;G;24:51;2;5;0;1;1;2;0;2;2;3;1;0;0;1;5;
Shaun Livingston;G;11:45;0;1;0;0;0;0;0;0;0;0;0;0;0;0;0;
Shaun Livingston;;28:43;1;4;0;0;2;2;0;1;1;4;0;0;0;1;4;
Shaun Livingston;;18:28;1;3;0;0;0;0;1;3;4;4;1;0;1;3;2;
Shaun Livingston;;23:19;2;4;0;0;5;6;0;1;1;1;0;1;2;1;9;
Shaun Livingston;G;34:58;2;6;0;1;0;0;1;2;3;3;1;1;0;0;4;
Shaun Livingston;;12:42;1;1;0;0;1;1;0;2;2;1;0;0;2;4;3;
Shaun Livingston;;21:15;1;3;0;0;4;4;2;1;3;2;3;0;1;3;6;
Shaun Livingston;;8:54;0;1;0;0;0;0;0;0;0;0;0;0;0;1;0;
Shaun Livingston;;18:10;2;2;1;1;0;0;0;2;2;4;1;0;4;0;5;
Shaun Livingston;;5:47;2;2;0;0;0;0;0;1;1;1;0;0;0;0;4;
Shaun Livingston;;26:30;2;3;0;0;0;0;1;3;4;11;1;1;1;1;4;
Shaun Livingston;;20:26;1;2;0;0;4;4;2;2;4;2;1;0;3;2;6;
Shaun Livingston;;14:38;0;3;0;0;0;0;0;1;1;1;0;0;1;1;0;
Shaun Livingston;G;30:15;6;11;0;0;8;8;1;4;5;6;1;1;2;0;20;
Shaun Livingston;;14:58;2;5;0;0;4;4;0;0;0;2;1;0;0;1;8;
Shaun Livingston;;24:52;7;14;0;1;1;1;1;3;4;5;2;0;1;5;15;
