╔═══════════════╤═══════════════════════╗
║Name		│Shavlik Randolph	║
╟───────────────┼───────────────────────╢
║Number		│43			║
╟───────────────┼───────────────────────╢
║Position	│F			║
╟───────────────┼───────────────────────╢
║Height		│6-10			║
╟───────────────┼───────────────────────╢
║Weight		│236			║
╟───────────────┼───────────────────────╢
║Birth		│NOV 24, 1983		║
╟───────────────┼───────────────────────╢
║Age		│30			║
╟───────────────┼───────────────────────╢
║Exp		│6			║
╟───────────────┼───────────────────────╢
║School		│Duke			║
╚═══════════════╧═══════════════════════╝
Shavlik Randolph;;10:14;1;3;0;0;0;0;0;2;2;0;1;0;0;1;2;
Shavlik Randolph;;13:52;3;4;0;0;3;4;1;2;3;0;0;0;0;3;9;
Shavlik Randolph;;5:23;0;1;0;0;0;2;1;2;3;0;0;0;2;1;0;
Shavlik Randolph;;3:00;0;0;0;0;1;2;0;1;1;0;0;0;0;0;1;
Shavlik Randolph;;2:51;0;0;0;0;0;0;0;0;0;0;1;0;0;0;0;
Shavlik Randolph;;2:58;0;0;0;0;1;2;0;2;2;0;0;0;0;1;1;
Shavlik Randolph;;1:32;0;0;0;0;0;0;0;0;0;0;0;0;1;1;0;
Shavlik Randolph;;3:29;1;2;0;0;0;0;1;2;3;0;0;0;0;0;2;
Shavlik Randolph;;4:34;1;1;0;0;1;1;0;0;0;0;0;0;0;1;3;
Shavlik Randolph;;12:41;0;0;0;0;0;0;2;1;3;0;0;0;0;1;0;
Shavlik Randolph;;6:14;1;2;0;0;0;0;1;4;5;1;0;0;0;1;2;
Shavlik Randolph;;4:32;0;0;0;0;0;0;1;0;1;0;0;0;0;0;0;
Shavlik Randolph;;8:03;0;1;0;0;0;0;0;1;1;0;0;0;0;1;0;
Shavlik Randolph;;15:34;0;0;0;0;0;0;0;1;1;0;1;1;2;4;0;
