╔═══════════════╤═══════════════╗
║Name		│Shawn Marion	║
╟───────────────┼───────────────╢
║Number		│0		║
╟───────────────┼───────────────╢
║Position	│F		║
╟───────────────┼───────────────╢
║Height		│6-7		║
╟───────────────┼───────────────╢
║Weight		│228		║
╟───────────────┼───────────────╢
║Birth		│MAY 07, 1978	║
╟───────────────┼───────────────╢
║Age		│36		║
╟───────────────┼───────────────╢
║Exp		│14		║
╟───────────────┼───────────────╢
║School		│UNLV		║
╚═══════════════╧═══════════════╝
Shawn Marion;F;30:09;4;7;0;1;1;2;4;5;9;4;1;1;4;0;9;
Shawn Marion;F;30:48;8;16;2;4;2;2;2;4;6;2;2;0;2;1;20;
Shawn Marion;F;31:25;1;6;0;1;0;0;1;3;4;0;2;0;1;2;2;
Shawn Marion;F;15:21;4;7;0;1;0;0;0;7;7;1;0;0;0;1;8;
Shawn Marion;F;32:51;6;9;2;2;0;0;1;5;6;3;0;0;2;4;14;
Shawn Marion;F;35:30;6;9;3;5;1;2;3;4;7;2;0;0;0;1;16;
Shawn Marion;F;24:01;1;6;1;2;0;0;0;3;3;1;0;0;1;2;3;
Shawn Marion;F;34:46;7;8;2;3;2;2;0;3;3;1;1;0;1;2;18;
Shawn Marion;F;30:54;3;11;0;2;0;0;1;3;4;2;1;0;1;0;6;
Shawn Marion;F;33:03;2;5;1;1;4;4;2;9;11;3;1;0;2;1;9;
Shawn Marion;F;31:09;4;9;0;3;0;0;1;5;6;1;1;0;3;0;8;
Shawn Marion;F;28:58;3;10;0;1;0;0;5;2;7;1;1;0;2;3;6;
Shawn Marion;F;33:22;3;6;2;3;0;0;0;2;2;1;3;0;1;2;8;
Shawn Marion;F;27:36;3;5;0;0;0;0;1;4;5;3;2;1;3;2;6;
Shawn Marion;F;35:28;5;11;1;1;0;0;1;9;10;1;0;0;0;2;11;
Shawn Marion;F;27:35;3;5;0;1;0;0;2;2;4;2;0;0;0;0;6;
Shawn Marion;F;37:23;2;9;0;1;0;0;1;4;5;2;1;0;1;2;4;
Shawn Marion;F;27:30;3;9;1;4;0;0;3;4;7;0;1;0;4;4;7;
Shawn Marion;F;30:41;11;14;0;2;0;0;3;4;7;3;2;0;0;3;22;
Shawn Marion;F;30:47;5;12;0;3;0;0;4;7;11;2;1;0;0;2;10;
Shawn Marion;F;36:51;2;6;0;2;0;0;1;3;4;0;2;1;1;2;4;
Shawn Marion;F;31:19;5;9;0;0;0;0;1;7;8;3;3;0;0;0;10;
Shawn Marion;F;29:50;5;5;1;1;0;0;2;2;4;2;0;0;4;2;11;
Shawn Marion;F;28:45;2;7;1;3;0;0;1;3;4;1;3;0;0;1;5;
Shawn Marion;F;29:09;7;12;1;2;0;0;3;3;6;0;0;0;1;1;15;
Shawn Marion;F;29:03;2;6;0;1;0;0;2;2;4;0;0;0;0;1;4;
Shawn Marion;F;34:08;6;9;0;0;0;0;1;2;3;2;0;2;0;3;12;
Shawn Marion;F;26:12;0;6;0;1;0;0;2;1;3;2;0;0;1;2;0;
Shawn Marion;F;34:07;2;6;0;1;0;0;1;5;6;2;0;0;1;3;4;
Shawn Marion;F;30:14;8;12;2;2;1;2;2;4;6;0;2;0;2;0;19;
Shawn Marion;F;34:05;4;10;1;4;2;2;1;5;6;0;2;0;1;1;11;
Shawn Marion;F;38:01;8;12;0;3;0;0;2;9;11;5;2;0;2;1;16;
Shawn Marion;F;32:21;7;11;0;1;0;0;2;5;7;3;2;0;0;0;14;
Shawn Marion;F;34:27;5;10;2;3;0;0;2;4;6;1;0;0;1;3;12;
Shawn Marion;F;41:27;5;11;1;4;0;0;1;5;6;2;1;0;1;1;11;
Shawn Marion;F;25:21;2;8;0;1;0;0;1;2;3;2;3;0;0;1;4;
Shawn Marion;F;32:27;5;7;1;1;3;3;1;4;5;2;1;0;0;3;14;
Shawn Marion;F;35:55;4;8;0;0;0;0;4;6;10;2;0;1;1;1;8;
Shawn Marion;F;30:51;2;5;0;0;3;4;3;6;9;2;0;3;3;0;7;
Shawn Marion;F;30:45;7;14;1;3;0;0;3;5;8;1;1;0;3;1;15;
Shawn Marion;F;33:54;3;8;1;2;0;2;4;5;9;1;2;1;1;3;7;
Shawn Marion;F;33:16;4;8;2;4;0;0;1;5;6;1;1;1;1;0;10;
Shawn Marion;F;29:27;5;7;2;3;0;0;0;3;3;1;0;2;2;2;12;
Shawn Marion;F;33:56;3;6;1;2;0;0;1;5;6;1;3;0;3;1;7;
Shawn Marion;F;32:20;4;8;1;3;0;0;3;2;5;1;1;0;0;1;9;
Shawn Marion;F;30:38;6;9;0;1;0;2;0;8;8;1;2;1;2;2;12;
Shawn Marion;F;25:01;3;9;0;0;1;2;5;5;10;0;2;1;1;2;7;
Shawn Marion;F;34:02;6;17;0;2;9;10;6;8;14;4;0;2;1;2;21;
Shawn Marion;F;27:26;5;15;1;2;0;0;3;4;7;1;1;0;1;1;11;
Shawn Marion;F;32:30;7;13;2;4;1;1;0;4;4;3;2;2;2;1;17;
Shawn Marion;F;37:09;5;13;0;1;0;0;2;5;7;2;3;3;4;2;10;
Shawn Marion;F;33:58;6;12;2;2;0;0;1;9;10;3;0;1;1;0;14;
Shawn Marion;F;33:04;4;7;0;1;0;0;2;7;9;2;1;1;4;3;8;
Shawn Marion;F;30:32;4;6;0;1;0;0;1;3;4;2;1;0;2;3;8;
Shawn Marion;F;33:34;3;9;2;4;3;4;2;6;8;0;2;0;0;1;11;
Shawn Marion;F;34:30;7;13;2;3;4;4;2;5;7;1;2;2;2;3;20;
Shawn Marion;F;34:36;5;8;2;2;1;1;1;3;4;2;1;0;1;2;13;
Shawn Marion;F;32:19;4;7;1;3;1;2;0;3;3;4;2;1;0;0;10;
Shawn Marion;F;32:05;2;8;0;3;2;2;0;5;5;2;1;0;2;2;6;
Shawn Marion;F;34:46;6;10;0;2;1;2;4;8;12;4;1;0;0;1;13;
Shawn Marion;F;31:10;4;10;1;3;2;2;1;4;5;0;1;0;0;4;11;
Shawn Marion;F;35:04;6;14;3;8;0;0;2;10;12;2;2;0;1;2;15;
Shawn Marion;F;33:24;3;11;0;4;0;0;1;1;2;3;1;2;3;4;6;
Shawn Marion;F;33:13;4;10;0;2;0;0;2;8;10;1;1;0;0;2;8;
Shawn Marion;F;35:20;4;8;2;3;0;0;1;4;5;1;1;1;1;1;10;
Shawn Marion;F;32:25;2;4;1;3;0;0;0;4;4;1;0;0;1;1;5;
Shawn Marion;F;25:14;3;9;0;3;2;2;1;2;3;0;0;0;1;2;8;
Shawn Marion;F;35:04;5;10;1;2;1;2;0;9;9;1;2;1;1;1;12;
Shawn Marion;F;22:33;5;13;1;3;2;2;3;9;12;1;1;1;1;3;13;
Shawn Marion;F;30:36;5;10;0;0;0;0;1;6;7;1;1;1;1;3;10;
Shawn Marion;F;40:47;7;14;0;2;0;0;1;8;9;2;4;0;2;1;14;
Shawn Marion;F;32:10;5;11;0;1;0;0;2;3;5;0;1;0;1;2;10;
Shawn Marion;F;25:19;2;4;0;1;0;0;1;4;5;3;2;1;0;1;4;
Shawn Marion;F;27:53;1;9;0;2;2;2;1;5;6;0;1;2;2;1;4;
Shawn Marion;F;33:12;7;11;0;0;0;0;5;8;13;2;1;0;0;2;14;
Shawn Marion;F;31:44;14;19;4;6;0;0;1;5;6;3;1;1;0;2;32;
