Shawne Williams;;16:44;3;4;3;3;1;2;0;1;1;1;1;1;0;1;10;
Shawne Williams;;11:23;2;7;1;6;0;2;0;5;5;0;0;1;1;3;5;
Shawne Williams;;13:06;1;3;0;2;2;2;0;3;3;1;2;0;1;1;4;
Shawne Williams;;21:31;2;6;1;5;2;2;1;5;6;0;1;0;0;2;7;
Shawne Williams;F;36:13;4;8;2;4;1;2;1;5;6;0;0;2;0;3;11;
Shawne Williams;F;35:07;6;16;3;8;0;0;3;6;9;0;1;2;1;2;15;
Shawne Williams;F;12:50;1;5;0;3;1;2;1;2;3;0;1;2;1;3;3;
Shawne Williams;F;11:31;0;1;0;0;0;0;2;0;2;0;0;0;0;2;0;
Shawne Williams;F;20:38;1;4;1;3;0;0;0;6;6;0;0;0;1;1;3;
Shawne Williams;F;17:44;3;5;1;2;0;0;1;3;4;0;1;1;1;6;7;
Shawne Williams;F;5:24;1;2;1;2;0;0;0;0;0;0;0;0;0;1;3;
Shawne Williams;;25:03;3;7;2;5;0;0;0;0;0;4;1;2;1;3;8;
Shawne Williams;;12:56;1;1;1;1;0;0;0;1;1;1;0;0;1;5;3;
Shawne Williams;;8:46;1;4;0;2;0;0;0;2;2;0;0;0;1;3;2;
Shawne Williams;;16:57;2;4;2;4;0;0;1;4;5;0;1;3;0;1;6;
Shawne Williams;;20:35;2;8;2;6;0;0;0;3;3;2;1;0;2;4;6;
Shawne Williams;;18:20;2;4;2;4;0;0;1;3;4;1;0;1;1;2;6;
Shawne Williams;;27:58;1;6;1;4;0;0;1;5;6;2;1;3;1;4;3;
Shawne Williams;;20:47;1;7;0;4;0;0;0;2;2;2;0;0;1;3;2;
Shawne Williams;;24:31;1;7;1;5;1;2;1;9;10;1;0;2;0;5;4;
Shawne Williams;;30:46;7;13;6;11;0;0;3;6;9;3;2;1;0;5;20;
Shawne Williams;;28:34;2;5;0;3;0;0;3;5;8;1;1;0;0;6;4;
Shawne Williams;;22:37;2;6;2;6;0;0;0;3;3;0;0;0;0;1;6;
Shawne Williams;;23:18;4;6;2;4;0;0;1;1;2;1;2;0;0;1;10;
Shawne Williams;F;14:40;2;4;0;2;0;0;0;4;4;0;0;1;0;2;4;
Shawne Williams;;18:56;2;7;0;2;2;2;1;3;4;0;2;0;1;1;6;
Shawne Williams;;16:55;2;4;1;2;0;0;0;5;5;2;0;1;1;2;5;
Shawne Williams;;13:02;0;2;0;2;0;0;0;3;3;0;0;0;0;1;0;
Shawne Williams;;30:26;2;5;0;1;0;0;1;4;5;2;0;0;2;2;4;
Shawne Williams;;19:57;0;1;0;1;2;2;1;8;9;1;0;1;0;2;2;
Shawne Williams;;23:09;1;2;1;1;0;0;0;2;2;1;1;0;1;4;3;
Shawne Williams;F;24:37;3;5;1;2;0;0;0;6;6;0;0;0;1;2;7;
Shawne Williams;F;15:58;1;4;1;4;0;0;0;5;5;0;0;0;0;2;3;
Shawne Williams;F;17:53;2;6;0;4;0;0;0;3;3;1;0;0;0;0;4;
Shawne Williams;F;35:31;3;8;3;7;2;2;2;8;10;2;0;1;1;2;11;
Shawne Williams;F;36:24;2;5;1;4;0;0;0;11;11;1;0;5;0;5;5;
