╔═══════════════╤═══════════════╗
║Name		│Shelvin Mack	║
╟───────────────┼───────────────╢
║Number		│8		║
╟───────────────┼───────────────╢
║Position	│G		║
╟───────────────┼───────────────╢
║Height		│6-3		║
╟───────────────┼───────────────╢
║Weight		│207		║
╟───────────────┼───────────────╢
║Birth		│APR 22, 1990	║
╟───────────────┼───────────────╢
║Age		│24		║
╟───────────────┼───────────────╢
║Exp		│2		║
╟───────────────┼───────────────╢
║School		│Butler		║
╚═══════════════╧═══════════════╝
Shelvin Mack;;26:10;6;8;1;3;2;2;0;0;0;4;3;0;2;2;15;
Shelvin Mack;;15:52;2;7;0;2;0;0;0;1;1;2;0;0;2;0;4;
Shelvin Mack;;12:31;2;5;1;2;0;0;0;0;0;1;0;0;1;1;5;
Shelvin Mack;;12:56;1;5;1;2;2;2;1;2;3;3;0;0;2;0;5;
Shelvin Mack;;15:18;3;7;1;2;0;0;0;1;1;1;0;0;0;1;7;
Shelvin Mack;;14:34;3;5;1;3;2;3;1;4;5;2;0;0;2;0;9;
Shelvin Mack;;21:57;6;9;3;3;2;2;0;2;2;7;2;0;2;2;17;
Shelvin Mack;;26:53;5;10;1;4;2;2;0;3;3;7;0;0;1;2;13;
Shelvin Mack;;20:13;5;10;0;2;0;0;0;1;1;3;1;0;2;1;10;
Shelvin Mack;;21:41;2;6;0;2;0;0;0;1;1;3;1;1;1;2;4;
Shelvin Mack;G;23:50;3;7;1;2;2;2;0;1;1;4;2;0;2;1;9;
Shelvin Mack;G;31:22;6;14;3;5;0;0;2;2;4;7;0;0;1;1;15;
Shelvin Mack;;12:02;4;6;0;1;0;0;0;1;1;4;1;0;0;0;8;
Shelvin Mack;;17:10;3;7;1;2;0;0;0;0;0;2;1;0;2;1;7;
Shelvin Mack;;18:35;1;5;0;1;2;2;0;1;1;3;2;0;1;2;4;
Shelvin Mack;;15:11;0;3;0;0;0;0;0;2;2;5;0;0;0;1;0;
Shelvin Mack;;9:22;2;6;0;2;0;0;0;1;1;3;2;0;2;0;4;
Shelvin Mack;;14:25;0;3;0;1;0;0;0;3;3;3;0;0;2;0;0;
Shelvin Mack;;25:42;5;8;1;3;0;0;1;5;6;8;1;0;4;2;11;
Shelvin Mack;;16:37;2;5;0;1;2;2;0;2;2;3;0;0;2;3;6;
Shelvin Mack;G;37:59;8;16;2;4;3;4;1;3;4;6;0;0;1;3;21;
Shelvin Mack;G;27:56;1;9;0;4;1;2;0;3;3;4;0;0;1;2;3;
Shelvin Mack;G;27:29;8;14;1;5;0;0;1;3;4;3;0;0;0;2;17;
Shelvin Mack;G;30:33;1;5;1;2;3;4;0;3;3;8;0;0;4;2;6;
Shelvin Mack;;17:28;5;11;1;2;0;0;0;1;1;0;1;0;1;0;11;
Shelvin Mack;;29:52;2;11;0;3;1;1;1;4;5;7;0;0;0;0;5;
Shelvin Mack;;20:51;4;8;1;3;0;0;0;3;3;2;2;0;4;3;9;
Shelvin Mack;;19:43;2;8;1;4;6;6;0;1;1;5;1;0;1;0;11;
Shelvin Mack;;17:07;0;4;0;2;0;0;0;1;1;6;0;0;3;2;0;
Shelvin Mack;;13:21;2;5;0;1;0;0;0;1;1;0;0;0;1;1;4;
Shelvin Mack;;12:37;1;2;1;1;0;0;0;0;0;1;0;0;0;1;3;
Shelvin Mack;;24:07;2;6;1;3;0;0;0;1;1;8;0;1;1;1;5;
Shelvin Mack;;17:12;3;6;2;5;0;0;0;4;4;2;0;0;1;3;8;
Shelvin Mack;G;33:15;7;11;4;8;0;0;0;3;3;4;0;0;3;1;18;
Shelvin Mack;G;28:34;3;7;0;2;1;1;0;2;2;0;2;0;1;3;7;
Shelvin Mack;G;27:50;2;9;1;4;0;0;1;1;2;6;1;0;1;1;5;
Shelvin Mack;;21:25;3;8;1;4;2;2;0;2;2;4;1;0;4;1;9;
Shelvin Mack;G;34:32;3;9;1;4;2;2;0;3;3;4;1;0;1;2;9;
Shelvin Mack;G;29:36;2;6;1;3;0;0;3;3;6;6;0;0;1;2;5;
Shelvin Mack;;13:48;1;1;1;1;0;0;1;1;2;0;0;0;0;1;3;
Shelvin Mack;;5:01;0;1;0;0;0;0;0;0;0;0;0;0;0;0;0;
Shelvin Mack;;26:14;4;7;1;4;4;4;0;1;1;7;1;0;1;1;13;
Shelvin Mack;;17:40;3;7;1;2;3;4;0;2;2;3;0;0;2;2;10;
Shelvin Mack;;20:05;2;6;1;3;0;0;0;0;0;5;0;0;0;0;5;
Shelvin Mack;;19:37;0;6;0;3;0;0;1;4;5;4;1;0;1;1;0;
Shelvin Mack;;27:44;5;10;2;5;1;1;0;4;4;5;0;0;0;4;13;
Shelvin Mack;;22:09;4;7;1;3;2;2;1;2;3;2;2;0;1;1;11;
Shelvin Mack;;4:15;0;0;0;0;2;2;0;0;0;2;0;0;0;0;2;
Shelvin Mack;;18:40;3;8;1;3;0;0;1;3;4;2;1;0;0;2;7;
Shelvin Mack;;0:24;0;0;0;0;0;0;0;0;0;0;0;0;0;0;0;
Shelvin Mack;;8:20;2;3;2;3;0;0;0;1;1;2;0;0;1;0;6;
Shelvin Mack;;24:23;5;8;2;3;0;0;0;1;1;12;1;0;1;1;12;
Shelvin Mack;;25:03;3;7;1;3;0;0;0;1;1;2;0;0;1;3;7;
Shelvin Mack;;17:10;0;3;0;1;1;2;0;2;2;3;1;0;0;0;1;
Shelvin Mack;;18:37;2;6;0;0;0;0;0;1;1;2;1;0;3;1;4;
Shelvin Mack;;12:10;3;7;1;2;0;0;0;0;0;1;0;0;0;1;7;
Shelvin Mack;;8:12;3;5;0;1;0;0;0;1;1;2;1;0;0;0;6;
Shelvin Mack;;21:06;1;4;0;0;1;2;0;1;1;0;1;0;0;2;3;
Shelvin Mack;;24:44;4;9;0;1;3;4;0;2;2;6;4;0;2;6;11;
Shelvin Mack;;19:43;3;7;1;2;0;0;0;0;0;2;0;0;0;2;7;
Shelvin Mack;;24:36;5;9;0;2;2;2;1;3;4;5;1;0;1;4;12;
Shelvin Mack;;19:25;3;8;0;1;0;0;0;2;2;5;1;0;0;1;6;
Shelvin Mack;;19:35;7;9;3;5;0;0;0;1;1;6;0;0;2;3;17;
Shelvin Mack;;29:46;1;9;0;3;2;2;0;3;3;5;0;0;1;0;4;
Shelvin Mack;;20:04;4;5;2;3;0;0;0;5;5;2;0;0;2;2;10;
Shelvin Mack;;16:48;4;6;1;2;0;0;1;0;1;2;1;0;0;2;9;
Shelvin Mack;;16:42;2;4;0;2;2;2;0;3;3;6;1;0;1;0;6;
Shelvin Mack;;15:10;3;6;0;1;0;0;0;1;1;2;0;0;1;1;6;
Shelvin Mack;;21:42;1;5;0;1;1;2;0;0;0;7;1;0;2;1;3;
Shelvin Mack;;30:39;2;7;1;3;3;4;0;5;5;4;3;0;0;2;8;
Shelvin Mack;;24:06;2;8;1;3;0;0;0;6;6;5;1;0;1;0;5;
Shelvin Mack;;24:39;5;11;4;7;0;0;1;3;4;3;2;0;3;2;14;
Shelvin Mack;;23:20;1;9;1;4;2;2;0;5;5;5;0;0;2;2;5;
