Solomon Jones;;5:22;0;1;0;0;0;0;1;1;2;0;0;0;0;2;0;
Solomon Jones;;22:04;2;3;0;0;0;2;6;2;8;0;0;1;1;2;4;
Solomon Jones;;8:18;1;1;0;0;0;0;0;2;2;0;0;0;0;2;2;
Solomon Jones;;16:57;1;4;0;0;0;0;1;2;3;1;2;1;1;2;2;
Solomon Jones;;2:59;0;0;0;0;0;0;0;0;0;0;0;0;0;0;0;
Solomon Jones;;3:32;1;2;0;0;0;0;0;1;1;1;0;0;0;0;2;
Solomon Jones;;5:44;1;3;0;0;2;2;0;0;0;0;0;0;0;0;4;
Solomon Jones;;8:13;0;1;0;0;0;0;0;0;0;0;0;0;0;2;0;
Solomon Jones;;2:51;0;1;0;0;0;0;0;0;0;0;0;0;0;1;0;
Solomon Jones;;6:18;0;0;0;0;0;0;0;0;0;0;0;0;0;1;0;
Solomon Jones;;2:54;0;1;0;0;0;0;0;0;0;0;0;0;0;0;0;
