╔═══════════════╤═══════════════╗
║Name		│Solomon Hill	║
╟───────────────┼───────────────╢
║Number		│9		║
╟───────────────┼───────────────╢
║Position	│F		║
╟───────────────┼───────────────╢
║Height		│6-7		║
╟───────────────┼───────────────╢
║Weight		│225		║
╟───────────────┼───────────────╢
║Birth		│MAR 18, 1991	║
╟───────────────┼───────────────╢
║Age		│23		║
╟───────────────┼───────────────╢
║Exp		│R		║
╟───────────────┼───────────────╢
║School		│Arizona	║
╚═══════════════╧═══════════════╝
Solomon Hill;;6:06;1;1;0;0;0;0;0;0;0;0;0;0;1;0;2;
Solomon Hill;;7:16;2;2;0;0;0;0;0;1;1;1;1;0;0;0;4;
Solomon Hill;;7:57;3;3;2;2;0;0;0;3;3;0;1;0;2;0;8;
Solomon Hill;;0:09;0;0;0;0;0;0;0;0;0;0;0;0;0;0;0;
Solomon Hill;;0:30;0;0;0;0;0;0;0;0;0;0;0;0;0;0;0;
Solomon Hill;;1:52;1;2;0;0;0;0;1;1;2;0;0;0;0;0;2;
Solomon Hill;;1:03;0;0;0;0;0;0;0;0;0;0;0;0;0;1;0;
Solomon Hill;;2:03;0;0;0;0;0;0;0;0;0;0;0;0;0;0;0;
Solomon Hill;;1:20;0;0;0;0;0;0;0;1;1;0;0;0;0;0;0;
Solomon Hill;;3:37;0;0;0;0;0;0;0;1;1;0;0;0;0;2;0;
Solomon Hill;;22:57;0;2;0;2;2;2;0;2;2;1;1;0;1;5;2;
Solomon Hill;;26:23;2;6;1;2;0;0;0;5;5;1;0;0;1;0;5;
Solomon Hill;;8:07;0;1;0;0;0;0;0;1;1;0;0;0;1;1;0;
Solomon Hill;;9:23;2;2;0;0;0;0;1;2;3;1;0;1;1;0;4;
Solomon Hill;;5:24;2;2;1;1;0;0;0;0;0;0;0;0;0;0;5;
Solomon Hill;;7:02;0;2;0;2;0;0;1;1;2;1;0;0;0;1;0;
Solomon Hill;;14:39;0;1;0;1;0;0;0;3;3;0;0;0;0;1;0;
Solomon Hill;;6:39;0;0;0;0;0;0;1;0;1;1;0;0;0;1;0;
Solomon Hill;;13:37;0;3;0;3;0;0;2;2;4;1;0;0;3;1;0;
Solomon Hill;;18:56;0;2;0;2;2;2;0;3;3;1;1;0;0;2;2;
Solomon Hill;;10:12;0;1;0;1;0;0;1;1;2;2;0;1;2;0;0;
Solomon Hill;;6:34;0;1;0;1;1;1;0;1;1;0;0;0;0;0;1;
Solomon Hill;;2:27;0;0;0;0;0;0;0;0;0;1;0;0;0;1;0;
Solomon Hill;;20:44;2;4;2;3;0;0;2;2;4;0;1;0;0;1;6;
Solomon Hill;;6:48;1;2;1;2;0;0;0;1;1;0;0;0;0;2;3;
Solomon Hill;;4:31;0;0;0;0;0;0;0;0;0;0;0;0;0;0;0;
Solomon Hill;;2:39;0;1;0;0;0;0;0;0;0;0;0;0;1;0;0;
Solomon Hill;;6:41;1;2;0;1;1;2;0;1;1;1;0;0;0;0;3;
