╔═══════════════╤═══════════════╗
║Name		│Spencer Hawes	║
╟───────────────┼───────────────╢
║Number		│32		║
╟───────────────┼───────────────╢
║Position	│C		║
╟───────────────┼───────────────╢
║Height		│7-1		║
╟───────────────┼───────────────╢
║Weight		│245		║
╟───────────────┼───────────────╢
║Birth		│APR 28, 1988	║
╟───────────────┼───────────────╢
║Age		│26		║
╟───────────────┼───────────────╢
║Exp		│6		║
╟───────────────┼───────────────╢
║School		│Washington	║
╚═══════════════╧═══════════════╝
Spencer Hawes;C;31:41;4;11;2;4;3;4;1;7;8;4;2;1;1;4;13;
Spencer Hawes;C;17:10;4;11;1;3;1;1;2;5;7;1;0;1;2;6;10;
Spencer Hawes;C;33:26;3;8;1;1;2;2;1;8;9;7;4;0;2;5;9;
Spencer Hawes;C;25:07;3;6;1;3;0;0;1;5;6;4;0;2;5;2;7;
Spencer Hawes;C;22:42;3;5;1;2;2;2;2;1;3;2;1;2;0;1;9;
Spencer Hawes;C;37:27;6;14;3;8;1;1;1;9;10;6;1;1;1;2;16;
Spencer Hawes;C;41:15;6;14;1;4;4;4;1;6;7;5;0;1;4;5;17;
Spencer Hawes;C;38:11;7;12;3;6;0;0;0;14;14;7;0;1;5;1;17;
Spencer Hawes;C;27:22;5;14;0;2;0;1;4;6;10;4;1;1;3;1;10;
Spencer Hawes;C;29:56;3;8;1;4;2;2;2;4;6;1;1;2;2;2;9;
Spencer Hawes;C;30:46;5;15;1;7;0;0;3;13;16;2;2;1;2;3;11;
Spencer Hawes;C;24:49;1;3;1;2;1;2;0;1;1;7;1;0;2;5;4;
Spencer Hawes;C;34:07;6;17;1;4;1;1;4;8;12;4;1;0;2;1;14;
Spencer Hawes;C;32:21;6;15;2;5;0;0;1;5;6;3;0;1;3;3;14;
Spencer Hawes;C;33:43;6;12;2;4;4;4;4;5;9;1;0;1;4;6;18;
Spencer Hawes;C;35:19;7;14;4;6;2;2;0;8;8;2;1;0;1;5;20;
Spencer Hawes;C;17:43;3;5;0;1;0;0;1;3;4;2;0;0;1;3;6;
Spencer Hawes;C;28:25;2;8;0;3;0;0;1;7;8;1;0;1;1;4;4;
Spencer Hawes;C;35:06;3;7;2;3;0;0;2;6;8;6;0;1;6;2;8;
Spencer Hawes;C;33:31;5;13;0;2;3;3;2;12;14;4;1;3;3;1;13;
Spencer Hawes;C;33:30;5;11;3;6;2;3;1;10;11;3;0;0;2;3;15;
Spencer Hawes;C;22:56;0;8;0;3;0;0;1;1;2;1;0;0;0;1;0;
Spencer Hawes;C;25:23;3;10;0;2;0;1;0;6;6;4;2;0;0;4;6;
Spencer Hawes;C;34:28;6;16;2;5;2;2;3;8;11;3;0;2;3;4;16;
Spencer Hawes;C;29:27;1;6;0;2;0;0;0;6;6;3;0;2;1;2;2;
Spencer Hawes;;26:28;3;10;1;3;0;0;4;6;10;3;0;3;3;4;7;
Spencer Hawes;;32:15;5;10;1;4;5;6;3;9;12;4;0;1;1;1;16;
Spencer Hawes;C;31:46;6;12;3;4;0;0;2;5;7;1;0;1;1;4;15;
Spencer Hawes;C;31:35;8;18;3;6;0;0;3;4;7;1;0;0;2;2;19;
Spencer Hawes;C;37:07;6;12;1;2;0;0;3;13;16;2;1;2;3;5;13;
Spencer Hawes;C;33:17;5;12;3;5;0;0;1;3;4;3;0;1;2;3;13;
Spencer Hawes;C;33:20;7;9;3;4;3;5;0;13;13;1;1;1;2;3;20;
Spencer Hawes;C;36:12;5;13;1;3;2;2;0;7;7;1;0;0;1;5;13;
Spencer Hawes;C;36:15;7;15;4;7;3;3;1;9;10;3;1;3;2;5;21;
Spencer Hawes;C;34:09;6;11;3;4;4;4;1;5;6;3;0;0;4;4;19;
Spencer Hawes;C;36:19;8;18;1;7;5;6;3;10;13;2;1;1;0;4;22;
Spencer Hawes;C;33:46;5;11;1;4;3;4;2;3;5;1;0;0;2;5;14;
Spencer Hawes;C;35:27;5;10;0;3;1;2;0;9;9;3;0;1;2;3;11;
Spencer Hawes;C;30:48;8;17;3;10;1;2;0;3;3;3;0;0;3;3;20;
Spencer Hawes;C;16:30;1;8;0;2;1;2;2;0;2;2;0;1;2;2;3;
Spencer Hawes;C;22:27;3;5;1;1;0;0;1;4;5;1;1;0;1;2;7;
Spencer Hawes;C;21:48;4;10;1;3;2;2;1;6;7;1;0;3;2;3;11;
Spencer Hawes;C;23:52;2;4;0;2;0;1;1;5;6;2;1;1;2;1;4;
Spencer Hawes;C;22:18;6;13;3;3;1;2;3;2;5;2;0;2;2;0;16;
Spencer Hawes;C;33:06;5;9;1;2;2;2;1;4;5;0;0;0;4;5;13;
Spencer Hawes;C;33:30;7;16;4;7;2;2;0;8;8;5;0;0;1;1;20;
Spencer Hawes;C;37:58;6;14;1;3;3;4;5;5;10;4;6;2;1;1;16;
Spencer Hawes;C;35:36;3;9;1;2;2;2;1;6;7;4;0;0;1;2;9;
Spencer Hawes;C;18:43;6;8;3;3;0;0;2;6;8;3;1;0;2;4;15;
Spencer Hawes;C;25:05;7;12;1;5;0;0;0;6;6;2;0;2;3;6;15;
Spencer Hawes;C;20:31;1;4;1;2;0;0;2;8;10;4;0;0;3;3;3;
Spencer Hawes;C;23:51;4;7;2;4;0;0;1;6;7;3;0;2;2;2;10;
Spencer Hawes;C;29:23;10;14;1;2;3;4;3;6;9;2;0;0;2;4;24;
Spencer Hawes;C;33:07;6;12;3;6;1;2;1;13;14;5;1;1;1;4;16;
Spencer Hawes;C;30:23;8;11;2;4;0;0;3;8;11;2;1;3;2;1;18;
Spencer Hawes;C;26:22;1;6;1;2;2;4;3;5;8;3;0;1;3;4;5;
Spencer Hawes;C;38:35;9;16;2;4;3;4;2;11;13;5;1;2;6;3;23;
Spencer Hawes;C;31:58;3;6;2;3;2;2;2;5;7;3;0;6;0;5;10;
Spencer Hawes;C;37:17;6;13;1;4;0;0;2;9;11;2;0;0;3;3;13;
Spencer Hawes;C;32:36;6;13;2;4;3;3;3;10;13;3;0;2;4;1;17;
Spencer Hawes;C;35:48;7;16;3;5;1;2;3;6;9;4;3;3;3;4;18;
Spencer Hawes;C;31:55;5;11;1;3;3;4;2;10;12;2;0;0;0;1;14;
Spencer Hawes;C;24:59;4;11;1;3;5;6;1;3;4;3;0;0;1;2;14;
Spencer Hawes;C;36:17;4;11;1;3;1;2;1;10;11;4;1;3;0;2;10;
Spencer Hawes;F;37:01;10;13;3;4;5;6;2;8;10;3;0;1;2;5;28;
Spencer Hawes;F;39:00;11;16;3;6;0;0;2;10;12;2;0;0;6;3;25;
Spencer Hawes;C;25:23;5;11;2;6;0;1;0;9;9;2;0;3;1;1;12;
Spencer Hawes;C;30:49;5;15;1;4;0;0;0;9;9;5;1;3;0;3;11;
Spencer Hawes;C;35:38;7;13;3;7;0;0;1;2;3;1;1;1;2;1;17;
Spencer Hawes;C;28:45;3;9;2;5;2;2;2;11;13;5;0;0;5;4;10;
Spencer Hawes;C;30:09;6;11;1;4;1;1;2;6;8;2;0;2;3;2;14;
Spencer Hawes;C;22:37;1;6;0;2;0;0;0;4;4;3;0;0;2;2;2;
Spencer Hawes;C;34:10;7;12;4;5;2;3;0;6;6;3;0;3;2;3;20;
Spencer Hawes;C;33:55;5;10;0;2;5;6;1;2;3;4;1;4;1;3;15;
Spencer Hawes;C;24:42;7;12;2;3;0;0;1;4;5;1;0;1;3;3;16;
Spencer Hawes;C;26:21;1;5;0;2;0;0;1;6;7;2;1;0;1;2;2;
Spencer Hawes;C;40:50;3;14;2;7;2;4;1;8;9;8;1;0;2;2;10;
Spencer Hawes;C;35:08;10;15;2;3;3;3;7;4;11;2;0;0;1;1;25;
Spencer Hawes;C;34:23;4;7;2;3;2;3;1;6;7;3;0;2;5;3;12;
Spencer Hawes;C;32:19;7;12;2;4;3;4;2;6;8;5;1;2;1;4;19;
