╔═══════════════╤═══════════════╗
║Name		│Stephen Curry	║
╟───────────────┼───────────────╢
║Number		│30		║
╟───────────────┼───────────────╢
║Position	│G		║
╟───────────────┼───────────────╢
║Height		│6-3		║
╟───────────────┼───────────────╢
║Weight		│185		║
╟───────────────┼───────────────╢
║Birth		│MAR 14, 1988	║
╟───────────────┼───────────────╢
║Age		│26		║
╟───────────────┼───────────────╢
║Exp		│4		║
╟───────────────┼───────────────╢
║School		│Davidson	║
╚═══════════════╧═══════════════╝
Stephen Curry;G;43:43;13;22;8;15;2;3;0;2;2;12;2;0;4;4;36;
Stephen Curry;G;34:39;7;15;1;7;7;8;0;8;8;9;5;0;9;5;22;
Stephen Curry;G;37:38;5;17;1;5;3;3;1;2;3;10;1;1;2;5;14;
Stephen Curry;G;36:14;5;18;2;11;3;4;0;0;0;6;1;0;7;2;15;
Stephen Curry;G;45:28;11;25;2;10;10;10;0;5;5;7;3;0;7;5;34;
Stephen Curry;G;40:08;7;18;3;8;2;3;1;6;7;4;1;0;4;1;19;
Stephen Curry;G;39:41;7;19;4;13;6;7;0;5;5;7;0;0;2;4;24;
Stephen Curry;G;37:57;11;18;6;10;9;11;2;1;3;11;3;0;7;2;37;
Stephen Curry;G;37:49;10;22;2;9;6;6;1;5;6;8;4;0;0;2;28;
Stephen Curry;G;41:28;9;20;3;11;3;4;0;3;3;9;0;0;2;2;24;
Stephen Curry;G;36:53;12;21;6;10;3;3;1;2;3;15;1;0;5;3;33;
Stephen Curry;G;34:38;13;23;5;8;7;10;1;6;7;8;2;0;2;1;38;
Stephen Curry;G;37:43;8;23;2;7;5;6;0;2;2;4;4;0;6;5;23;
Stephen Curry;G;33:41;8;10;4;4;2;2;0;4;4;7;1;1;3;3;22;
Stephen Curry;G;38:06;14;26;8;13;8;9;0;2;2;4;0;0;2;0;44;
Stephen Curry;G;38:13;8;18;1;7;0;0;1;2;3;11;0;0;2;2;17;
Stephen Curry;G;42:45;13;19;4;6;4;4;0;3;3;9;1;0;2;3;34;
Stephen Curry;G;41:09;10;20;3;10;5;6;1;1;2;9;0;0;2;2;28;
Stephen Curry;G;27:17;7;11;6;9;3;3;2;3;5;8;1;0;7;3;23;
Stephen Curry;G;39:13;8;14;4;4;9;9;1;4;5;7;1;0;5;3;29;
Stephen Curry;G;35:51;5;14;1;4;2;3;0;1;1;8;1;0;0;2;13;
Stephen Curry;G;38:26;8;15;5;8;4;4;0;2;2;6;2;0;2;5;25;
Stephen Curry;G;31:58;7;13;3;4;0;0;0;5;5;8;2;0;2;2;17;
Stephen Curry;G;35:44;6;15;3;9;4;5;3;5;8;9;0;0;4;0;19;
Stephen Curry;G;28:19;2;10;1;5;0;0;0;3;3;5;0;0;5;0;5;
Stephen Curry;G;30:18;9;19;5;11;4;4;2;9;11;11;0;1;4;2;27;
Stephen Curry;G;43:12;13;27;4;11;4;6;1;3;4;7;1;0;6;3;34;
Stephen Curry;G;32:14;7;18;2;5;3;3;1;7;8;6;2;0;4;5;19;
Stephen Curry;G;21:51;6;10;1;4;1;1;0;3;3;4;1;0;0;3;14;
Stephen Curry;G;30:02;5;10;1;4;2;2;0;3;3;7;1;0;0;1;13;
Stephen Curry;G;30:16;7;16;1;5;3;3;0;2;2;9;0;0;1;1;18;
Stephen Curry;G;22:17;4;12;1;5;1;1;0;2;2;4;3;0;3;1;10;
Stephen Curry;G;29:18;5;11;2;5;1;1;1;4;5;11;1;0;4;3;13;
Stephen Curry;G;36:01;8;17;5;10;6;7;0;4;4;8;3;0;4;1;27;
Stephen Curry;G;40:08;11;24;6;12;9;9;0;4;4;5;1;0;5;4;37;
Stephen Curry;G;31:46;9;13;3;6;2;2;1;2;3;5;0;0;3;1;23;
Stephen Curry;G;38:04;9;14;3;5;10;10;1;2;3;10;1;0;4;2;31;
Stephen Curry;G;39:25;5;13;1;4;9;9;0;6;6;6;1;0;6;0;20;
Stephen Curry;G;38:03;13;22;5;8;2;3;1;4;5;8;1;2;3;1;33;
Stephen Curry;G;40:46;10;21;6;12;6;8;1;3;4;1;1;0;2;2;32;
Stephen Curry;G;43:07;10;17;3;8;0;0;1;2;3;10;2;0;1;2;23;
Stephen Curry;G;30:43;5;15;1;4;0;0;0;0;0;10;1;0;4;2;11;
Stephen Curry;G;28:33;5;12;2;5;1;1;1;1;2;5;1;0;1;2;13;
Stephen Curry;G;29:28;12;18;5;10;2;2;0;1;1;16;3;0;5;2;31;
Stephen Curry;G;33:36;8;19;2;7;6;6;0;7;7;6;4;0;2;1;24;
Stephen Curry;G;34:43;12;20;4;5;2;2;0;10;10;12;2;0;6;3;30;
Stephen Curry;G;45:26;16;29;7;14;8;8;1;0;1;5;4;0;4;3;47;
Stephen Curry;G;41:57;10;21;7;13;5;5;1;4;5;15;3;0;5;4;32;
Stephen Curry;G;23:57;4;10;2;5;0;0;0;4;4;6;1;0;1;4;10;
Stephen Curry;G;38:29;14;23;9;14;1;1;0;3;3;9;0;0;11;3;38;
Stephen Curry;G;32:30;8;13;5;8;1;1;0;1;1;12;1;0;7;4;22;
Stephen Curry;G;29:13;7;16;2;9;2;2;3;7;10;12;5;1;2;0;18;
Stephen Curry;G;24:11;2;8;0;3;1;2;0;1;1;7;1;0;1;1;5;
Stephen Curry;G;34:22;7;18;4;10;4;4;1;1;2;5;3;0;3;1;22;
Stephen Curry;G;29:00;7;10;2;4;9;9;1;1;2;8;1;0;2;4;25;
Stephen Curry;G;43:07;8;22;4;8;2;3;0;5;5;9;1;0;2;4;22;
Stephen Curry;G;38:31;7;20;0;5;1;2;0;3;3;11;1;0;0;1;15;
Stephen Curry;G;33:15;7;15;4;7;4;4;2;4;6;8;3;0;5;4;22;
Stephen Curry;G;37:10;8;21;2;9;4;5;0;3;3;11;1;0;5;1;22;
Stephen Curry;G;42:05;7;20;2;5;0;0;1;7;8;9;3;1;2;2;16;
Stephen Curry;G;42:24;9;19;6;10;5;5;0;4;4;8;1;0;6;3;29;
Stephen Curry;G;44:42;13;26;4;10;2;3;2;9;11;5;0;0;3;4;32;
Stephen Curry;G;40:10;14;24;5;8;3;3;0;2;2;10;3;1;7;1;36;
Stephen Curry;G;43:26;8;15;3;7;8;10;0;3;3;10;5;1;3;1;27;
Stephen Curry;G;32:28;5;14;1;5;11;11;0;1;1;5;3;0;8;4;22;
Stephen Curry;G;45:21;7;16;2;7;6;7;1;5;6;15;0;1;1;4;22;
Stephen Curry;G;45:40;14;32;5;16;10;12;1;5;6;9;0;2;4;4;43;
Stephen Curry;G;43:56;13;25;6;11;1;1;0;4;4;10;3;0;8;3;33;
Stephen Curry;G;39:07;5;12;1;5;9;11;0;2;2;9;0;0;6;6;20;
Stephen Curry;G;42:22;8;17;4;7;10;11;0;6;6;7;3;0;6;2;30;
Stephen Curry;G;32:40;11;19;2;7;4;4;1;3;4;11;3;0;3;3;28;
Stephen Curry;G;40:22;12;28;6;16;0;0;0;2;2;15;4;0;5;1;30;
Stephen Curry;G;32:43;5;15;4;9;4;4;1;5;6;10;3;0;1;2;18;
Stephen Curry;G;35:14;5;14;2;3;2;4;0;3;3;7;2;1;2;4;14;
Stephen Curry;G;42:29;5;17;2;6;3;3;1;5;6;11;1;0;2;1;15;
Stephen Curry;G;33:33;5;17;1;6;3;5;3;10;13;16;1;0;7;3;14;
Stephen Curry;G;48:12;10;23;5;10;4;5;0;9;9;11;2;1;5;3;29;
Stephen Curry;G;29:35;4;10;1;5;0;0;0;5;5;8;0;0;6;1;9;
