╔═══════════════╤═══════════════╗
║Name		│Steven Adams	║
╟───────────────┼───────────────╢
║Number		│12		║
╟───────────────┼───────────────╢
║Position	│C		║
╟───────────────┼───────────────╢
║Height		│7-0		║
╟───────────────┼───────────────╢
║Weight		│255		║
╟───────────────┼───────────────╢
║Birth		│JUL 20, 1993	║
╟───────────────┼───────────────╢
║Age		│20		║
╟───────────────┼───────────────╢
║Exp		│R		║
╟───────────────┼───────────────╢
║School		│Pittsburgh	║
╚═══════════════╧═══════════════╝
Steven Adams;;14:14;2;3;0;0;3;4;1;0;1;2;2;0;2;3;7;
Steven Adams;;15:32;4;5;0;0;2;2;4;5;9;0;0;2;2;2;10;
Steven Adams;;4:37;0;2;0;0;0;0;1;0;1;0;0;0;0;1;0;
Steven Adams;;12:03;2;3;0;0;0;0;2;3;5;0;0;0;1;3;4;
Steven Adams;;18:42;1;1;0;0;1;2;0;5;5;1;0;0;1;2;3;
Steven Adams;;11:08;0;2;0;0;1;4;2;3;5;1;0;0;0;1;1;
Steven Adams;;21:11;2;5;0;0;1;1;4;5;9;0;1;0;0;4;5;
Steven Adams;;10:18;1;2;0;0;3;4;2;2;4;1;0;0;2;6;5;
Steven Adams;;10:57;3;4;0;0;0;0;3;2;5;0;1;0;1;6;6;
Steven Adams;;19:23;0;2;0;0;0;0;3;4;7;1;2;0;2;6;0;
Steven Adams;;17:19;2;3;0;0;0;0;2;4;6;1;0;1;0;2;4;
Steven Adams;;14:10;0;2;0;0;1;2;4;3;7;0;1;0;2;3;1;
Steven Adams;;19:33;1;4;0;0;1;2;2;3;5;0;0;1;1;2;3;
Steven Adams;;8:06;0;0;0;0;1;2;1;0;1;1;0;1;1;1;1;
Steven Adams;;9:38;1;2;0;0;0;2;3;1;4;0;1;0;0;1;2;
Steven Adams;;1:46;0;0;0;0;0;0;0;0;0;0;0;0;0;0;0;
Steven Adams;;12:00;2;3;0;0;0;0;0;1;1;1;1;1;1;2;4;
Steven Adams;;13:36;1;2;0;0;0;0;2;1;3;0;0;1;2;3;2;
Steven Adams;;22:36;1;2;0;0;1;4;3;2;5;1;1;4;1;5;3;
Steven Adams;;8:11;0;0;0;0;0;0;1;1;2;0;0;1;1;0;0;
Steven Adams;;11:28;0;0;0;0;0;0;1;3;4;0;0;0;3;2;0;
Steven Adams;;5:40;0;0;0;0;0;0;0;0;0;0;0;0;0;1;0;
Steven Adams;;12:32;0;1;0;0;0;0;1;1;2;0;0;1;1;1;0;
Steven Adams;;7:57;0;0;0;0;0;2;1;1;2;0;0;0;0;0;0;
Steven Adams;;1:54;0;0;0;0;0;0;0;0;0;0;0;0;0;0;0;
Steven Adams;C;16:08;0;1;0;0;1;2;2;4;6;0;0;1;1;3;1;
Steven Adams;C;25:28;2;5;0;0;0;0;1;3;4;0;1;1;1;1;4;
Steven Adams;C;25:02;1;3;0;0;5;7;4;1;5;0;0;2;1;3;7;
Steven Adams;C;19:21;2;2;0;0;0;0;2;4;6;1;0;1;0;5;4;
Steven Adams;C;14:58;1;1;0;0;0;4;1;2;3;0;0;0;1;2;2;
Steven Adams;C;11:21;0;0;0;0;0;0;0;1;1;0;0;0;0;2;0;
Steven Adams;C;10:17;0;0;0;0;0;0;1;1;2;0;1;0;0;1;0;
Steven Adams;C;23:48;1;2;0;0;0;0;1;7;8;0;0;2;0;4;2;
Steven Adams;C;11:38;2;3;0;0;0;0;1;2;3;1;0;0;1;3;4;
Steven Adams;C;11:59;0;0;0;0;0;0;1;1;2;0;0;0;1;3;0;
Steven Adams;C;20:43;0;0;0;0;0;0;1;5;6;0;0;2;1;3;0;
Steven Adams;C;18:12;2;3;0;0;0;0;3;3;6;0;0;1;2;2;4;
Steven Adams;C;18:17;0;2;0;0;0;0;2;5;7;2;0;1;0;0;0;
Steven Adams;C;23:13;4;6;0;0;2;4;2;4;6;1;6;0;1;4;10;
Steven Adams;C;10:39;1;1;0;0;0;0;1;1;2;1;0;0;2;1;2;
Steven Adams;C;14:42;1;2;0;0;3;6;0;2;2;1;0;0;2;4;5;
Steven Adams;C;18:03;4;6;0;0;0;0;3;5;8;0;2;0;1;3;8;
Steven Adams;;12:14;2;4;0;0;1;2;3;2;5;0;1;0;1;3;5;
Steven Adams;C;12:37;1;3;0;0;0;0;1;1;2;1;0;0;1;0;2;
Steven Adams;;27:18;0;1;0;0;5;8;3;2;5;0;1;3;0;3;5;
Steven Adams;;19:34;2;2;0;0;3;5;2;5;7;0;1;1;0;3;7;
Steven Adams;;10:08;2;2;0;0;0;1;0;1;1;0;0;0;0;1;4;
Steven Adams;;13:06;2;3;0;0;0;0;0;1;1;0;2;0;0;3;4;
Steven Adams;;1:45;0;0;0;0;0;0;0;0;0;0;0;0;0;1;0;
Steven Adams;;10:42;0;1;0;0;1;2;2;0;2;0;0;0;0;0;1;
Steven Adams;;18:26;1;1;0;0;0;1;2;1;3;1;0;0;0;3;2;
Steven Adams;;22:53;2;5;0;0;4;6;5;3;8;1;0;1;0;5;8;
Steven Adams;;8:47;1;3;0;0;0;0;4;0;4;0;0;1;1;2;2;
Steven Adams;;20:10;2;3;0;0;2;2;2;7;9;0;2;1;0;1;6;
Steven Adams;;30:31;7;10;0;0;3;4;5;5;10;3;1;3;0;5;17;
Steven Adams;;19:34;0;3;0;0;1;2;1;1;2;0;0;2;1;2;1;
Steven Adams;C;21:26;3;4;0;0;1;2;2;2;4;0;0;1;1;2;7;
Steven Adams;C;14:10;1;1;0;0;1;2;0;0;0;0;0;0;1;2;3;
Steven Adams;;13:31;0;4;0;0;2;2;4;3;7;1;1;2;0;3;2;
Steven Adams;;5:53;0;0;0;0;0;0;0;0;0;1;0;1;0;1;0;
Steven Adams;;23:41;2;5;0;0;2;4;3;4;7;2;0;3;1;4;6;
Steven Adams;;26:38;1;5;0;0;1;2;0;7;7;2;1;0;4;4;3;
Steven Adams;;11:32;1;1;0;0;0;0;1;2;3;0;0;0;2;1;2;
Steven Adams;;14:16;2;3;0;0;1;2;4;3;7;1;0;1;0;3;5;
Steven Adams;;8:59;1;1;0;0;0;0;1;3;4;1;0;0;0;1;2;
Steven Adams;;13:42;0;1;0;0;3;4;3;2;5;0;1;0;1;3;3;
Steven Adams;;13:02;2;3;0;0;1;2;2;3;5;1;0;0;1;3;5;
Steven Adams;;3:58;0;1;0;0;0;0;1;2;3;0;0;0;0;1;0;
Steven Adams;;17:52;1;1;0;0;3;3;2;2;4;2;1;2;2;4;5;
Steven Adams;;11:00;2;3;0;0;0;0;2;2;4;1;0;1;0;1;4;
Steven Adams;;15:52;1;2;0;0;1;2;2;3;5;0;1;0;3;4;3;
Steven Adams;;15:13;0;0;0;0;1;2;3;2;5;3;0;2;0;5;1;
Steven Adams;;20:14;2;3;0;0;2;2;1;3;4;0;2;1;3;3;6;
Steven Adams;;9:22;0;1;0;0;1;2;1;1;2;0;0;0;1;3;1;
Steven Adams;;27:13;1;4;0;0;2;2;3;4;7;0;4;2;2;5;4;
Steven Adams;;18:50;1;3;0;0;2;4;1;5;6;0;1;2;1;3;4;
Steven Adams;;10:37;0;3;0;0;0;0;3;2;5;0;0;2;1;5;0;
Steven Adams;;12:00;1;1;0;0;3;4;1;1;2;2;0;0;0;3;5;
Steven Adams;;16:08;1;1;0;0;4;6;2;1;3;1;0;1;0;3;6;
Steven Adams;;6:16;3;4;0;0;0;0;0;1;1;1;0;0;1;0;6;
Steven Adams;;19:48;1;4;0;0;2;2;1;2;3;1;0;0;3;3;4;
