╔═══════════════╤═══════════════╗
║Name		│Steve Blake	║
╟───────────────┼───────────────╢
║Number		│25		║
╟───────────────┼───────────────╢
║Position	│G		║
╟───────────────┼───────────────╢
║Height		│6-3		║
╟───────────────┼───────────────╢
║Weight		│172		║
╟───────────────┼───────────────╢
║Birth		│FEB 26, 1980	║
╟───────────────┼───────────────╢
║Age		│34		║
╟───────────────┼───────────────╢
║Exp		│10		║
╟───────────────┼───────────────╢
║School		│Maryland	║
╚═══════════════╧═══════════════╝
Steve Blake;G;32:11;0;2;0;1;0;0;0;5;5;6;3;0;2;2;0;
Steve Blake;G;39:54;2;7;2;7;5;6;0;10;10;15;3;0;7;2;11;
Steve Blake;G;36:23;5;10;4;5;0;0;1;3;4;8;2;1;0;2;14;
Steve Blake;G;40:18;3;12;2;6;0;0;1;3;4;4;3;0;5;4;8;
Steve Blake;G;36:25;2;11;1;4;0;0;2;3;5;8;2;0;1;2;5;
Steve Blake;G;37:34;4;10;3;8;2;3;0;6;6;2;2;0;4;2;13;
Steve Blake;;17:55;1;5;1;4;0;0;0;2;2;1;0;1;1;0;3;
Steve Blake;;16:16;2;4;2;3;0;0;0;1;1;5;1;0;0;1;6;
Steve Blake;;17:25;2;5;2;5;0;0;0;1;1;2;0;0;2;1;6;
Steve Blake;;26:55;2;5;0;1;0;0;0;0;0;2;0;1;0;4;4;
Steve Blake;;19:50;3;6;2;4;1;1;1;2;3;4;1;0;0;1;9;
Steve Blake;;16:22;1;3;1;1;0;0;1;0;1;3;0;1;0;4;3;
Steve Blake;;16:48;0;1;0;0;0;0;1;1;2;6;0;0;1;1;0;
Steve Blake;;27:01;2;6;0;4;0;0;0;2;2;6;0;0;0;1;4;
Steve Blake;;26:14;2;5;2;5;0;0;0;3;3;3;3;0;1;1;6;
Steve Blake;;20:06;3;4;1;2;0;2;0;3;3;2;0;0;1;1;7;
Steve Blake;;25:46;3;7;3;5;0;0;0;3;3;8;0;0;3;3;9;
Steve Blake;;21:30;0;6;0;4;0;0;0;1;1;1;0;0;1;0;0;
Steve Blake;;17:54;1;4;0;3;0;0;0;1;1;3;0;0;0;0;2;
Steve Blake;;17:48;2;3;1;2;0;0;0;1;1;2;0;0;0;0;5;
Steve Blake;;28:37;3;5;3;5;3;3;0;4;4;4;3;1;1;1;12;
Steve Blake;;20:09;1;2;0;1;0;0;0;2;2;4;2;0;2;3;2;
Steve Blake;;21:37;2;4;1;1;0;0;0;1;1;3;0;0;3;3;5;
Steve Blake;;16:28;2;3;1;2;0;0;0;2;2;0;0;2;0;2;5;
Steve Blake;;21:04;0;4;0;4;0;0;0;1;1;2;0;0;0;1;0;
Steve Blake;;13:03;0;3;0;3;0;0;0;0;0;3;0;0;1;1;0;
Steve Blake;;23:42;0;1;0;0;0;0;0;1;1;3;1;0;1;0;0;
Steve Blake;;24:34;0;2;0;0;0;0;1;5;6;4;0;0;1;2;0;
Steve Blake;;24:09;1;3;1;2;0;0;0;0;0;5;0;0;2;1;3;
Steve Blake;;16:06;0;1;0;1;0;0;0;1;1;2;0;0;2;0;0;
Steve Blake;;30:02;5;9;3;7;0;0;1;4;5;5;2;0;1;0;13;
Steve Blake;;13:04;2;6;1;4;0;0;0;1;1;1;0;0;0;1;5;
Steve Blake;;18:55;2;3;1;2;0;0;0;1;1;3;0;0;4;3;5;
Steve Blake;G;47:11;3;10;1;4;1;2;0;7;7;15;7;0;3;0;8;
Steve Blake;G;22:25;2;3;2;2;0;0;1;1;2;1;1;0;0;1;6;
Steve Blake;G;31:40;4;13;2;3;0;0;0;3;3;4;2;0;2;1;10;
Steve Blake;G;31:38;2;12;2;9;0;0;0;4;4;9;1;0;1;1;6;
Steve Blake;G;32:24;1;5;1;4;0;0;1;4;5;7;0;0;0;1;3;
Steve Blake;G;27:09;3;7;3;7;0;0;0;0;0;1;0;0;2;1;9;
Steve Blake;G;33:58;5;10;4;6;0;0;0;3;3;2;0;0;0;4;14;
Steve Blake;G;36:29;4;11;2;5;3;4;0;3;3;8;0;0;5;0;13;
Steve Blake;G;34:42;7;11;5;7;0;0;0;3;3;8;3;0;1;0;19;
Steve Blake;G;27:27;1;4;1;2;2;2;0;1;1;10;0;0;2;1;5;
Steve Blake;G;33:47;5;11;2;4;3;5;0;6;6;11;0;0;3;2;15;
Steve Blake;G;36:20;4;9;1;4;0;0;0;7;7;10;2;0;1;2;9;
Steve Blake;G;35:07;3;7;1;3;2;2;0;1;1;16;4;0;4;3;9;
Steve Blake;G;28:58;3;6;2;3;6;6;0;2;2;5;2;0;5;3;14;
Steve Blake;G;30:58;4;9;1;4;0;0;0;5;5;12;0;1;2;1;9;
Steve Blake;G;30:16;6;11;2;5;1;1;0;3;3;5;0;0;3;3;15;
Steve Blake;G;29:10;3;8;2;5;1;2;0;4;4;10;0;0;1;1;9;
Steve Blake;G;23:57;1;6;0;4;0;0;0;4;4;10;1;0;5;2;2;
Steve Blake;G;33:31;5;12;3;7;0;0;1;1;2;9;0;0;3;2;13;
Steve Blake;G;39:15;5;13;2;9;1;2;0;3;3;10;1;0;4;2;13;
Steve Blake;G;30:18;1;6;1;5;0;0;1;2;3;4;0;0;4;3;3;
Steve Blake;G;39:13;3;7;1;2;2;2;0;5;5;10;2;0;4;1;9;
