╔═══════════════╤═══════════════╗
║Name		│Steve Novak	║
╟───────────────┼───────────────╢
║Number		│16		║
╟───────────────┼───────────────╢
║Position	│F		║
╟───────────────┼───────────────╢
║Height		│6-10		║
╟───────────────┼───────────────╢
║Weight		│235		║
╟───────────────┼───────────────╢
║Birth		│JUN 13, 1983	║
╟───────────────┼───────────────╢
║Age		│31		║
╟───────────────┼───────────────╢
║Exp		│7		║
╟───────────────┼───────────────╢
║School		│Marquette	║
╚═══════════════╧═══════════════╝
Steve Novak;;1:08;0;1;0;1;0;0;0;1;1;0;0;0;0;0;0;
Steve Novak;;1:09;0;0;0;0;0;0;0;1;1;0;0;0;0;0;0;
Steve Novak;;4:14;1;1;1;1;0;0;0;1;1;0;0;0;0;0;3;
Steve Novak;;11:00;2;4;2;3;0;0;0;1;1;1;1;0;0;0;6;
Steve Novak;;14:08;3;3;3;3;0;0;0;0;0;1;0;0;1;3;9;
Steve Novak;;7:57;1;1;0;0;0;0;0;1;1;0;0;0;0;0;2;
Steve Novak;F;21:55;0;5;0;4;0;0;0;0;0;1;0;0;0;0;0;
Steve Novak;;13:06;2;3;2;3;0;0;0;0;0;1;0;0;0;1;6;
Steve Novak;;10:22;0;1;0;1;0;0;0;1;1;0;0;1;0;0;0;
Steve Novak;;12:04;4;7;3;6;1;1;0;2;2;0;0;1;0;0;12;
Steve Novak;;15:19;2;5;2;4;0;0;0;3;3;1;0;0;0;2;6;
Steve Novak;;11:44;1;2;1;2;0;0;0;2;2;0;0;1;0;2;3;
Steve Novak;;18:42;2;5;2;4;0;0;0;2;2;0;1;0;0;1;6;
Steve Novak;;0:28;0;0;0;0;0;0;0;0;0;0;0;0;0;0;0;
Steve Novak;;0:02;0;0;0;0;0;0;0;0;0;0;0;0;0;0;0;
Steve Novak;;5:38;0;2;0;1;0;0;0;1;1;0;0;0;0;1;0;
Steve Novak;;0:19;0;0;0;0;0;0;0;0;0;0;0;0;0;0;0;
Steve Novak;;3:56;1;2;1;2;0;0;0;0;0;0;0;0;0;1;3;
Steve Novak;;0:27;0;0;0;0;0;0;0;0;0;0;0;0;0;0;0;
Steve Novak;;19:48;5;6;5;6;0;0;0;1;1;0;0;0;0;0;15;
Steve Novak;;7:15;1;1;0;0;0;0;0;1;1;0;1;0;0;3;2;
Steve Novak;;7:43;1;2;1;2;0;0;0;1;1;0;0;0;0;0;3;
Steve Novak;;12:44;0;0;0;0;0;0;0;3;3;0;0;0;1;0;0;
Steve Novak;;13:05;1;2;1;2;0;0;1;1;2;0;1;0;0;1;3;
Steve Novak;;19:30;3;5;3;5;0;0;1;2;3;0;0;0;0;3;9;
Steve Novak;;4:14;0;0;0;0;0;0;0;0;0;0;0;0;0;1;0;
Steve Novak;;0:45;0;0;0;0;0;0;0;0;0;0;0;0;0;0;0;
Steve Novak;;9:04;0;0;0;0;0;0;0;0;0;0;1;0;0;0;0;
Steve Novak;;16:37;1;5;1;5;0;0;0;2;2;0;0;1;0;1;3;
Steve Novak;;0:22;0;0;0;0;0;0;0;0;0;0;0;0;0;0;0;
Steve Novak;;9:58;3;5;2;4;0;0;0;0;0;1;0;0;0;0;8;
Steve Novak;;25:44;4;6;4;6;1;1;0;2;2;0;2;0;0;3;13;
Steve Novak;;14:15;1;4;1;3;0;0;0;0;0;0;1;0;1;4;3;
Steve Novak;;3:20;1;2;0;1;0;0;0;0;0;0;0;0;0;1;2;
Steve Novak;;3:28;0;1;0;1;0;0;0;1;1;0;0;0;0;1;0;
Steve Novak;;3:20;0;2;0;1;0;0;1;0;1;0;0;0;0;0;0;
Steve Novak;;8:53;1;3;0;2;0;0;1;3;4;1;0;0;0;0;2;
Steve Novak;;6:39;1;3;1;2;0;0;0;1;1;0;0;0;0;1;3;
Steve Novak;;1:54;0;1;0;1;0;0;0;0;0;0;0;0;0;0;0;
Steve Novak;;6:50;0;2;0;2;0;0;0;0;0;0;0;0;0;0;0;
Steve Novak;;4:36;0;1;0;0;0;0;0;0;0;0;0;0;0;0;0;
Steve Novak;;7:10;0;3;0;2;0;0;0;2;2;0;0;0;0;0;0;
Steve Novak;;15:37;3;7;2;6;0;0;0;1;1;0;0;0;0;3;8;
Steve Novak;;19:02;1;4;1;4;0;0;1;2;3;2;0;0;0;2;3;
Steve Novak;;23:02;3;6;2;4;4;4;2;1;3;2;1;0;0;2;12;
Steve Novak;;16:45;1;5;1;5;0;0;0;0;0;1;0;0;0;0;3;
Steve Novak;;11:39;2;4;2;3;0;0;0;1;1;1;1;0;0;0;6;
Steve Novak;;11:29;3;6;3;4;0;0;0;1;1;0;0;0;0;1;9;
Steve Novak;;19:46;2;5;2;4;0;0;0;2;2;0;1;0;0;4;6;
Steve Novak;;27:57;1;9;1;9;0;0;0;3;3;0;0;0;0;0;3;
Steve Novak;;27:57;2;4;2;3;0;0;0;3;3;0;1;0;0;1;6;
Steve Novak;;1:00;0;0;0;0;0;0;0;0;0;0;0;0;0;0;0;
Steve Novak;;0:16;0;0;0;0;0;0;0;0;0;0;0;0;0;0;0;
Steve Novak;;3:29;0;0;0;0;0;0;0;0;0;0;0;0;2;1;0;
