╔═══════════════╤═══════════════╗
║Name		│Steve Nash	║
╟───────────────┼───────────────╢
║Number		│10		║
╟───────────────┼───────────────╢
║Position	│G		║
╟───────────────┼───────────────╢
║Height		│6-3		║
╟───────────────┼───────────────╢
║Weight		│178		║
╟───────────────┼───────────────╢
║Birth		│FEB 07, 1974	║
╟───────────────┼───────────────╢
║Age		│40		║
╟───────────────┼───────────────╢
║Exp		│17		║
╟───────────────┼───────────────╢
║School		│Santa Clara	║
╚═══════════════╧═══════════════╝
Steve Nash;G;24:37;3;6;1;2;0;0;0;1;1;9;1;0;2;0;7;
Steve Nash;G;28:07;8;15;0;2;3;4;0;4;4;5;0;0;2;2;19;
Steve Nash;G;21:14;3;4;0;0;2;2;0;2;2;2;0;0;3;1;8;
Steve Nash;G;16:35;1;4;0;2;0;0;0;1;1;2;0;0;0;0;2;
Steve Nash;;18:32;2;4;1;2;0;0;1;3;4;11;3;0;4;1;5;
Steve Nash;;14:55;2;5;0;2;0;0;0;0;0;6;1;0;2;2;4;
Steve Nash;;21:48;2;5;0;0;6;6;0;4;4;10;0;1;1;1;10;
Steve Nash;;18:50;2;3;0;0;0;0;0;1;1;7;0;0;4;0;4;
Steve Nash;;13:10;1;2;1;1;0;0;1;2;3;5;0;0;1;0;3;
Steve Nash;G;20:44;1;3;1;1;0;0;0;1;1;5;0;0;3;3;3;
Steve Nash;G;23:20;1;8;0;1;3;4;0;2;2;5;0;1;2;1;5;
Steve Nash;G;29:04;5;13;1;2;2;2;0;3;3;6;1;0;0;2;13;
Steve Nash;G;20:22;2;8;1;2;0;0;1;1;2;4;0;0;1;0;5;
Steve Nash;G;27:58;3;11;2;5;4;4;1;0;1;6;1;0;4;4;12;
Steve Nash;G;13:21;0;3;0;2;2;2;0;0;0;3;0;0;2;1;2;
