╔═══════════════╤═══════════════╗
║Name		│Taj Gibson	║
╟───────────────┼───────────────╢
║Number		│22		║
╟───────────────┼───────────────╢
║Position	│F-C		║
╟───────────────┼───────────────╢
║Height		│6-9		║
╟───────────────┼───────────────╢
║Weight		│225		║
╟───────────────┼───────────────╢
║Birth		│JUN 24, 1985	║
╟───────────────┼───────────────╢
║Age		│29		║
╟───────────────┼───────────────╢
║Exp		│4		║
╟───────────────┼───────────────╢
║School		│USC		║
╚═══════════════╧═══════════════╝
Taj Gibson;;27:21;5;13;0;0;2;4;1;4;5;1;0;2;2;3;12;
Taj Gibson;F;39:13;4;12;0;0;2;2;3;9;12;2;1;3;2;4;10;
Taj Gibson;F;41:57;9;16;0;0;1;4;3;7;10;3;0;0;2;4;19;
Taj Gibson;;23:52;2;7;0;0;8;10;1;5;6;0;0;2;0;3;12;
Taj Gibson;;29:29;4;7;0;0;4;6;3;5;8;2;1;3;0;3;12;
Taj Gibson;;25:12;4;7;0;0;0;0;3;4;7;2;0;0;1;2;8;
Taj Gibson;;33:09;2;7;0;0;0;0;4;6;10;0;0;1;2;3;4;
Taj Gibson;;26:23;6;10;0;0;0;0;2;2;4;0;0;1;2;2;12;
Taj Gibson;;24:53;4;7;0;0;0;0;1;2;3;1;1;2;3;1;8;
Taj Gibson;;32:01;3;11;0;0;6;7;4;2;6;0;2;2;1;3;12;
Taj Gibson;F;42:53;11;15;0;0;4;6;1;4;5;2;1;3;0;3;26;
Taj Gibson;;25:45;8;18;0;0;2;2;1;3;4;2;1;1;1;2;18;
Taj Gibson;;27:36;4;9;0;0;5;6;0;7;7;2;0;1;2;4;13;
Taj Gibson;C;34:56;4;8;0;0;2;2;4;6;10;2;0;2;3;5;10;
Taj Gibson;;26:37;6;10;0;0;3;4;0;2;2;1;1;1;1;3;15;
Taj Gibson;;30:21;7;14;0;0;3;5;5;5;10;0;1;3;2;1;17;
Taj Gibson;;22:31;4;11;0;0;3;5;1;2;3;0;2;0;3;2;11;
Taj Gibson;;22:36;2;5;0;1;4;6;1;5;6;1;1;2;2;3;8;
Taj Gibson;F;45:39;9;23;0;0;8;8;4;9;13;4;2;2;2;3;26;
Taj Gibson;F;45:18;7;18;0;1;4;4;2;4;6;3;2;2;2;3;18;
Taj Gibson;F;46:01;12;19;0;0;0;2;4;8;12;5;0;1;4;2;24;
Taj Gibson;;30:56;7;14;0;1;2;3;1;4;5;2;0;2;1;3;16;
Taj Gibson;;26:29;4;8;0;0;2;2;2;1;3;0;0;1;1;6;10;
Taj Gibson;;26:40;7;14;0;0;1;2;4;6;10;2;0;1;0;2;15;
Taj Gibson;;27:36;8;18;0;0;4;4;5;5;10;0;0;0;3;3;20;
Taj Gibson;;26:34;5;12;0;0;4;4;4;4;8;1;1;0;2;1;14;
Taj Gibson;;27:26;7;13;0;0;7;8;2;3;5;3;1;1;3;4;21;
Taj Gibson;;31:27;7;15;0;0;6;7;5;10;15;1;1;0;4;1;20;
Taj Gibson;;27:30;6;15;0;0;1;2;3;2;5;2;0;1;0;0;13;
Taj Gibson;;21:54;5;6;0;0;2;3;1;4;5;0;0;1;1;4;12;
Taj Gibson;;30:46;11;16;0;0;0;0;2;3;5;0;1;0;3;2;22;
Taj Gibson;;28:06;9;16;0;0;0;0;1;3;4;0;1;0;1;0;18;
Taj Gibson;;31:16;3;11;0;0;1;3;3;7;10;4;2;0;1;0;7;
Taj Gibson;;22:56;0;5;0;0;1;2;1;4;5;0;0;2;2;2;1;
Taj Gibson;;18:01;2;7;0;0;1;2;0;4;4;0;0;2;3;3;5;
Taj Gibson;;26:50;6;9;0;0;7;9;5;4;9;0;1;3;2;3;19;
Taj Gibson;;29:38;6;14;0;0;4;6;3;4;7;1;0;2;1;1;16;
Taj Gibson;;29:36;7;17;0;0;5;6;5;8;13;0;0;0;2;1;19;
Taj Gibson;;22:14;1;6;0;0;5;6;2;3;5;1;0;1;2;6;7;
Taj Gibson;;28:44;8;16;0;0;0;0;4;6;10;0;0;5;1;1;16;
Taj Gibson;;33:24;9;15;0;1;5;5;5;3;8;1;0;1;1;3;23;
Taj Gibson;;28:58;6;10;0;0;1;2;3;7;10;1;1;0;1;2;13;
Taj Gibson;;29:24;3;6;0;0;0;0;0;8;8;2;1;1;1;0;6;
Taj Gibson;;28:25;6;9;0;0;2;2;3;8;11;0;1;0;3;4;14;
Taj Gibson;;28:12;4;9;0;0;2;2;2;4;6;2;2;2;2;2;10;
Taj Gibson;;28:31;4;9;0;0;5;6;2;2;4;0;2;1;0;5;13;
Taj Gibson;;27:24;3;8;0;0;3;4;4;3;7;0;0;2;1;1;9;
Taj Gibson;;27:06;6;14;0;0;1;2;1;4;5;2;1;3;0;2;13;
Taj Gibson;;27:33;7;10;0;0;3;3;3;1;4;2;0;2;1;1;17;
Taj Gibson;;27:15;5;13;0;0;3;3;3;4;7;0;0;0;3;4;13;
Taj Gibson;;19:37;1;5;0;0;6;8;2;4;6;2;0;2;2;4;8;
Taj Gibson;;33:37;2;10;0;0;0;0;3;2;5;0;0;0;6;3;4;
Taj Gibson;;29:19;4;8;0;0;2;3;4;4;8;3;0;0;0;1;10;
Taj Gibson;;20:45;3;5;0;0;1;2;1;3;4;0;0;1;2;2;7;
Taj Gibson;;23:55;6;9;0;0;0;0;5;2;7;0;1;1;2;2;12;
Taj Gibson;;23:23;3;8;0;0;3;4;3;3;6;1;0;2;2;3;9;
Taj Gibson;;29:50;5;13;0;0;2;4;1;3;4;1;0;1;2;4;12;
Taj Gibson;;26:45;3;7;0;0;3;4;3;5;8;0;1;3;2;3;9;
Taj Gibson;;21:19;3;8;0;0;0;0;1;5;6;1;1;2;1;4;6;
Taj Gibson;;26:34;7;13;0;0;1;1;4;4;8;0;0;2;1;3;15;
Taj Gibson;;19:51;2;6;0;0;2;2;0;2;2;0;0;1;3;1;6;
Taj Gibson;;23:25;4;9;0;0;1;2;4;4;8;0;0;0;2;4;9;
Taj Gibson;;26:22;3;10;0;0;2;2;2;3;5;0;0;0;1;2;8;
Taj Gibson;;20:33;3;13;0;0;0;0;2;6;8;1;1;0;1;1;6;
Taj Gibson;;27:39;3;8;0;0;2;3;1;4;5;0;1;0;1;4;8;
Taj Gibson;;26:52;11;13;0;1;1;2;2;6;8;1;0;0;1;1;23;
Taj Gibson;;24:00;7;10;0;0;4;4;2;2;4;2;0;1;1;3;18;
Taj Gibson;;34:31;9;16;0;0;6;8;6;5;11;0;0;5;0;0;24;
Taj Gibson;;24:24;8;12;0;0;3;5;2;4;6;0;1;1;1;1;19;
Taj Gibson;F;42:27;9;20;0;0;3;6;3;7;10;1;0;1;2;1;21;
Taj Gibson;;36:23;5;9;0;0;0;0;2;7;9;2;0;2;6;4;10;
Taj Gibson;;24:38;2;6;0;0;8;8;2;5;7;0;0;2;3;2;12;
Taj Gibson;;18:48;3;8;0;0;0;0;4;1;5;3;0;0;2;3;6;
Taj Gibson;;25:42;2;7;0;0;0;0;0;7;7;0;0;1;4;2;4;
Taj Gibson;;25:31;1;7;0;0;1;2;1;3;4;0;0;3;0;2;3;
Taj Gibson;;30:16;6;9;0;0;2;4;2;2;4;1;0;0;3;2;14;
Taj Gibson;;30:24;5;9;0;1;6;8;2;4;6;3;2;2;2;3;16;
Taj Gibson;;27:55;5;8;0;0;5;8;0;5;5;3;0;2;3;1;15;
Taj Gibson;;28:05;9;15;0;0;2;2;4;4;8;2;0;2;3;1;20;
Taj Gibson;;26:04;5;7;0;1;3;4;1;4;5;2;0;1;3;3;13;
Taj Gibson;;28:43;3;7;0;0;3;4;0;3;3;0;1;5;4;4;9;
Taj Gibson;;29:33;6;13;0;0;0;0;2;3;5;1;0;1;1;3;12;
