╔═══════════════╤═══════════════╗
║Name		│Tayshaun Prince║
╟───────────────┼───────────────╢
║Number		│21		║
╟───────────────┼───────────────╢
║Position	│F		║
╟───────────────┼───────────────╢
║Height		│6-9		║
╟───────────────┼───────────────╢
║Weight		│215		║
╟───────────────┼───────────────╢
║Birth		│FEB 28, 1980	║
╟───────────────┼───────────────╢
║Age		│34		║
╟───────────────┼───────────────╢
║Exp		│11		║
╟───────────────┼───────────────╢
║School		│Kentucky	║
╚═══════════════╧═══════════════╝
Tayshaun Prince;F;15:15;1;5;0;1;0;0;0;2;2;2;1;0;0;1;2;
Tayshaun Prince;F;28:60;5;9;1;1;2;2;1;3;4;3;0;0;1;1;13;
Tayshaun Prince;F;32:24;6;11;1;1;2;2;0;4;4;4;0;0;1;0;15;
Tayshaun Prince;F;27:18;4;9;0;0;0;0;0;1;1;4;1;0;0;4;8;
Tayshaun Prince;F;22:31;1;5;1;2;0;4;0;3;3;1;0;1;0;0;3;
Tayshaun Prince;F;21:34;5;11;1;1;0;0;0;1;1;0;1;0;0;1;11;
Tayshaun Prince;F;34:26;1;4;0;1;0;0;1;4;5;3;2;0;0;1;2;
Tayshaun Prince;F;25:02;2;7;1;3;3;4;1;1;2;0;1;1;0;2;8;
Tayshaun Prince;F;27:11;1;5;0;1;0;0;0;4;4;1;1;0;0;0;2;
Tayshaun Prince;F;33:41;2;6;1;3;0;0;0;1;1;2;0;2;1;3;5;
Tayshaun Prince;F;32:35;3;10;1;1;0;0;0;5;5;3;0;0;1;0;7;
Tayshaun Prince;F;23:48;1;5;0;1;0;0;0;4;4;0;0;0;0;0;2;
Tayshaun Prince;F;31:10;2;6;0;1;0;0;0;6;6;3;0;0;1;0;4;
Tayshaun Prince;F;29:35;4;5;1;2;0;0;0;2;2;0;2;1;0;1;9;
Tayshaun Prince;F;33:17;5;11;1;4;0;2;2;3;5;1;0;0;2;2;11;
Tayshaun Prince;F;22:58;0;5;0;0;0;0;0;3;3;3;1;0;0;2;0;
Tayshaun Prince;F;28:39;2;10;0;2;0;0;0;0;0;5;0;0;0;1;4;
Tayshaun Prince;F;23:29;0;3;0;2;0;0;0;4;4;2;0;0;0;0;0;
Tayshaun Prince;F;10:10;0;3;0;0;0;0;0;3;3;1;0;0;0;0;0;
Tayshaun Prince;F;28:24;3;6;1;1;0;0;0;3;3;0;1;0;0;0;7;
Tayshaun Prince;F;22:31;3;4;1;1;0;0;0;2;2;2;1;0;1;1;7;
Tayshaun Prince;F;35:18;7;13;0;2;0;0;1;4;5;1;0;0;1;1;14;
Tayshaun Prince;F;39:09;5;8;0;1;0;2;1;3;4;0;0;1;1;1;10;
Tayshaun Prince;F;18:47;1;3;0;1;0;0;0;2;2;4;1;0;0;0;2;
Tayshaun Prince;F;14:14;1;4;0;0;0;1;0;2;2;0;0;1;0;0;2;
Tayshaun Prince;F;22:36;3;8;0;0;1;2;1;3;4;2;2;0;0;2;7;
Tayshaun Prince;F;25:34;5;9;2;2;0;0;0;1;1;3;2;0;0;2;12;
Tayshaun Prince;F;32:32;1;8;0;2;0;0;1;4;5;3;0;1;0;1;2;
Tayshaun Prince;F;29:58;8;11;2;3;3;3;1;5;6;1;1;0;1;0;21;
Tayshaun Prince;F;17:22;0;0;0;0;0;0;0;1;1;1;0;0;0;0;0;
Tayshaun Prince;F;22:19;0;2;0;0;0;0;0;0;0;1;0;1;1;1;0;
Tayshaun Prince;F;18:13;2;5;0;0;0;0;0;2;2;1;1;1;0;1;4;
Tayshaun Prince;F;22:32;4;6;0;0;1;1;0;4;4;1;0;1;1;0;9;
Tayshaun Prince;F;20:06;3;6;0;1;0;0;0;4;4;0;1;1;0;1;6;
Tayshaun Prince;F;35:13;2;8;0;1;0;0;0;1;1;2;0;0;2;1;4;
Tayshaun Prince;F;24:55;3;4;0;1;1;2;0;2;2;3;1;0;2;0;7;
Tayshaun Prince;F;29:15;2;7;0;0;0;0;0;1;1;1;0;0;0;2;4;
Tayshaun Prince;F;30:58;0;2;0;1;0;0;3;2;5;0;0;0;0;1;0;
Tayshaun Prince;F;19:02;1;6;0;1;0;0;0;1;1;1;1;0;0;0;2;
Tayshaun Prince;F;26:50;6;11;0;0;0;0;1;5;6;0;0;0;0;1;12;
Tayshaun Prince;F;19:38;2;6;0;2;0;0;0;2;2;1;1;0;0;0;4;
Tayshaun Prince;F;22:10;3;4;0;0;1;4;0;1;1;2;0;0;0;3;7;
Tayshaun Prince;F;27:19;2;3;0;1;0;0;0;3;3;2;0;0;1;0;4;
Tayshaun Prince;F;29:02;0;4;0;0;1;2;2;2;4;1;0;1;1;3;1;
Tayshaun Prince;F;13:42;3;9;0;1;0;0;0;3;3;0;0;0;0;0;6;
Tayshaun Prince;F;14:02;6;8;0;0;0;0;2;0;2;1;0;0;0;0;12;
Tayshaun Prince;F;21:27;4;7;1;1;0;0;1;4;5;2;0;1;0;0;9;
Tayshaun Prince;F;28:17;1;4;0;2;2;2;0;8;8;1;1;0;2;2;4;
Tayshaun Prince;F;25:22;2;7;0;0;0;0;2;3;5;2;0;0;0;0;4;
Tayshaun Prince;F;19:46;4;11;1;2;0;0;0;2;2;1;0;0;0;1;9;
Tayshaun Prince;F;20:22;3;6;1;2;1;2;0;2;2;2;0;0;1;0;8;
Tayshaun Prince;F;17:17;1;2;0;0;1;2;0;2;2;1;1;0;3;1;3;
Tayshaun Prince;F;19:49;2;4;0;0;0;0;1;2;3;3;0;0;1;0;4;
Tayshaun Prince;F;16:46;2;4;0;0;0;0;0;2;2;1;0;1;2;1;4;
Tayshaun Prince;F;36:46;3;7;0;2;4;4;0;6;6;3;0;0;0;1;10;
Tayshaun Prince;F;25:51;2;5;0;0;2;2;0;0;0;1;0;0;0;0;6;
Tayshaun Prince;F;34:19;3;8;0;1;0;0;0;3;3;4;0;1;0;2;6;
Tayshaun Prince;F;27:39;3;9;0;3;0;0;0;6;6;1;2;1;0;1;6;
Tayshaun Prince;F;31:23;3;8;0;1;0;0;1;8;9;4;0;1;1;2;6;
Tayshaun Prince;F;35:46;2;8;0;0;4;5;0;2;2;2;0;0;1;1;8;
Tayshaun Prince;F;37:57;4;8;0;0;0;0;0;3;3;1;2;0;0;1;8;
Tayshaun Prince;F;35:43;5;13;0;2;0;0;0;4;4;2;0;1;0;0;10;
Tayshaun Prince;F;34:53;7;10;1;1;1;2;1;0;1;2;1;0;1;1;16;
Tayshaun Prince;F;31:50;4;10;0;0;1;2;0;4;4;1;0;0;1;1;9;
Tayshaun Prince;F;23:18;0;4;0;0;0;0;0;1;1;0;0;0;1;0;0;
Tayshaun Prince;F;30:55;5;6;0;0;0;0;1;1;2;0;1;0;0;1;10;
Tayshaun Prince;F;18:07;0;5;0;0;1;2;0;2;2;0;0;0;1;1;1;
Tayshaun Prince;F;19:42;2;7;0;0;0;0;1;1;2;0;1;0;1;0;4;
Tayshaun Prince;F;33:58;3;8;0;0;0;0;1;3;4;2;0;0;0;1;6;
Tayshaun Prince;F;28:35;2;6;0;0;0;2;1;2;3;1;2;0;1;0;4;
Tayshaun Prince;F;22:42;2;8;0;1;0;0;2;3;5;3;0;0;0;0;4;
Tayshaun Prince;F;26:03;1;5;0;0;0;0;0;4;4;1;3;0;1;1;2;
Tayshaun Prince;F;9:09;0;1;0;0;0;0;0;1;1;0;0;0;1;1;0;
Tayshaun Prince;F;25:26;4;7;1;2;0;0;0;1;1;4;1;0;0;1;9;
Tayshaun Prince;F;24:00;4;7;0;0;1;2;2;3;5;2;1;0;1;0;9;
Tayshaun Prince;F;19:32;1;2;0;0;1;2;0;2;2;0;0;0;2;1;3;
