╔═══════════════╤═══════════════╗
║Name		│Terrence Ross	║
╟───────────────┼───────────────╢
║Number		│31		║
╟───────────────┼───────────────╢
║Position	│F		║
╟───────────────┼───────────────╢
║Height		│6-6		║
╟───────────────┼───────────────╢
║Weight		│195		║
╟───────────────┼───────────────╢
║Birth		│FEB 05, 1991	║
╟───────────────┼───────────────╢
║Age		│23		║
╟───────────────┼───────────────╢
║Exp		│1		║
╟───────────────┼───────────────╢
║School		│Washington	║
╚═══════════════╧═══════════════╝
Terrence Ross;F;38:13;6;12;2;5;4;4;1;3;4;2;3;0;3;4;18;
Terrence Ross;F;31:48;5;14;4;8;0;0;1;2;3;2;2;1;1;2;14;
Terrence Ross;F;33:34;3;8;2;6;0;0;0;1;1;1;0;1;0;6;8;
Terrence Ross;F;29:45;1;8;1;3;0;0;1;7;8;1;3;1;1;4;3;
Terrence Ross;F;29:19;6;13;5;10;0;0;0;3;3;0;0;0;0;4;17;
Terrence Ross;F;34:04;4;10;3;8;3;4;2;3;5;0;0;0;2;4;14;
Terrence Ross;F;26:27;2;8;2;5;2;2;0;5;5;1;3;0;0;4;8;
Terrence Ross;F;25:17;3;7;2;5;0;0;0;4;4;0;0;0;2;4;8;
Terrence Ross;F;39:04;6;14;1;6;3;4;0;4;4;1;2;1;1;3;16;
Terrence Ross;F;33:29;4;11;2;7;0;0;1;1;2;0;1;1;0;3;10;
Terrence Ross;F;21:13;0;6;0;3;1;2;1;2;3;0;1;0;1;2;1;
Terrence Ross;F;19:14;1;7;1;5;0;0;0;3;3;3;1;0;0;3;3;
Terrence Ross;F;20:02;4;7;2;4;0;0;0;1;1;0;0;0;2;2;10;
Terrence Ross;F;43:53;16;29;10;17;9;10;3;6;9;1;1;0;3;4;51;
Terrence Ross;G;33:09;3;9;2;4;2;4;0;7;7;2;0;1;3;1;10;
Terrence Ross;F;36:56;4;13;2;6;2;2;0;8;8;4;0;2;2;0;12;
Terrence Ross;F;36:43;7;10;1;2;3;3;0;1;1;3;2;3;2;2;18;
Terrence Ross;F;26:23;3;12;0;4;2;2;0;3;3;0;0;0;1;4;8;
Terrence Ross;F;22:54;2;8;1;5;0;0;1;3;4;1;1;0;0;3;5;
Terrence Ross;F;21:18;3;9;1;4;0;0;0;1;1;2;0;0;1;1;7;
Terrence Ross;F;27:58;3;10;2;6;1;2;0;0;0;0;1;0;1;5;9;
Terrence Ross;F;34:45;5;8;4;5;0;0;1;3;4;0;0;1;1;0;14;
Terrence Ross;F;26:31;5;11;3;8;0;0;1;0;1;0;0;1;0;1;13;
Terrence Ross;F;17:56;1;2;0;0;0;0;0;2;2;0;2;0;1;4;2;
Terrence Ross;F;25:39;4;9;0;2;1;1;1;0;1;1;0;0;0;2;9;
Terrence Ross;F;36:55;9;18;2;7;0;0;0;1;1;0;3;0;1;3;20;
Terrence Ross;F;29:12;6;11;3;6;1;1;1;4;5;2;0;0;0;0;16;
Terrence Ross;F;32:01;7;11;5;8;0;0;0;1;1;1;2;1;4;3;19;
Terrence Ross;F;15:45;3;5;3;5;2;2;0;2;2;1;0;0;0;0;11;
Terrence Ross;F;26:12;6;12;6;8;0;0;0;2;2;1;1;1;0;3;18;
Terrence Ross;F;24:51;5;8;3;4;2;2;0;2;2;1;0;1;1;6;15;
Terrence Ross;F;32:30;5;12;2;8;0;0;1;3;4;1;0;0;1;3;12;
Terrence Ross;F;30:10;4;9;1;5;0;0;0;2;2;2;3;0;2;1;9;
Terrence Ross;F;20:08;2;5;1;2;2;2;0;1;1;1;1;0;3;3;7;
Terrence Ross;F;31:48;7;13;4;8;4;4;0;1;1;2;1;0;1;4;22;
Terrence Ross;F;39:58;4;9;3;8;0;0;0;3;3;1;0;2;3;1;11;
Terrence Ross;F;17:20;3;9;0;2;0;0;2;0;2;1;0;0;0;4;6;
Terrence Ross;F;21:59;1;9;0;4;0;0;0;3;3;0;2;0;0;4;2;
Terrence Ross;F;34:04;4;14;2;8;0;1;1;4;5;0;2;0;0;2;10;
Terrence Ross;F;32:24;5;12;4;10;2;2;0;2;2;1;0;0;2;2;16;
Terrence Ross;F;36:44;9;16;5;9;1;1;0;3;3;2;1;0;1;1;24;
Terrence Ross;F;28:03;6;13;1;5;4;4;2;2;4;3;2;1;0;0;17;
Terrence Ross;F;22:07;3;5;1;2;0;0;2;1;3;1;0;0;0;0;7;
Terrence Ross;F;24:03;1;6;0;4;0;0;0;6;6;0;0;0;0;1;2;
Terrence Ross;F;34:39;6;12;1;5;1;2;0;9;9;0;0;0;4;3;14;
Terrence Ross;F;33:09;8;17;5;8;3;4;2;3;5;1;1;0;0;2;24;
Terrence Ross;F;29:25;2;9;2;7;2;2;0;3;3;0;0;0;0;2;8;
Terrence Ross;F;33:39;3;7;3;5;2;2;0;2;2;4;1;1;1;1;11;
Terrence Ross;F;28:17;4;12;3;10;2;2;1;1;2;0;0;0;2;5;13;
Terrence Ross;F;22:32;2;4;1;3;1;1;0;4;4;4;2;1;2;6;6;
Terrence Ross;F;34:12;3;9;1;5;1;2;1;1;2;3;3;0;2;2;8;
Terrence Ross;F;20:54;2;5;0;2;0;0;1;0;1;0;1;0;2;1;4;
Terrence Ross;;12:12;2;3;1;1;1;2;0;2;2;0;2;0;1;2;6;
Terrence Ross;;13:12;0;1;0;1;0;0;0;1;1;0;0;0;1;2;0;
Terrence Ross;;22:19;2;5;1;4;1;2;0;5;5;1;0;0;2;4;6;
Terrence Ross;;23:57;3;8;3;7;2;2;0;2;2;2;1;0;1;0;11;
Terrence Ross;;11:51;2;6;2;3;1;2;0;0;0;0;0;0;0;0;7;
Terrence Ross;;11:04;2;4;1;1;0;0;0;1;1;0;0;1;0;0;5;
Terrence Ross;;17:21;4;9;1;4;0;0;0;2;2;3;0;0;2;2;9;
Terrence Ross;;26:02;4;6;1;3;0;0;1;2;3;0;1;0;0;5;9;
Terrence Ross;;20:12;3;5;0;2;2;2;0;4;4;0;1;0;0;0;8;
Terrence Ross;;16:04;0;4;0;2;0;0;1;3;4;2;0;1;1;1;0;
Terrence Ross;;13:56;0;3;0;0;0;0;0;0;0;0;0;0;1;0;0;
Terrence Ross;;32:09;7;11;3;4;0;0;3;4;7;2;1;1;0;1;17;
Terrence Ross;;24:32;4;7;1;4;2;2;1;2;3;1;0;0;0;2;11;
Terrence Ross;;21:29;3;7;1;4;0;0;0;1;1;0;0;0;0;2;7;
Terrence Ross;;23:17;0;5;0;5;0;0;0;4;4;0;1;0;0;2;0;
Terrence Ross;;21:26;3;8;2;4;2;2;1;0;1;0;0;0;0;2;10;
Terrence Ross;;10:14;2;5;0;0;0;0;1;1;2;0;0;0;1;1;4;
Terrence Ross;;8:54;0;3;0;1;2;2;1;1;2;0;0;0;0;1;2;
Terrence Ross;;28:03;4;9;2;5;1;2;0;3;3;0;2;0;1;1;11;
Terrence Ross;F;38:24;4;13;4;7;2;2;1;3;4;1;0;1;5;3;14;
Terrence Ross;F;33:37;10;16;4;7;0;0;0;5;5;0;1;1;2;1;24;
Terrence Ross;F;24:14;4;12;0;3;1;2;2;4;6;4;1;1;3;1;9;
Terrence Ross;F;24:23;2;9;1;7;0;0;1;3;4;1;1;0;0;2;5;
Terrence Ross;F;29:51;5;9;3;4;2;2;0;2;2;0;1;0;2;1;15;
Terrence Ross;F;22:48;2;10;2;4;0;0;0;2;2;2;0;0;0;4;6;
Terrence Ross;F;33:10;10;16;3;6;0;0;1;2;3;0;0;0;2;2;23;
Terrence Ross;F;23:29;4;8;3;6;0;0;1;1;2;0;0;0;1;0;11;
Terrence Ross;F;31:54;8;16;7;11;0;0;0;4;4;1;2;0;0;1;23;
Terrence Ross;F;28:56;3;6;0;2;0;0;0;6;6;1;0;0;2;4;6;
