╔═══════════════╤═══════════════╗
║Name		│Terrence Jones	║
╟───────────────┼───────────────╢
║Number		│6		║
╟───────────────┼───────────────╢
║Position	│F		║
╟───────────────┼───────────────╢
║Height		│6-9		║
╟───────────────┼───────────────╢
║Weight		│252		║
╟───────────────┼───────────────╢
║Birth		│JAN 09, 1992	║
╟───────────────┼───────────────╢
║Age		│22		║
╟───────────────┼───────────────╢
║Exp		│1		║
╟───────────────┼───────────────╢
║School		│Kentucky	║
╚═══════════════╧═══════════════╝
Terrence Jones;F;29:57;3;7;0;0;0;0;3;6;9;3;0;0;2;2;6;
Terrence Jones;F;30:52;7;14;0;2;1;2;6;7;13;0;0;0;0;1;15;
Terrence Jones;F;26:34;3;10;0;1;0;0;3;5;8;2;1;0;0;0;6;
Terrence Jones;F;30:24;7;14;0;1;5;5;3;14;17;1;0;3;3;3;19;
Terrence Jones;F;36:39;6;11;0;0;0;2;5;7;12;0;2;3;1;2;12;
Terrence Jones;F;41:24;10;17;0;1;5;10;2;6;8;1;1;6;0;4;25;
Terrence Jones;F;40:32;6;12;0;1;4;6;3;10;13;3;2;1;3;1;16;
Terrence Jones;F;38:16;14;20;1;2;7;10;6;5;11;1;1;2;0;1;36;
Terrence Jones;F;27:33;4;10;1;2;0;0;0;3;3;2;1;0;2;2;9;
Terrence Jones;F;29:26;3;7;0;1;2;3;1;5;6;3;0;1;1;2;8;
Terrence Jones;F;38:16;9;12;0;0;3;8;3;6;9;0;1;1;1;2;21;
Terrence Jones;F;31:33;7;10;0;0;2;4;2;3;5;1;2;0;2;5;16;
Terrence Jones;F;34:53;8;14;1;2;0;2;1;6;7;0;0;1;0;0;17;
Terrence Jones;F;31:14;8;12;1;2;2;3;4;5;9;2;0;3;1;2;19;
Terrence Jones;F;22:52;1;4;0;0;0;0;1;4;5;1;0;0;0;1;2;
Terrence Jones;F;29:00;7;11;0;1;0;0;0;0;0;1;2;0;2;3;14;
Terrence Jones;F;30:31;2;7;0;1;0;1;2;6;8;0;0;2;2;3;4;
Terrence Jones;F;20:31;4;8;1;1;2;6;2;3;5;0;0;0;1;1;11;
Terrence Jones;F;18:06;1;7;0;2;1;2;3;3;6;0;0;0;1;2;3;
Terrence Jones;F;24:21;7;10;0;0;1;1;1;6;7;0;1;1;3;1;15;
Terrence Jones;F;20:06;5;5;0;0;1;1;1;1;2;1;0;1;1;3;11;
Terrence Jones;F;19:12;2;4;0;0;0;0;2;2;4;1;1;0;1;3;4;
Terrence Jones;F;32:12;10;15;0;1;2;2;3;7;10;1;0;1;0;1;22;
Terrence Jones;F;34:50;8;13;1;1;2;3;4;8;12;2;0;1;0;1;19;
Terrence Jones;F;38:11;8;10;1;1;0;2;3;8;11;1;1;2;4;0;17;
Terrence Jones;F;24:12;3;4;1;1;0;0;1;3;4;1;1;0;0;2;7;
Terrence Jones;F;19:40;1;2;0;1;0;0;0;4;4;1;0;0;1;2;2;
Terrence Jones;F;20:32;4;7;0;1;0;1;1;2;3;0;1;2;1;3;8;
Terrence Jones;F;19:44;1;7;0;1;0;0;3;6;9;1;2;0;0;1;2;
Terrence Jones;F;24:35;5;7;1;1;1;1;2;2;4;0;2;0;1;1;12;
Terrence Jones;F;38:12;11;15;3;4;5;7;1;4;5;1;1;4;0;1;30;
Terrence Jones;F;23:20;4;9;0;4;2;2;3;4;7;4;0;3;0;3;10;
Terrence Jones;F;29:01;4;5;1;2;5;7;2;3;5;2;0;2;0;3;14;
Terrence Jones;F;31:35;9;15;0;2;0;1;3;4;7;2;0;0;1;2;18;
Terrence Jones;F;29:36;8;15;0;2;4;6;2;5;7;0;4;2;1;0;20;
Terrence Jones;F;18:32;1;4;0;0;0;2;4;1;5;0;0;0;0;4;2;
Terrence Jones;F;9:48;0;4;0;0;0;0;1;2;3;0;0;0;1;2;0;
Terrence Jones;F;33:10;7;12;0;2;2;2;2;9;11;2;2;2;1;1;16;
Terrence Jones;F;23:46;6;16;0;1;2;2;1;4;5;0;2;3;1;1;14;
Terrence Jones;F;32:35;13;18;1;1;6;8;2;5;7;2;1;1;0;3;33;
Terrence Jones;F;17:24;5;8;1;1;0;1;2;2;4;1;2;1;0;3;11;
Terrence Jones;F;29:16;5;11;0;0;0;0;5;3;8;1;0;2;2;3;10;
Terrence Jones;F;24:19;4;8;0;1;2;2;1;1;2;1;1;4;1;1;10;
Terrence Jones;F;39:37;7;12;0;1;6;7;4;7;11;1;2;0;1;1;20;
Terrence Jones;F;26:26;7;11;0;0;3;6;5;3;8;4;0;0;1;1;17;
Terrence Jones;;3:58;0;1;0;0;3;4;0;1;1;0;0;0;0;0;3;
Terrence Jones;;6:37;1;1;0;0;2;2;0;0;0;0;0;0;0;2;4;
Terrence Jones;;4:07;0;2;0;0;2;2;0;0;0;0;0;0;0;0;2;
Terrence Jones;;1:01;0;0;0;0;0;0;0;0;0;0;0;0;0;0;0;
Terrence Jones;;27:08;2;6;0;0;1;2;3;6;9;0;0;4;2;5;5;
Terrence Jones;F;36:43;4;12;2;4;0;0;3;8;11;1;0;3;1;4;10;
Terrence Jones;F;33:44;2;5;0;0;2;2;2;6;8;2;1;0;0;4;6;
Terrence Jones;F;31:45;6;11;1;2;1;4;4;8;12;2;1;3;3;2;14;
Terrence Jones;F;27:09;10;12;1;1;3;4;3;6;9;1;0;2;1;0;24;
Terrence Jones;F;32:40;8;13;1;3;1;1;1;1;2;2;0;0;2;2;18;
Terrence Jones;F;31:30;7;10;2;3;2;2;4;6;10;3;0;2;1;1;18;
Terrence Jones;F;25:30;4;10;0;2;3;6;2;3;5;2;0;2;1;1;11;
Terrence Jones;F;23:51;6;10;2;3;0;0;1;5;6;1;0;1;1;4;14;
Terrence Jones;F;25:53;4;8;0;1;3;4;1;6;7;1;1;3;3;2;11;
Terrence Jones;F;30:50;4;10;1;2;1;1;4;12;16;1;1;0;2;1;10;
Terrence Jones;F;17:49;1;5;0;2;0;1;1;3;4;0;0;0;0;1;2;
Terrence Jones;F;23:38;4;9;0;1;0;0;3;4;7;1;0;1;2;2;8;
Terrence Jones;F;31:04;7;12;1;4;1;2;3;7;10;1;3;3;0;2;16;
Terrence Jones;F;34:51;6;13;2;4;2;7;2;11;13;0;2;5;1;3;16;
Terrence Jones;F;29:03;5;10;0;1;0;0;0;2;2;2;1;1;1;5;10;
Terrence Jones;F;34:59;2;8;0;3;3;4;0;8;8;0;2;0;0;2;7;
Terrence Jones;F;14:48;1;3;0;0;0;2;0;5;5;0;0;0;1;1;2;
Terrence Jones;F;26:45;2;8;0;3;1;1;1;4;5;6;1;1;0;2;5;
Terrence Jones;F;24:55;4;8;1;3;1;3;2;3;5;0;0;0;2;2;10;
Terrence Jones;F;24:16;3;5;2;2;0;0;0;2;2;3;0;0;1;1;8;
Terrence Jones;F;30:23;5;8;0;1;0;0;1;3;4;1;0;0;0;2;10;
Terrence Jones;F;42:14;9;20;0;3;3;4;5;9;14;1;1;3;0;1;21;
Terrence Jones;F;31:10;10;14;0;2;0;3;2;3;5;2;0;2;0;0;20;
Terrence Jones;F;34:17;6;8;0;0;5;6;1;7;8;2;0;3;0;0;17;
Terrence Jones;F;21:54;1;5;0;0;0;0;2;7;9;0;0;1;0;1;2;
Terrence Jones;F;35:49;6;10;0;2;0;0;2;9;11;1;2;4;2;2;12;
