╔═══════════════╤═══════════════════════╗
║Name		│Thabo Sefolosha	║
╟───────────────┼───────────────────────╢
║Number		│25			║
╟───────────────┼───────────────────────╢
║Position	│G			║
╟───────────────┼───────────────────────╢
║Height		│6-7			║
╟───────────────┼───────────────────────╢
║Weight		│222			║
╟───────────────┼───────────────────────╢
║Birth		│MAY 02, 1984		║
╟───────────────┼───────────────────────╢
║Age		│30			║
╟───────────────┼───────────────────────╢
║Exp		│7			║
╟───────────────┼───────────────────────╢
║School		│Vevey, Switzerland	║
╚═══════════════╧═══════════════════════╝
Thabo Sefolosha;G;31:34;2;3;1;2;3;4;1;3;4;1;1;1;4;1;8;
Thabo Sefolosha;G;21:17;2;7;1;4;0;0;0;1;1;1;0;1;2;0;5;
Thabo Sefolosha;G;23:42;1;8;1;5;0;0;1;2;3;0;1;1;1;0;3;
Thabo Sefolosha;G;20:23;2;7;0;2;0;0;1;1;2;1;0;0;0;2;4;
Thabo Sefolosha;G;22:35;2;4;0;1;0;0;1;6;7;0;2;0;0;1;4;
Thabo Sefolosha;G;38:49;6;16;2;6;0;0;3;3;6;4;2;2;1;2;14;
Thabo Sefolosha;G;19:21;0;4;0;2;0;0;0;1;1;1;1;0;2;2;0;
Thabo Sefolosha;G;24:33;2;6;0;2;1;1;1;5;6;1;2;0;0;1;5;
Thabo Sefolosha;G;29:37;1;3;1;2;1;2;1;3;4;0;2;1;3;0;4;
Thabo Sefolosha;G;29:17;4;5;2;2;0;0;1;3;4;2;3;0;1;1;10;
Thabo Sefolosha;G;30:34;2;3;1;1;0;0;0;2;2;0;0;1;0;0;5;
Thabo Sefolosha;G;23:33;1;4;0;0;0;3;1;2;3;0;1;1;0;0;2;
Thabo Sefolosha;G;26:57;6;6;1;1;0;0;1;1;2;0;0;0;2;2;13;
Thabo Sefolosha;G;31:06;3;7;2;5;3;4;0;1;1;0;0;0;2;1;11;
Thabo Sefolosha;G;35:50;2;6;1;3;0;0;2;2;4;3;3;0;0;1;5;
Thabo Sefolosha;G;33:42;3;7;1;3;2;4;1;4;5;4;6;0;1;1;9;
Thabo Sefolosha;G;38:20;5;9;1;4;3;4;0;3;3;4;3;0;1;3;14;
Thabo Sefolosha;G;27:58;3;5;2;2;0;0;2;6;8;3;1;0;1;0;8;
Thabo Sefolosha;G;30:28;2;5;1;3;2;3;0;2;2;2;1;0;1;0;7;
Thabo Sefolosha;G;31:54;3;12;1;8;5;6;2;4;6;2;1;1;0;0;12;
Thabo Sefolosha;G;29:06;3;7;2;4;0;0;0;4;4;2;1;0;1;2;8;
Thabo Sefolosha;G;29:07;4;7;2;3;2;2;2;0;2;2;4;0;1;1;12;
Thabo Sefolosha;G;22:35;0;2;0;0;2;2;0;2;2;0;0;0;0;0;2;
Thabo Sefolosha;G;29:10;3;4;1;2;0;0;1;3;4;3;3;0;1;1;7;
Thabo Sefolosha;G;25:35;1;3;0;0;0;0;0;3;3;0;1;0;1;3;2;
Thabo Sefolosha;G;23:24;4;8;2;5;0;0;1;2;3;3;3;0;0;2;10;
Thabo Sefolosha;G;30:17;3;8;2;6;0;0;0;1;1;2;1;0;2;1;8;
Thabo Sefolosha;G;4:08;1;1;0;0;0;0;1;1;2;0;1;0;0;1;2;
Thabo Sefolosha;G;15:23;0;2;0;1;2;2;1;2;3;1;0;0;1;1;2;
Thabo Sefolosha;G;23:38;1;3;1;2;0;0;0;1;1;2;2;0;0;4;3;
Thabo Sefolosha;G;20:33;1;2;0;1;0;0;0;4;4;2;0;0;2;4;2;
Thabo Sefolosha;G;20:45;0;1;0;1;0;0;0;1;1;4;0;0;0;5;0;
Thabo Sefolosha;G;24:18;0;5;0;4;0;0;2;2;4;2;0;0;1;1;0;
Thabo Sefolosha;G;25:36;3;7;0;4;1;2;1;3;4;3;2;0;0;0;7;
Thabo Sefolosha;G;31:25;6;11;2;5;0;0;0;4;4;1;2;0;1;2;14;
Thabo Sefolosha;G;22:31;1;8;0;2;2;2;3;1;4;1;2;0;0;3;4;
Thabo Sefolosha;G;23:32;1;5;0;3;0;0;0;1;1;1;0;0;0;2;2;
Thabo Sefolosha;G;23:31;2;5;0;3;1;2;0;2;2;4;2;0;1;0;5;
Thabo Sefolosha;G;29:28;3;9;1;6;2;2;3;4;7;2;0;0;4;1;9;
Thabo Sefolosha;G;35:39;4;8;0;0;0;0;2;6;8;3;2;1;1;2;8;
Thabo Sefolosha;G;34:40;2;5;0;2;3;3;0;3;3;1;6;1;4;5;7;
Thabo Sefolosha;G;33:39;3;8;2;3;1;1;2;7;9;1;0;0;0;0;9;
Thabo Sefolosha;G;22:17;3;6;2;3;0;0;2;1;3;1;1;1;0;2;8;
Thabo Sefolosha;G;22:18;2;6;1;3;2;2;1;4;5;1;0;0;1;1;7;
Thabo Sefolosha;G;27:20;3;6;1;3;2;2;0;3;3;3;2;0;1;0;9;
Thabo Sefolosha;G;27:45;3;4;0;0;0;0;2;5;7;3;0;0;1;1;6;
Thabo Sefolosha;G;32:32;2;5;1;2;2;2;2;4;6;1;1;0;2;3;7;
Thabo Sefolosha;G;23:13;1;2;0;0;0;0;0;3;3;1;1;1;3;2;2;
Thabo Sefolosha;G;17:35;1;3;1;1;0;0;0;3;3;0;0;0;1;3;3;
Thabo Sefolosha;G;19:57;1;4;0;0;0;0;0;3;3;0;3;0;1;0;2;
Thabo Sefolosha;G;26:35;4;5;0;0;1;2;0;3;3;1;0;1;0;1;9;
Thabo Sefolosha;G;27:00;2;4;0;0;0;0;0;2;2;1;0;1;0;3;4;
Thabo Sefolosha;G;23:01;3;8;0;3;0;0;1;2;3;0;4;0;0;2;6;
Thabo Sefolosha;G;22:44;1;4;0;2;0;0;2;2;4;0;1;1;1;2;2;
Thabo Sefolosha;G;22:22;4;11;1;4;1;2;1;4;5;4;2;1;0;0;10;
Thabo Sefolosha;G;19:34;2;4;1;2;0;0;0;4;4;1;0;0;0;2;5;
Thabo Sefolosha;G;17:39;1;2;1;1;2;2;1;1;2;1;1;0;1;5;5;
Thabo Sefolosha;G;21:37;1;3;1;2;0;0;0;4;4;3;0;0;0;1;3;
Thabo Sefolosha;G;24:06;3;5;3;5;3;4;0;3;3;2;0;0;0;1;12;
Thabo Sefolosha;G;29:28;5;10;1;6;2;2;0;2;2;2;0;0;0;1;13;
Thabo Sefolosha;G;27:33;1;2;0;0;2;2;0;5;5;0;1;0;0;1;4;
