╔═══════════════╤═══════════════╗
║Name		│Thaddeus Young	║
╟───────────────┼───────────────╢
║Number		│21		║
╟───────────────┼───────────────╢
║Position	│F		║
╟───────────────┼───────────────╢
║Height		│6-8		║
╟───────────────┼───────────────╢
║Weight		│230		║
╟───────────────┼───────────────╢
║Birth		│JUN 21, 1988	║
╟───────────────┼───────────────╢
║Age		│26		║
╟───────────────┼───────────────╢
║Exp		│6		║
╟───────────────┼───────────────╢
║School		│Georgia Tech	║
╚═══════════════╧═══════════════╝
Thaddeus Young;F;40:03;7;17;1;6;2;3;4;6;10;2;2;1;3;2;17;
Thaddeus Young;F;36:26;9;16;1;2;9;9;2;5;7;4;6;1;0;2;28;
Thaddeus Young;F;40:46;14;20;1;3;1;2;3;3;6;2;3;0;1;4;30;
Thaddeus Young;F;27:40;9;16;2;4;0;1;0;2;2;2;3;1;1;2;20;
Thaddeus Young;F;21:33;0;7;0;1;0;0;0;4;4;2;1;1;2;2;0;
Thaddeus Young;F;40:44;10;21;2;6;0;1;2;2;4;2;2;0;3;1;22;
Thaddeus Young;F;39:54;7;16;0;2;1;2;3;2;5;3;4;0;1;1;15;
Thaddeus Young;F;32:53;4;11;1;3;2;4;0;5;5;1;2;0;3;2;11;
Thaddeus Young;F;31:54;3;13;0;1;4;6;2;2;4;0;4;1;3;1;10;
Thaddeus Young;F;29:36;6;17;0;5;0;0;2;2;4;2;1;0;1;3;12;
Thaddeus Young;F;29:56;7;14;0;2;4;5;0;3;3;1;1;0;2;2;18;
Thaddeus Young;F;38:42;8;21;1;4;2;3;4;3;7;4;4;1;2;5;19;
Thaddeus Young;F;32:16;8;16;0;3;0;0;2;5;7;0;3;0;1;3;16;
Thaddeus Young;F;36:19;5;17;1;6;2;3;6;4;10;3;8;0;3;5;13;
Thaddeus Young;F;36:50;9;15;1;4;2;3;0;2;2;3;3;0;4;3;21;
Thaddeus Young;F;31:59;7;14;2;5;0;4;1;3;4;5;1;0;0;1;16;
Thaddeus Young;F;30:23;11;19;3;6;4;7;2;6;8;1;5;0;6;2;29;
Thaddeus Young;F;32:12;7;14;0;3;0;3;2;2;4;3;5;0;2;2;14;
Thaddeus Young;F;38:07;7;11;1;2;2;2;1;4;5;1;0;0;1;4;17;
Thaddeus Young;F;34:08;9;17;2;5;0;0;3;0;3;0;1;1;2;5;20;
Thaddeus Young;F;34:03;2;9;1;4;0;0;1;3;4;3;1;0;3;4;5;
Thaddeus Young;F;25:52;7;17;1;4;0;0;6;5;11;2;1;0;2;2;15;
Thaddeus Young;F;28:17;5;15;0;4;2;2;2;0;2;0;3;0;4;2;12;
Thaddeus Young;F;37:27;7;13;1;4;4;6;1;4;5;2;2;0;2;2;19;
Thaddeus Young;F;25:50;6;16;1;5;2;3;6;3;9;0;0;0;3;4;15;
Thaddeus Young;F;43:22;12;29;2;7;4;4;6;7;13;6;7;0;5;1;30;
Thaddeus Young;F;34:06;11;19;3;7;3;4;1;4;5;7;6;0;2;1;28;
Thaddeus Young;F;34:51;7;18;0;5;5;6;1;2;3;3;2;1;1;2;19;
Thaddeus Young;F;35:00;7;14;0;2;3;4;1;2;3;5;3;0;4;3;17;
Thaddeus Young;F;36:02;13;25;3;7;0;0;2;6;8;3;2;0;1;3;29;
Thaddeus Young;F;22:53;3;13;0;1;0;0;2;2;4;3;0;0;3;5;6;
Thaddeus Young;F;38:43;8;16;1;6;1;2;0;0;0;2;1;2;0;2;18;
Thaddeus Young;F;40:00;8;22;1;3;1;2;4;5;9;5;2;0;2;5;18;
Thaddeus Young;F;39:11;5;18;0;4;6;8;1;5;6;3;0;0;3;2;16;
Thaddeus Young;F;45:10;10;31;0;6;5;6;1;5;6;10;2;0;2;3;25;
Thaddeus Young;F;34:31;8;19;4;5;0;0;4;3;7;3;6;0;3;4;20;
Thaddeus Young;F;41:00;9;19;4;8;1;3;2;3;5;2;1;2;3;3;23;
Thaddeus Young;F;37:42;10;19;4;7;0;0;0;4;4;2;4;0;2;2;24;
Thaddeus Young;F;40:16;6;21;3;9;6;6;3;4;7;2;4;0;0;4;21;
Thaddeus Young;F;40:40;10;26;0;7;8;9;4;3;7;1;0;0;1;3;28;
Thaddeus Young;F;34:40;7;20;0;5;3;5;2;3;5;2;2;1;3;0;17;
Thaddeus Young;F;33:25;6;16;2;5;1;2;3;6;9;0;1;1;6;2;15;
Thaddeus Young;F;34:51;9;17;2;4;1;1;2;4;6;3;1;1;0;4;21;
Thaddeus Young;F;35:30;7;10;5;6;4;4;0;3;3;4;4;3;3;5;23;
Thaddeus Young;F;34:08;4;13;0;2;3;3;0;5;5;4;2;0;4;2;11;
Thaddeus Young;F;39:58;7;17;1;5;0;0;2;6;8;3;1;0;2;2;15;
Thaddeus Young;F;38:25;8;18;3;5;1;2;0;5;5;3;1;0;2;2;20;
Thaddeus Young;F;39:56;7;17;0;6;2;2;1;1;2;1;1;0;1;0;16;
Thaddeus Young;F;27:12;8;17;2;4;0;0;1;3;4;0;3;0;2;4;18;
Thaddeus Young;F;37:46;8;22;0;5;0;1;0;4;4;1;0;0;1;5;16;
Thaddeus Young;F;35:19;5;16;1;4;4;6;3;4;7;7;2;3;0;3;15;
Thaddeus Young;F;30:20;9;17;0;3;2;2;3;6;9;2;2;0;3;4;20;
Thaddeus Young;F;34:20;5;15;0;1;0;0;4;2;6;2;2;0;5;2;10;
Thaddeus Young;F;32:12;14;20;0;0;1;2;3;5;8;2;1;0;3;1;29;
Thaddeus Young;F;28:45;5;9;3;4;0;0;0;7;7;2;1;1;1;2;13;
Thaddeus Young;F;22:34;3;10;0;2;0;0;0;2;2;1;0;0;2;1;6;
Thaddeus Young;F;34:05;3;11;0;1;1;2;3;3;6;2;1;0;2;1;7;
Thaddeus Young;F;36:12;8;12;0;1;0;1;0;8;8;1;1;2;1;2;16;
Thaddeus Young;F;37:46;10;16;2;3;5;6;0;2;2;1;3;0;1;4;27;
Thaddeus Young;F;29:32;3;7;0;2;1;2;4;2;6;1;1;1;1;0;7;
Thaddeus Young;F;40:34;5;15;0;0;5;6;1;7;8;2;1;1;2;1;15;
Thaddeus Young;F;33:00;7;15;0;1;3;3;5;2;7;1;2;0;1;3;17;
Thaddeus Young;F;23:58;5;11;0;0;1;2;2;3;5;1;2;0;2;4;11;
Thaddeus Young;F;30:42;6;18;0;0;0;0;5;6;11;3;3;0;2;5;12;
Thaddeus Young;;28:28;9;15;2;3;6;11;3;5;8;0;1;0;0;3;26;
Thaddeus Young;F;36:03;6;15;2;4;1;4;8;4;12;4;1;1;3;3;15;
Thaddeus Young;F;29:27;9;17;2;6;4;5;2;3;5;0;1;2;2;6;24;
Thaddeus Young;F;43:07;9;18;3;6;2;2;2;9;11;0;2;1;1;1;23;
Thaddeus Young;F;29:49;3;9;0;2;3;4;0;1;1;2;1;1;2;3;9;
Thaddeus Young;F;31:31;6;15;0;1;2;3;2;5;7;2;2;1;2;4;14;
Thaddeus Young;F;33:55;8;16;0;1;0;0;2;9;11;3;0;0;3;5;16;
Thaddeus Young;F;34:05;7;13;0;2;2;2;0;4;4;1;2;1;2;4;16;
Thaddeus Young;F;35:18;8;13;0;1;2;2;2;3;5;2;1;0;1;5;18;
Thaddeus Young;F;25:15;7;9;1;1;0;0;0;5;5;1;1;0;1;0;15;
Thaddeus Young;F;32:21;6;13;0;1;2;4;1;3;4;2;1;0;3;1;14;
Thaddeus Young;F;35:23;11;18;3;3;0;0;4;2;6;4;3;1;1;3;25;
Thaddeus Young;F;39:18;11;19;4;4;4;4;3;7;10;3;0;1;3;2;30;
Thaddeus Young;F;29:21;10;18;4;7;6;7;2;8;10;0;4;0;3;3;30;
Thaddeus Young;F;41:50;10;21;0;3;5;6;4;5;9;3;3;1;1;1;25;
