╔═══════════════╤═══════════════╗
║Name		│Thomas Robinson║
╟───────────────┼───────────────╢
║Number		│41		║
╟───────────────┼───────────────╢
║Position	│F		║
╟───────────────┼───────────────╢
║Height		│6-10		║
╟───────────────┼───────────────╢
║Weight		│237		║
╟───────────────┼───────────────╢
║Birth		│MAR 17, 1991	║
╟───────────────┼───────────────╢
║Age		│23		║
╟───────────────┼───────────────╢
║Exp		│1		║
╟───────────────┼───────────────╢
║School		│Kansas		║
╚═══════════════╧═══════════════╝
Thomas Robinson;;8:47;2;3;0;0;1;1;1;4;5;0;0;0;0;1;5;
Thomas Robinson;;3:37;0;0;0;0;0;0;1;0;1;0;0;0;0;3;0;
Thomas Robinson;;11:14;3;3;0;0;0;0;1;2;3;1;0;1;0;2;6;
Thomas Robinson;;10:26;1;3;0;0;0;0;1;0;1;1;0;0;0;2;2;
Thomas Robinson;;12:47;2;3;0;0;0;2;2;4;6;1;0;1;1;0;4;
Thomas Robinson;;9:35;2;2;0;0;0;0;1;2;3;0;0;1;0;3;4;
Thomas Robinson;;16:30;4;5;0;0;0;0;2;1;3;1;0;0;4;2;8;
Thomas Robinson;;13:31;1;3;0;0;1;2;0;2;2;0;0;0;1;1;3;
Thomas Robinson;;10:52;0;1;0;0;0;0;0;4;4;0;0;1;0;0;0;
Thomas Robinson;;9:45;1;2;0;0;2;2;1;4;5;1;2;0;0;1;4;
Thomas Robinson;;14:01;3;6;0;0;0;0;3;3;6;1;1;1;0;2;6;
Thomas Robinson;;14:54;2;6;0;0;1;2;4;7;11;1;1;1;2;2;5;
Thomas Robinson;;6:59;0;0;0;0;0;0;0;3;3;0;0;0;0;0;0;
Thomas Robinson;;11:36;0;1;0;0;0;2;2;1;3;0;0;0;1;1;0;
Thomas Robinson;;5:53;0;1;0;0;0;0;1;1;2;1;0;1;0;0;0;
Thomas Robinson;;7:31;0;2;0;0;0;0;1;0;1;0;0;0;0;3;0;
Thomas Robinson;;13:18;0;2;0;0;1;2;0;5;5;0;1;0;1;2;1;
Thomas Robinson;;7:07;1;4;0;0;0;0;3;2;5;0;1;0;0;0;2;
Thomas Robinson;;22:35;4;7;0;1;2;3;2;7;9;0;0;0;2;4;10;
Thomas Robinson;;11:15;1;3;0;0;0;0;0;3;3;0;0;1;2;3;2;
Thomas Robinson;;33:26;6;13;0;0;2;2;7;11;18;2;0;2;0;3;14;
Thomas Robinson;;14:14;1;5;0;0;0;0;2;3;5;0;0;1;1;2;2;
Thomas Robinson;;19:45;4;5;0;0;3;5;4;5;9;0;1;2;2;6;11;
Thomas Robinson;;11:21;0;0;0;0;0;2;4;0;4;0;0;0;1;3;0;
Thomas Robinson;;17:12;4;6;0;0;0;0;1;3;4;0;0;0;2;4;8;
Thomas Robinson;;11:14;0;3;0;0;1;3;2;3;5;0;0;0;0;0;1;
Thomas Robinson;;6:56;1;1;0;0;0;2;1;2;3;0;0;0;0;1;2;
Thomas Robinson;;9:11;2;5;0;0;1;2;0;4;4;0;0;1;0;3;5;
Thomas Robinson;;15:55;4;8;0;0;1;3;2;7;9;2;1;1;2;3;9;
Thomas Robinson;;17:14;2;4;0;0;3;4;0;5;5;3;2;0;0;2;7;
Thomas Robinson;;16:59;3;7;0;0;0;0;2;3;5;1;0;0;1;3;6;
Thomas Robinson;;14:58;3;5;0;0;2;2;3;3;6;1;0;0;2;2;8;
Thomas Robinson;;16:02;1;4;0;0;0;0;2;3;5;0;0;0;2;2;2;
Thomas Robinson;;18:47;4;4;0;0;2;4;0;2;2;1;1;0;1;4;10;
Thomas Robinson;;11:30;4;5;0;0;2;3;2;2;4;0;0;0;1;3;10;
Thomas Robinson;;14:52;4;4;0;0;0;1;0;3;3;1;0;0;0;3;8;
Thomas Robinson;;17:57;3;7;0;0;1;2;3;3;6;0;3;0;1;2;7;
Thomas Robinson;;14:38;1;4;0;0;0;2;5;5;10;1;0;1;4;0;2;
Thomas Robinson;;10:58;0;1;0;0;0;0;0;1;1;0;0;0;0;2;0;
Thomas Robinson;;13:46;4;5;0;0;0;0;0;9;9;0;0;0;4;3;8;
Thomas Robinson;;17:09;4;6;0;0;0;0;0;2;2;0;1;0;1;2;8;
Thomas Robinson;;13:05;2;4;0;0;0;0;2;3;5;2;1;0;1;2;4;
Thomas Robinson;;12:48;1;6;0;0;3;4;4;2;6;2;0;0;0;0;5;
Thomas Robinson;;8:34;2;3;0;0;0;0;0;2;2;0;0;0;0;0;4;
Thomas Robinson;;11:52;1;6;0;0;0;0;3;2;5;1;0;0;0;4;2;
Thomas Robinson;;9:33;2;3;0;0;0;0;0;1;1;1;0;0;0;3;4;
Thomas Robinson;;8:08;1;2;0;0;2;4;0;2;2;0;0;0;0;1;4;
Thomas Robinson;;12:04;4;5;0;0;2;2;1;3;4;0;0;0;2;3;10;
Thomas Robinson;;12:33;1;3;0;0;3;4;2;3;5;0;0;0;2;1;5;
Thomas Robinson;;5:05;0;2;0;0;0;0;0;0;0;0;1;0;1;1;0;
Thomas Robinson;;16:36;6;9;0;0;3;9;4;4;8;0;1;1;1;2;15;
Thomas Robinson;;12:13;3;5;0;0;2;2;1;3;4;0;0;0;0;1;8;
Thomas Robinson;;18:09;2;8;0;0;0;0;2;1;3;0;0;1;3;1;4;
Thomas Robinson;;12:59;4;6;0;0;1;3;1;6;7;0;0;0;1;1;9;
Thomas Robinson;;12:49;1;4;0;0;2;4;1;1;2;1;0;0;1;1;4;
Thomas Robinson;;5:08;0;2;0;0;0;0;0;1;1;0;0;0;1;2;0;
Thomas Robinson;;7:47;0;0;0;0;0;0;0;1;1;0;0;0;0;2;0;
Thomas Robinson;;11:06;1;4;0;0;0;0;0;2;2;1;0;0;0;1;2;
Thomas Robinson;;14:26;5;8;0;0;0;0;0;4;4;0;1;0;0;1;10;
Thomas Robinson;;12:54;1;5;0;0;2;2;3;2;5;1;0;0;0;0;4;
Thomas Robinson;;11:14;2;3;0;0;0;0;0;5;5;1;0;0;0;3;4;
Thomas Robinson;;10:57;2;5;0;0;0;0;2;3;5;0;0;0;1;2;4;
Thomas Robinson;;18:53;4;8;0;0;5;6;3;3;6;1;2;0;1;3;13;
Thomas Robinson;;9:45;3;4;0;0;0;0;0;3;3;0;0;0;1;2;6;
Thomas Robinson;;13:47;4;5;0;0;0;0;4;2;6;0;0;2;1;2;8;
Thomas Robinson;;5:07;0;3;0;0;2;2;2;0;2;0;0;0;0;1;2;
Thomas Robinson;;18:52;3;9;0;0;4;6;2;3;5;2;2;0;0;2;10;
Thomas Robinson;;4:42;1;4;0;0;0;0;0;1;1;1;0;0;1;1;2;
Thomas Robinson;;11:21;2;6;0;0;0;0;2;4;6;0;0;0;0;1;4;
Thomas Robinson;;4:15;1;2;0;0;0;0;0;1;1;0;0;0;0;2;2;
