╔═══════════════╤═══════════════════════╗
║Name		│Tiago Splitter		║
╟───────────────┼───────────────────────╢
║Number		│22			║
╟───────────────┼───────────────────────╢
║Position	│C			║
╟───────────────┼───────────────────────╢
║Height		│6-11			║
╟───────────────┼───────────────────────╢
║Weight		│245			║
╟───────────────┼───────────────────────╢
║Birth		│JAN 01, 1985		║
╟───────────────┼───────────────────────╢
║Age		│29			║
╟───────────────┼───────────────────────╢
║Exp		│3			║
╟───────────────┼───────────────────────╢
║School		│Blumenau, Brazil	║
╚═══════════════╧═══════════════════════╝
Tiago Splitter;C;19:12;3;6;0;0;0;0;3;2;5;1;1;0;2;2;6;
Tiago Splitter;C;24:43;8;12;0;0;6;9;1;4;5;1;0;0;3;2;22;
Tiago Splitter;C;16:33;1;1;0;0;0;0;0;4;4;0;0;0;1;4;2;
Tiago Splitter;;21:00;2;3;0;0;2;2;1;6;7;1;1;0;0;1;6;
Tiago Splitter;C;28:41;3;7;0;1;1;1;2;8;10;3;0;1;1;3;7;
Tiago Splitter;C;25:02;2;6;0;0;1;1;0;4;4;1;0;2;2;0;5;
Tiago Splitter;C;25:42;5;9;0;0;5;9;0;6;6;2;1;0;2;2;15;
Tiago Splitter;;5:39;3;4;0;0;0;0;3;1;4;0;0;0;0;1;6;
Tiago Splitter;C;30:06;6;11;0;0;1;2;3;4;7;6;0;1;1;1;13;
Tiago Splitter;C;14:02;1;4;0;0;0;0;0;1;1;0;0;1;1;2;2;
Tiago Splitter;C;28:09;4;9;0;0;3;3;2;3;5;3;2;1;1;1;11;
Tiago Splitter;C;20:57;0;4;0;0;6;6;0;4;4;2;0;0;0;2;6;
Tiago Splitter;;18:47;2;4;0;0;3;4;0;2;2;4;0;1;1;0;7;
Tiago Splitter;C;18:00;5;9;0;0;4;5;3;3;6;1;0;1;2;2;14;
Tiago Splitter;C;14:02;0;1;0;0;0;0;0;1;1;1;1;0;1;4;0;
Tiago Splitter;C;25:16;2;6;0;0;8;12;4;6;10;1;2;0;3;4;12;
Tiago Splitter;C;19:23;1;4;0;0;1;2;3;0;3;2;2;0;1;1;3;
Tiago Splitter;C;22:50;6;7;0;0;2;4;2;8;10;1;0;2;1;3;14;
Tiago Splitter;C;21:43;4;6;0;0;2;3;2;6;8;2;1;3;1;4;10;
Tiago Splitter;C;21:25;5;8;0;0;1;1;3;8;11;0;0;1;1;2;11;
Tiago Splitter;C;35:29;6;10;0;0;5;8;1;13;14;3;1;1;1;4;17;
Tiago Splitter;C;28:39;4;5;0;0;2;2;2;2;4;5;1;0;3;3;10;
Tiago Splitter;C;26:21;4;7;0;0;0;0;4;8;12;7;0;0;1;4;8;
Tiago Splitter;C;31:42;2;5;0;0;5;6;3;3;6;1;0;0;1;1;9;
Tiago Splitter;;10:50;1;2;0;0;2;4;1;6;7;2;1;0;2;2;4;
Tiago Splitter;C;19:20;1;5;0;0;0;0;3;0;3;2;1;1;2;0;2;
Tiago Splitter;C;18:14;0;3;0;0;2;2;1;3;4;1;1;0;1;2;2;
Tiago Splitter;;13:00;0;2;0;0;1;2;1;3;4;1;0;0;2;2;1;
Tiago Splitter;C;28:06;6;10;0;0;0;0;2;1;3;1;0;0;1;3;12;
Tiago Splitter;C;16:04;2;5;0;1;1;1;2;5;7;2;0;1;1;1;5;
Tiago Splitter;C;26:20;6;13;0;1;0;0;4;4;8;1;0;1;1;1;12;
Tiago Splitter;C;28:32;5;8;0;0;1;2;2;6;8;2;0;0;0;2;11;
Tiago Splitter;C;32:22;4;10;0;0;1;3;7;7;14;3;1;0;1;5;9;
Tiago Splitter;C;18:15;0;2;0;0;0;0;2;2;4;0;0;0;1;2;0;
Tiago Splitter;C;21:26;4;7;0;0;4;5;4;4;8;1;0;1;0;1;12;
Tiago Splitter;;10:43;2;2;0;0;5;6;1;6;7;0;0;0;1;1;9;
Tiago Splitter;C;25:34;2;5;0;0;0;0;5;3;8;1;1;0;1;2;4;
Tiago Splitter;;12:12;2;4;0;0;0;0;3;2;5;1;0;0;0;3;4;
Tiago Splitter;C;28:14;4;8;0;0;3;4;1;5;6;1;0;1;0;2;11;
Tiago Splitter;C;24:00;5;7;0;0;2;2;3;6;9;1;1;1;1;2;12;
Tiago Splitter;C;25:33;2;4;0;0;2;2;1;4;5;0;1;0;1;0;6;
Tiago Splitter;C;22:36;4;4;0;0;3;6;2;8;10;3;1;1;1;3;11;
Tiago Splitter;C;25:58;7;10;0;0;3;3;3;4;7;1;0;1;2;3;17;
Tiago Splitter;C;10:36;4;5;0;0;2;3;1;3;4;0;0;0;0;0;10;
Tiago Splitter;C;13:26;5;6;0;0;1;1;3;3;6;1;0;1;1;1;11;
Tiago Splitter;C;24:39;3;8;0;0;0;0;2;7;9;0;1;0;0;1;6;
Tiago Splitter;C;21:42;3;4;0;0;2;2;1;4;5;1;0;0;5;1;8;
Tiago Splitter;;16:41;2;3;0;0;2;4;1;2;3;0;0;1;3;3;6;
Tiago Splitter;C;23:54;5;9;0;0;1;1;1;4;5;3;1;2;4;1;11;
Tiago Splitter;C;8:14;1;3;0;0;0;0;1;1;2;1;0;0;1;0;2;
Tiago Splitter;C;19:11;1;2;0;0;0;4;1;2;3;1;1;0;1;3;2;
Tiago Splitter;C;12:48;2;3;0;0;4;6;3;1;4;0;0;0;0;0;8;
Tiago Splitter;;27:48;1;7;0;0;2;3;2;3;5;2;2;0;2;0;4;
Tiago Splitter;C;24:05;3;9;0;0;0;2;2;9;11;2;1;0;2;4;6;
Tiago Splitter;C;19:57;3;5;0;0;2;4;5;2;7;2;1;0;2;4;8;
Tiago Splitter;C;23:19;2;7;0;0;2;2;2;2;4;1;1;2;0;0;6;
Tiago Splitter;C;22:49;2;4;0;0;8;11;2;4;6;1;0;1;2;1;12;
Tiago Splitter;C;27:04;5;6;0;0;1;2;3;5;8;1;0;1;0;4;11;
Tiago Splitter;C;19:02;3;6;0;0;6;6;2;1;3;2;0;0;2;3;12;
