╔═══════════════╤═══════════════╗
║Name		│Tim Duncan	║
╟───────────────┼───────────────╢
║Number		│21		║
╟───────────────┼───────────────╢
║Position	│F		║
╟───────────────┼───────────────╢
║Height		│6-11		║
╟───────────────┼───────────────╢
║Weight		│250		║
╟───────────────┼───────────────╢
║Birth		│APR 25, 1976	║
╟───────────────┼───────────────╢
║Age		│38		║
╟───────────────┼───────────────╢
║Exp		│16		║
╟───────────────┼───────────────╢
║School		│Wake Forest	║
╚═══════════════╧═══════════════╝
Tim Duncan;F;31:43;3;8;0;0;3;4;1;6;7;2;0;2;1;0;9;
Tim Duncan;F;32:11;9;18;0;0;1;1;3;8;11;4;1;1;0;1;19;
Tim Duncan;F;38:19;9;16;0;0;6;8;2;15;17;4;1;2;5;2;24;
Tim Duncan;F;29:23;5;8;0;0;6;6;3;10;13;1;0;2;4;0;16;
Tim Duncan;F;27:48;5;9;0;0;5;6;0;8;8;5;0;4;3;0;15;
Tim Duncan;F;26:06;7;14;0;0;4;7;2;7;9;2;0;0;3;6;18;
Tim Duncan;F;23:45;7;10;0;0;1;1;0;8;8;4;0;3;1;1;15;
Tim Duncan;F;35:49;6;16;0;0;1;3;1;6;7;3;0;2;3;2;13;
Tim Duncan;F;27:45;4;7;0;0;3;7;1;12;13;2;0;3;0;1;11;
Tim Duncan;F;33:18;6;10;0;0;2;6;3;10;13;3;2;1;2;0;14;
Tim Duncan;F;26:59;7;14;0;0;3;6;4;12;16;2;0;4;3;1;17;
Tim Duncan;F;24:25;9;13;0;1;5;5;1;2;3;0;2;1;1;3;23;
Tim Duncan;F;30:14;6;10;0;0;0;2;6;8;14;2;1;4;3;5;12;
Tim Duncan;F;35:25;7;14;0;0;3;4;3;9;12;1;1;1;4;1;17;
Tim Duncan;F;32:54;8;13;0;0;7;12;4;13;17;5;0;2;1;0;23;
Tim Duncan;F;28:51;10;20;0;0;1;3;2;5;7;2;1;6;4;2;21;
Tim Duncan;F;39:21;13;20;0;0;5;7;2;9;11;5;2;3;3;5;31;
Tim Duncan;F;31:40;6;13;0;0;4;6;2;10;12;0;0;2;5;4;16;
Tim Duncan;F;21:43;5;8;0;0;1;2;0;8;8;4;0;1;6;0;11;
Tim Duncan;F;35:15;9;15;0;0;7;8;1;8;9;2;0;1;3;2;25;
Tim Duncan;F;37:36;8;19;0;0;3;4;4;9;13;7;0;1;4;5;19;
Tim Duncan;F;21:29;4;10;0;1;5;5;0;5;5;0;1;0;2;1;13;
Tim Duncan;F;26:53;5;12;0;0;3;3;2;7;9;1;2;1;2;3;13;
Tim Duncan;F;33:04;6;12;0;0;5;5;2;14;16;6;1;1;4;2;17;
Tim Duncan;F;34:37;5;11;0;0;7;9;2;7;9;2;0;2;4;3;17;
Tim Duncan;F;26:18;2;5;0;0;3;4;0;8;8;4;0;3;0;1;7;
Tim Duncan;F;33:20;9;13;0;0;5;5;2;9;11;2;0;1;3;4;23;
Tim Duncan;F;28:35;4;13;0;0;3;5;1;9;10;2;1;3;1;2;11;
Tim Duncan;F;27:14;2;9;0;0;0;0;2;7;9;5;1;0;0;1;4;
Tim Duncan;F;25:35;5;9;0;0;0;0;2;9;11;2;0;0;0;1;10;
Tim Duncan;F;15:01;4;10;0;0;1;1;0;8;8;2;0;3;1;1;9;
Tim Duncan;F;30:26;7;10;0;0;2;2;1;5;6;6;1;2;2;1;16;
Tim Duncan;F;32:17;5;10;0;0;2;2;5;11;16;6;3;0;4;4;12;
Tim Duncan;F;33:52;3;12;0;0;4;6;3;6;9;6;0;2;0;2;10;
Tim Duncan;F;23:18;9;12;0;0;1;2;2;3;5;2;1;0;2;2;19;
Tim Duncan;F;36:27;12;20;0;0;5;6;2;11;13;5;2;2;5;2;29;
Tim Duncan;F;22:21;9;15;0;1;2;3;1;7;8;4;1;2;0;2;20;
Tim Duncan;F;25:28;5;9;0;0;2;5;2;6;8;6;0;4;3;0;12;
Tim Duncan;F;30:45;3;10;0;0;3;4;2;4;6;4;1;3;3;3;9;
Tim Duncan;F;20:21;7;11;0;0;1;2;3;5;8;0;0;0;1;2;15;
Tim Duncan;F;28:16;5;15;0;0;7;8;2;6;8;1;0;2;0;2;17;
Tim Duncan;F;28:20;5;10;0;0;3;3;1;4;5;1;2;1;2;2;13;
Tim Duncan;F;19:54;4;11;0;0;2;4;3;3;6;1;0;4;3;2;10;
Tim Duncan;F;39:17;7;12;0;0;6;9;4;11;15;2;1;1;3;3;20;
Tim Duncan;F;29:42;4;10;0;0;4;4;5;4;9;2;0;0;2;0;12;
Tim Duncan;F;17:17;1;6;0;0;1;3;0;6;6;2;0;0;0;2;3;
Tim Duncan;F;31:03;12;23;0;1;0;0;3;4;7;1;0;1;0;3;24;
Tim Duncan;F;33:57;7;15;0;0;3;3;2;6;8;8;0;4;4;4;17;
Tim Duncan;F;28:27;7;12;0;0;3;4;1;4;5;5;0;1;2;1;17;
Tim Duncan;F;32:07;3;11;0;0;2;2;1;3;4;5;1;2;3;2;8;
Tim Duncan;F;23:47;1;4;0;0;9;11;2;8;10;2;0;1;2;1;11;
Tim Duncan;F;25:36;1;12;0;0;0;0;0;8;8;3;0;2;2;0;2;
Tim Duncan;F;34:07;7;16;0;0;0;1;2;7;9;2;0;3;1;0;14;
Tim Duncan;F;27:34;3;13;0;0;7;8;1;8;9;3;0;0;0;2;13;
Tim Duncan;F;32:04;3;8;0;0;2;3;0;6;6;4;0;2;1;2;8;
Tim Duncan;F;16:24;4;6;0;0;1;2;1;5;6;1;0;3;0;0;9;
Tim Duncan;F;24:40;4;8;0;0;2;4;1;4;5;3;1;3;3;0;10;
Tim Duncan;F;28:30;5;14;0;0;1;2;2;6;8;0;1;2;3;0;11;
Tim Duncan;F;23:13;8;13;0;0;3;3;3;6;9;2;1;1;2;2;19;
Tim Duncan;F;32:47;8;13;0;1;4;5;1;7;8;3;1;3;2;2;20;
Tim Duncan;F;34:36;10;15;0;0;3;4;6;15;21;2;1;2;3;0;23;
Tim Duncan;F;26:29;3;10;0;0;4;4;2;4;6;4;0;1;2;3;10;
Tim Duncan;F;24:15;6;11;0;0;2;5;2;5;7;1;0;0;3;1;14;
Tim Duncan;F;24:07;9;12;0;0;3;3;6;10;16;3;0;2;1;1;21;
Tim Duncan;F;34:51;5;11;0;0;2;2;3;11;14;8;2;3;2;2;12;
Tim Duncan;F;28:40;9;17;0;0;4;6;2;10;12;3;0;0;2;2;22;
Tim Duncan;F;32:17;5;12;0;0;7;8;2;9;11;5;1;1;2;4;17;
Tim Duncan;F;30:39;6;13;0;0;5;5;6;7;13;2;2;3;5;1;17;
Tim Duncan;F;35:01;7;14;0;0;3;4;3;7;10;1;1;2;2;0;17;
Tim Duncan;F;28:14;4;15;0;0;1;2;3;9;12;4;0;4;0;3;9;
Tim Duncan;F;34:28;4;12;0;0;3;6;4;10;14;5;1;6;0;4;11;
Tim Duncan;F;31:40;7;16;0;0;7;8;2;11;13;3;0;2;3;2;21;
Tim Duncan;F;33:27;8;17;0;0;1;1;3;10;13;2;0;2;2;2;17;
Tim Duncan;F;24:04;7;11;0;0;1;2;0;5;5;1;1;0;1;0;15;
