╔═══════════════╤═══════════════════════╗
║Name		│Tim Hardaway Jr.	║
╟───────────────┼───────────────────────╢
║Number		│5			║
╟───────────────┼───────────────────────╢
║Position	│G			║
╟───────────────┼───────────────────────╢
║Height		│6-6			║
╟───────────────┼───────────────────────╢
║Weight		│205			║
╟───────────────┼───────────────────────╢
║Birth		│MAR 16, 1992		║
╟───────────────┼───────────────────────╢
║Age		│22			║
╟───────────────┼───────────────────────╢
║Exp		│R			║
╟───────────────┼───────────────────────╢
║School		│Michigan		║
╚═══════════════╧═══════════════════════╝
Tim Hardaway Jr.;;12:16;0;1;0;0;3;4;0;1;1;1;0;0;0;0;3;
Tim Hardaway Jr.;;10:52;0;1;0;1;1;2;0;1;1;0;0;0;0;0;1;
Tim Hardaway Jr.;;11:30;4;6;1;2;1;1;0;2;2;0;0;0;0;1;10;
Tim Hardaway Jr.;;12:51;0;4;0;4;2;2;0;2;2;0;0;0;0;1;2;
Tim Hardaway Jr.;;13:49;2;4;1;3;0;0;1;0;1;1;1;0;1;2;5;
Tim Hardaway Jr.;;21:39;2;3;1;2;2;2;0;2;2;0;2;0;1;0;7;
Tim Hardaway Jr.;;15:11;1;1;1;1;2;2;0;1;1;0;0;0;0;2;5;
Tim Hardaway Jr.;;26:43;4;10;2;6;2;3;1;0;1;1;1;0;0;0;12;
Tim Hardaway Jr.;;21:15;2;10;0;5;0;0;0;0;0;0;0;0;1;3;4;
Tim Hardaway Jr.;;11:23;2;4;2;3;0;0;0;1;1;0;0;0;0;1;6;
Tim Hardaway Jr.;;25:30;3;5;1;2;4;5;0;2;2;0;0;0;0;2;11;
Tim Hardaway Jr.;;15:52;2;5;1;3;1;1;0;1;1;0;1;0;1;0;6;
Tim Hardaway Jr.;;31:01;4;8;2;6;0;0;0;1;1;3;1;0;0;2;10;
Tim Hardaway Jr.;;25:36;7;12;4;5;0;1;2;2;4;0;1;0;1;1;18;
Tim Hardaway Jr.;;33:10;5;10;2;4;4;4;0;2;2;2;1;0;1;3;16;
Tim Hardaway Jr.;;30:28;11;17;6;12;1;1;0;3;3;1;0;0;1;3;29;
Tim Hardaway Jr.;;36:32;7;14;3;7;0;0;0;1;1;1;1;0;1;3;17;
Tim Hardaway Jr.;;27:52;2;10;1;6;2;2;0;1;1;2;1;0;0;1;7;
Tim Hardaway Jr.;;27:14;5;13;1;7;1;2;0;5;5;0;0;0;1;1;12;
Tim Hardaway Jr.;;29:51;4;9;2;6;0;0;0;1;1;2;0;0;1;2;10;
Tim Hardaway Jr.;;21:35;2;6;0;2;1;2;0;2;2;1;0;0;0;2;5;
Tim Hardaway Jr.;;37:56;3;12;1;6;0;1;1;1;2;1;1;0;2;1;7;
Tim Hardaway Jr.;;24:27;7;15;4;9;5;5;1;0;1;0;1;0;1;3;23;
Tim Hardaway Jr.;;36:10;6;13;3;6;1;2;0;3;3;2;1;0;0;1;16;
Tim Hardaway Jr.;;40:32;6;15;3;5;0;0;1;2;3;0;0;0;1;3;15;
Tim Hardaway Jr.;;30:19;3;10;1;5;0;0;0;0;0;1;0;0;1;6;7;
Tim Hardaway Jr.;;30:42;4;10;2;8;0;0;0;2;2;0;0;0;1;3;10;
Tim Hardaway Jr.;;33:51;2;15;0;8;2;2;1;2;3;0;0;0;1;4;6;
Tim Hardaway Jr.;;40:29;6;11;4;7;6;6;0;2;2;0;2;0;1;3;22;
Tim Hardaway Jr.;;25:19;5;14;2;8;2;2;0;2;2;1;0;0;0;2;14;
Tim Hardaway Jr.;;21:38;0;6;0;3;0;0;0;0;0;1;0;0;2;4;0;
Tim Hardaway Jr.;;27:29;4;10;3;6;0;0;0;1;1;0;0;0;0;4;11;
Tim Hardaway Jr.;;24:36;2;11;1;6;0;0;0;0;0;3;3;0;0;3;5;
Tim Hardaway Jr.;;13:57;2;6;1;5;0;0;0;1;1;0;1;0;0;0;5;
Tim Hardaway Jr.;;28:52;9;13;5;7;5;6;0;2;2;0;0;0;2;2;28;
Tim Hardaway Jr.;;38:21;7;11;3;5;5;6;0;3;3;0;1;0;1;0;22;
Tim Hardaway Jr.;;25:11;8;12;2;6;2;3;0;1;1;0;0;1;2;3;20;
Tim Hardaway Jr.;;15:15;0;7;0;4;2;2;1;4;5;0;0;0;0;2;2;
Tim Hardaway Jr.;;27:21;3;11;0;5;0;1;0;1;1;2;2;0;0;3;6;
Tim Hardaway Jr.;;26:46;5;12;1;4;1;1;0;2;2;0;0;0;0;1;12;
Tim Hardaway Jr.;;24:04;5;7;2;3;5;7;0;1;1;3;1;0;1;5;17;
Tim Hardaway Jr.;;16:35;2;3;0;1;2;2;0;1;1;0;2;0;0;2;6;
Tim Hardaway Jr.;;20:59;2;11;1;7;0;0;1;0;1;1;1;0;0;2;5;
Tim Hardaway Jr.;;28:03;6;12;3;7;0;0;0;2;2;1;1;0;0;0;15;
Tim Hardaway Jr.;;31:20;3;9;1;5;3;4;0;2;2;2;0;0;0;3;10;
Tim Hardaway Jr.;;27:33;7;10;3;5;0;0;1;0;1;0;0;0;0;1;17;
Tim Hardaway Jr.;;21:18;2;6;1;3;0;0;0;0;0;1;0;0;1;1;5;
Tim Hardaway Jr.;;12:04;0;7;0;4;0;0;0;1;1;0;0;0;0;3;0;
Tim Hardaway Jr.;;12:13;2;5;0;3;0;0;1;0;1;1;0;0;1;1;4;
Tim Hardaway Jr.;;26:33;5;12;2;7;8;8;0;1;1;0;3;0;0;2;20;
Tim Hardaway Jr.;;35:55;5;10;4;5;2;2;0;0;0;0;0;0;0;4;16;
Tim Hardaway Jr.;;35:12;6;15;3;5;3;4;0;2;2;2;0;0;1;1;18;
Tim Hardaway Jr.;;15:05;2;2;1;1;0;0;0;0;0;2;0;0;0;2;5;
Tim Hardaway Jr.;;26:50;4;13;2;6;0;0;0;3;3;0;0;0;0;4;10;
Tim Hardaway Jr.;;24:56;3;12;0;7;0;0;1;0;1;1;0;0;1;3;6;
Tim Hardaway Jr.;;11:43;2;7;0;4;0;0;1;0;1;1;0;0;0;1;4;
Tim Hardaway Jr.;;13:50;2;4;1;2;0;0;0;0;0;0;0;0;2;1;5;
Tim Hardaway Jr.;;18:55;3;7;1;4;4;5;1;1;2;1;0;0;1;1;11;
Tim Hardaway Jr.;;15:18;5;8;2;4;2;2;0;2;2;0;1;0;0;0;14;
Tim Hardaway Jr.;;13:49;2;3;1;1;3;3;0;1;1;0;1;0;0;1;8;
Tim Hardaway Jr.;;21:45;3;7;2;2;0;1;1;0;1;3;1;0;1;0;8;
Tim Hardaway Jr.;;10:52;0;3;0;1;0;0;0;1;1;0;1;0;0;0;0;
Tim Hardaway Jr.;;4:03;1;1;0;0;0;0;0;0;0;0;0;0;0;0;2;
Tim Hardaway Jr.;;6:30;2;3;1;1;0;0;0;1;1;1;0;0;0;1;5;
Tim Hardaway Jr.;;8:02;1;3;0;1;0;0;0;0;0;0;0;0;1;1;2;
Tim Hardaway Jr.;;14:53;3;5;2;3;0;0;1;2;3;0;0;2;1;1;8;
Tim Hardaway Jr.;;24:33;6;10;5;8;4;4;0;0;0;2;0;0;1;1;21;
Tim Hardaway Jr.;;19:12;5;11;2;6;0;0;0;0;0;1;0;0;0;2;12;
Tim Hardaway Jr.;;22:38;5;7;5;7;0;0;0;1;1;3;1;0;0;0;15;
Tim Hardaway Jr.;F;24:39;3;7;1;2;1;1;0;2;2;1;3;1;2;1;8;
Tim Hardaway Jr.;;21:44;4;7;1;4;0;0;0;0;0;1;0;1;1;2;9;
Tim Hardaway Jr.;;18:23;3;7;1;3;0;0;0;1;1;1;0;0;0;1;7;
Tim Hardaway Jr.;;8:35;0;2;0;0;0;0;0;0;0;0;0;0;0;2;0;
Tim Hardaway Jr.;;27:05;5;10;1;3;2;3;1;3;4;2;3;0;1;0;13;
Tim Hardaway Jr.;;21:44;5;6;2;3;2;3;0;3;3;0;0;0;2;3;14;
Tim Hardaway Jr.;;21:50;3;7;1;2;1;1;0;3;3;3;1;0;0;2;8;
Tim Hardaway Jr.;;30:04;7;13;2;7;0;0;0;1;1;2;1;1;1;2;16;
Tim Hardaway Jr.;;17:43;2;4;1;3;0;0;0;1;1;1;0;0;0;0;5;
Tim Hardaway Jr.;;37:51;8;19;2;7;3;3;1;4;5;2;0;0;0;1;21;
Tim Hardaway Jr.;;36:34;5;13;4;5;1;1;0;0;0;1;1;1;2;3;15;
Tim Hardaway Jr.;;27:55;4;11;2;5;2;3;0;1;1;0;0;0;1;3;12;
