╔═══════════════╤═══════════════════════╗
║Name		│Timofey Mozgov		║
╟───────────────┼───────────────────────╢
║Number		│25			║
╟───────────────┼───────────────────────╢
║Position	│C			║
╟───────────────┼───────────────────────╢
║Height		│7-1			║
╟───────────────┼───────────────────────╢
║Weight		│250			║
╟───────────────┼───────────────────────╢
║Birth		│JUL 16, 1986		║
╟───────────────┼───────────────────────╢
║Age		│27			║
╟───────────────┼───────────────────────╢
║Exp		│3			║
╟───────────────┼───────────────────────╢
║School		│St. Petersburg, Russia	║
╚═══════════════╧═══════════════════════╝
Timofey Mozgov;;10:11;1;2;0;0;2;2;0;2;2;1;0;0;1;2;4;
Timofey Mozgov;;24:01;7;9;0;0;2;2;3;4;7;1;0;2;1;3;16;
Timofey Mozgov;;21:07;8;10;0;1;4;5;2;5;7;1;2;2;0;5;20;
Timofey Mozgov;;17:46;3;4;0;0;3;4;2;4;6;0;0;2;1;5;9;
Timofey Mozgov;;22:25;3;3;0;0;1;2;0;4;4;1;0;2;2;3;7;
Timofey Mozgov;;23:50;4;8;0;0;6;6;4;5;9;1;0;0;1;3;14;
Timofey Mozgov;;18:46;0;3;0;1;0;0;0;3;3;0;0;1;0;3;0;
Timofey Mozgov;;20:42;5;7;0;0;0;0;0;2;2;1;0;0;1;6;10;
Timofey Mozgov;;26:24;5;7;0;0;0;0;6;5;11;2;0;5;1;3;10;
Timofey Mozgov;;24:38;2;5;0;0;3;5;0;5;5;0;1;0;1;1;7;
Timofey Mozgov;;20:49;3;4;0;0;2;2;3;1;4;2;0;2;1;3;8;
Timofey Mozgov;;24:06;4;8;0;0;7;10;0;7;7;3;0;2;2;2;15;
Timofey Mozgov;;23:57;5;5;0;0;4;4;0;2;2;0;1;2;1;4;14;
Timofey Mozgov;;26:36;6;10;0;1;3;3;2;12;14;1;1;0;2;3;15;
Timofey Mozgov;;18:07;3;5;0;0;0;0;0;3;3;2;1;0;1;2;6;
Timofey Mozgov;;16:30;1;6;0;0;2;2;2;2;4;0;0;0;3;2;4;
Timofey Mozgov;;11:50;0;0;0;0;0;0;0;2;2;0;0;1;3;4;0;
Timofey Mozgov;;16:24;2;3;0;0;0;0;1;2;3;0;0;0;1;3;4;
Timofey Mozgov;;21:37;0;3;0;0;3;4;0;1;1;3;1;2;1;3;3;
Timofey Mozgov;;24:16;4;8;0;0;1;2;2;2;4;1;0;0;0;4;9;
Timofey Mozgov;;31:10;3;8;0;1;3;6;1;5;6;1;1;3;2;3;9;
Timofey Mozgov;;19:08;4;6;0;0;0;0;2;9;11;0;0;1;2;1;8;
Timofey Mozgov;;23:03;3;6;0;0;8;10;2;7;9;1;0;3;2;6;14;
Timofey Mozgov;;27:40;3;12;0;0;3;4;4;5;9;1;0;1;1;2;9;
Timofey Mozgov;;18:56;3;15;0;0;0;0;2;2;4;0;0;0;0;2;6;
Timofey Mozgov;C;25:18;5;8;0;1;4;4;3;3;6;1;0;2;1;3;14;
Timofey Mozgov;C;20:32;3;9;0;0;3;3;4;4;8;1;0;2;2;1;9;
Timofey Mozgov;C;19:19;2;5;0;0;0;1;1;5;6;1;0;1;3;2;4;
Timofey Mozgov;C;9:57;2;3;0;0;0;1;0;3;3;0;0;1;0;3;4;
Timofey Mozgov;C;20:31;0;5;0;0;3;4;6;4;10;1;0;1;1;1;3;
Timofey Mozgov;C;25:47;5;10;0;0;3;5;0;6;6;2;1;1;0;3;13;
Timofey Mozgov;C;19:55;4;8;0;0;2;2;1;4;5;0;1;1;3;2;10;
Timofey Mozgov;C;19:44;4;8;0;0;1;2;2;4;6;1;2;2;1;1;9;
Timofey Mozgov;C;22:15;1;2;0;0;0;0;3;2;5;1;0;1;1;2;2;
Timofey Mozgov;C;16:02;1;3;0;1;2;2;2;4;6;1;0;1;1;1;4;
Timofey Mozgov;C;14:41;3;5;0;0;0;0;3;4;7;1;0;2;4;2;6;
Timofey Mozgov;C;19:21;4;10;0;0;7;7;2;7;9;1;0;0;0;1;15;
Timofey Mozgov;C;17:48;4;5;0;0;3;4;1;8;9;1;0;0;1;4;11;
Timofey Mozgov;C;13:35;2;3;0;0;3;3;2;2;4;1;0;1;0;4;7;
Timofey Mozgov;C;23:44;2;7;0;1;1;2;2;4;6;0;0;1;3;3;5;
Timofey Mozgov;C;32:25;5;8;0;0;2;3;4;5;9;1;0;1;3;3;12;
Timofey Mozgov;C;30:24;6;9;1;2;1;2;3;8;11;0;1;2;3;1;14;
Timofey Mozgov;C;20:33;3;8;0;0;1;2;2;6;8;0;1;1;4;2;7;
Timofey Mozgov;C;31:33;9;15;0;1;5;7;2;8;10;1;0;1;2;5;23;
Timofey Mozgov;C;26:24;5;11;1;2;4;4;1;1;2;0;1;2;1;1;15;
Timofey Mozgov;C;27:47;4;10;1;2;4;5;1;2;3;2;0;1;1;5;13;
Timofey Mozgov;C;27:28;6;9;1;1;2;4;4;3;7;0;2;1;4;1;15;
Timofey Mozgov;C;25:09;9;13;0;1;4;4;0;6;6;1;0;2;0;1;22;
Timofey Mozgov;C;42:45;10;15;0;2;3;4;9;20;29;3;1;3;2;3;23;
Timofey Mozgov;C;32:44;4;11;0;2;3;6;2;8;10;2;1;0;0;5;11;
Timofey Mozgov;C;31:48;6;10;0;0;6;7;6;5;11;2;0;1;1;2;18;
Timofey Mozgov;C;25:17;2;3;0;1;6;6;2;3;5;1;0;2;3;3;10;
Timofey Mozgov;;19:31;4;6;0;0;2;2;0;2;2;0;0;3;1;2;10;
Timofey Mozgov;;21:15;4;8;0;1;0;2;1;2;3;1;0;1;0;3;8;
Timofey Mozgov;;21:11;4;6;0;0;3;4;1;4;5;2;0;1;4;6;11;
Timofey Mozgov;;18:04;3;4;0;0;4;5;2;4;6;1;0;0;1;0;10;
Timofey Mozgov;;4:57;0;2;0;0;0;0;1;1;2;0;0;0;0;2;0;
Timofey Mozgov;;19:07;3;6;0;0;4;4;2;3;5;0;0;0;2;5;10;
Timofey Mozgov;;27:49;8;12;0;1;7;9;2;7;9;0;0;4;2;2;23;
Timofey Mozgov;;17:28;4;8;0;0;2;2;1;4;5;0;0;1;1;2;10;
Timofey Mozgov;;16:33;3;6;0;0;3;4;6;4;10;0;0;1;0;2;9;
Timofey Mozgov;;15:00;3;4;0;0;1;4;1;2;3;0;0;0;1;2;7;
Timofey Mozgov;;19:03;2;6;0;0;0;2;1;4;5;1;0;3;3;2;4;
Timofey Mozgov;;12:38;1;2;0;0;4;4;0;3;3;0;0;1;3;1;6;
Timofey Mozgov;;8:00;1;3;0;0;1;2;1;1;2;0;0;0;2;1;3;
Timofey Mozgov;;22:49;1;2;0;0;1;2;1;7;8;0;1;2;1;3;3;
Timofey Mozgov;;15:56;0;1;0;0;0;0;0;4;4;1;0;3;1;3;0;
Timofey Mozgov;;31:15;6;12;0;0;4;6;7;8;15;1;2;2;2;1;16;
Timofey Mozgov;;30:37;6;9;0;1;5;5;6;14;20;1;1;2;1;4;17;
Timofey Mozgov;;16:59;4;6;0;0;0;0;2;1;3;0;0;1;3;4;8;
Timofey Mozgov;;19:00;3;6;0;0;4;6;3;3;6;0;1;0;1;2;10;
Timofey Mozgov;;17:37;2;6;0;0;4;4;5;2;7;1;0;1;0;5;8;
Timofey Mozgov;;18:56;2;4;0;0;0;1;1;4;5;1;0;1;4;1;4;
Timofey Mozgov;;24:56;6;11;0;0;1;2;0;7;7;0;0;2;0;3;13;
Timofey Mozgov;;17:01;0;2;0;0;6;8;2;3;5;0;1;0;3;4;6;
Timofey Mozgov;;15:00;2;5;0;0;0;0;3;1;4;0;1;1;3;2;4;
Timofey Mozgov;;12:54;0;3;0;0;3;4;1;4;5;1;0;0;2;1;3;
Timofey Mozgov;;26:17;6;9;0;0;3;5;4;5;9;0;0;0;3;3;15;
Timofey Mozgov;C;32:05;6;11;0;0;2;4;5;6;11;0;0;2;1;0;14;
Timofey Mozgov;C;27:37;4;8;0;0;0;0;4;5;9;0;1;1;0;2;8;
Timofey Mozgov;C;31:60;1;3;0;0;2;2;1;1;2;1;0;1;1;1;4;
Timofey Mozgov;;11:47;3;4;0;0;0;0;1;1;2;1;0;1;0;1;6;
