╔═══════════════╤═══════════════╗
║Name		│Tobias Harris	║
╟───────────────┼───────────────╢
║Number		│12		║
╟───────────────┼───────────────╢
║Position	│F		║
╟───────────────┼───────────────╢
║Height		│6-9		║
╟───────────────┼───────────────╢
║Weight		│235		║
╟───────────────┼───────────────╢
║Birth		│JUL 15, 1992	║
╟───────────────┼───────────────╢
║Age		│21		║
╟───────────────┼───────────────╢
║Exp		│2		║
╟───────────────┼───────────────╢
║School		│Tennessee	║
╚═══════════════╧═══════════════╝
Tobias Harris;F;28:07;5;11;0;3;0;0;0;5;5;1;1;2;1;1;10;
Tobias Harris;F;39:51;7;16;1;5;2;2;3;7;10;1;0;1;1;3;17;
Tobias Harris;F;31:40;1;9;0;1;0;0;1;4;5;0;0;0;1;2;2;
Tobias Harris;F;36:49;5;12;1;2;0;1;1;7;8;1;1;1;1;2;11;
Tobias Harris;F;34:35;5;10;2;5;4;5;1;5;6;0;1;0;0;3;16;
Tobias Harris;F;37:15;8;17;0;1;6;8;4;5;9;4;0;0;1;3;22;
Tobias Harris;F;35:12;4;9;0;1;2;2;1;6;7;0;0;0;2;3;10;
Tobias Harris;F;33:01;8;13;0;1;1;2;4;9;13;2;1;0;1;5;17;
Tobias Harris;F;36:14;7;14;1;4;3;5;2;5;7;1;0;1;1;4;18;
Tobias Harris;F;36:16;5;10;0;2;8;12;2;5;7;1;0;1;2;3;18;
Tobias Harris;F;33:01;3;8;1;2;0;0;0;4;4;1;0;0;3;3;7;
Tobias Harris;F;34:22;7;16;0;2;5;5;2;10;12;1;0;0;3;4;19;
Tobias Harris;F;42:43;9;15;1;1;9;11;1;19;20;4;1;0;5;3;28;
Tobias Harris;F;37:51;7;14;0;2;3;3;1;8;9;1;0;0;2;4;17;
Tobias Harris;F;31:39;4;13;0;4;6;8;1;8;9;2;0;0;3;3;14;
Tobias Harris;;27:09;2;8;0;2;5;5;3;8;11;3;1;1;2;1;9;
Tobias Harris;;30:12;7;18;0;2;4;5;3;3;6;1;0;2;1;1;18;
Tobias Harris;F;28:12;6;12;1;3;0;0;2;3;5;1;0;0;0;3;13;
Tobias Harris;F;30:20;4;8;1;1;2;2;1;5;6;1;0;0;1;2;11;
Tobias Harris;F;18:51;3;6;0;2;3;4;2;2;4;1;0;0;0;3;9;
Tobias Harris;F;34:13;6;17;0;1;6;6;2;3;5;2;2;1;1;2;18;
Tobias Harris;F;33:19;5;13;0;2;3;3;0;5;5;1;0;0;1;3;13;
Tobias Harris;F;34:04;4;10;0;1;5;5;2;5;7;2;0;1;1;1;13;
Tobias Harris;F;31:58;6;11;2;3;2;3;1;8;9;1;0;1;2;1;16;
Tobias Harris;F;38:10;6;14;2;5;5;8;0;7;7;3;2;1;2;2;19;
Tobias Harris;F;35:41;7;11;0;0;4;4;1;6;7;1;1;0;2;4;18;
Tobias Harris;F;33:33;10;15;1;2;7;8;3;3;6;2;2;0;0;3;28;
Tobias Harris;F;32:17;5;11;0;3;1;1;1;3;4;1;0;0;0;2;11;
Tobias Harris;F;28:46;5;13;0;0;3;4;1;6;7;2;1;0;1;2;13;
Tobias Harris;F;28:04;6;11;1;2;7;7;1;2;3;0;0;0;1;1;20;
Tobias Harris;F;33:45;11;20;0;1;9;9;3;5;8;0;3;0;1;0;31;
Tobias Harris;F;31:13;3;12;0;0;4;4;2;3;5;2;1;2;1;2;10;
Tobias Harris;;32:09;11;16;0;0;1;2;1;7;8;0;2;2;0;1;23;
Tobias Harris;;26:06;5;10;0;1;1;1;4;4;8;1;0;0;4;2;11;
Tobias Harris;;19:10;5;11;0;1;1;1;0;3;3;2;4;1;0;1;11;
Tobias Harris;;31:41;8;14;1;4;4;4;2;3;5;2;1;0;2;1;21;
Tobias Harris;;27:37;5;11;1;1;3;3;0;6;6;1;0;0;1;2;14;
Tobias Harris;;32:21;7;13;1;2;8;11;2;7;9;3;0;0;1;2;23;
Tobias Harris;;15:41;1;9;0;0;0;0;1;3;4;2;0;0;1;0;2;
Tobias Harris;;22:50;7;14;0;1;2;2;1;8;9;1;0;1;0;1;16;
Tobias Harris;;33:17;10;15;2;3;3;4;6;5;11;0;0;1;0;1;25;
Tobias Harris;;36:29;5;11;0;2;5;6;2;5;7;1;0;0;2;4;15;
Tobias Harris;;25:53;5;9;1;2;3;4;0;7;7;1;0;0;2;2;14;
Tobias Harris;;20:59;5;8;0;1;1;2;2;5;7;1;0;0;1;1;11;
Tobias Harris;;31:28;5;12;1;2;4;5;2;6;8;1;1;1;2;3;15;
Tobias Harris;;31:08;7;12;1;1;2;2;1;5;6;1;2;0;0;3;17;
Tobias Harris;;23:39;6;10;1;1;3;5;1;7;8;1;2;0;2;4;16;
Tobias Harris;;24:24;4;7;0;2;2;2;0;3;3;2;1;1;2;5;10;
Tobias Harris;;27:09;7;11;1;2;3;5;2;5;7;2;3;0;2;2;18;
Tobias Harris;;18:03;2;12;0;0;0;1;0;3;3;1;1;0;2;4;4;
Tobias Harris;;10:05;3;6;0;0;0;0;0;1;1;0;0;0;0;0;6;
Tobias Harris;;16:04;3;8;0;3;0;0;0;1;1;0;0;0;1;2;6;
Tobias Harris;;14:49;3;8;1;3;3;3;0;5;5;2;0;0;1;0;10;
Tobias Harris;;22:50;3;8;0;3;2;4;2;2;4;2;1;0;1;3;8;
Tobias Harris;;20:14;1;7;0;2;3;3;1;6;7;0;0;0;0;2;5;
Tobias Harris;F;34:14;5;14;1;2;3;4;1;9;10;1;0;0;1;3;14;
Tobias Harris;F;32:47;7;11;1;4;6;8;0;4;4;2;1;0;1;2;21;
Tobias Harris;F;43:52;4;13;0;4;6;7;2;5;7;4;0;0;1;5;14;
Tobias Harris;F;34:22;6;10;0;2;4;6;1;9;10;2;2;0;0;1;16;
Tobias Harris;F;35:29;7;15;3;6;0;1;1;6;7;2;2;0;3;5;17;
Tobias Harris;F;31:22;2;11;0;3;1;2;1;8;9;0;0;1;1;0;5;
