╔═══════════════╤═══════════════╗
║Name		│Toney Douglas	║
╟───────────────┼───────────────╢
║Number		│0		║
╟───────────────┼───────────────╢
║Position	│G		║
╟───────────────┼───────────────╢
║Height		│6-2		║
╟───────────────┼───────────────╢
║Weight		│195		║
╟───────────────┼───────────────╢
║Birth		│MAR 16, 1986	║
╟───────────────┼───────────────╢
║Age		│28		║
╟───────────────┼───────────────╢
║Exp		│4		║
╟───────────────┼───────────────╢
║School		│Florida State	║
╚═══════════════╧═══════════════╝
Toney Douglas;;3:21;0;1;0;1;0;0;0;0;0;0;0;0;0;0;0;
Toney Douglas;;9:14;2;5;0;2;0;0;0;0;0;0;0;0;0;0;4;
Toney Douglas;;10:22;1;4;0;3;0;0;0;1;1;0;0;0;0;2;2;
Toney Douglas;;11:46;3;6;2;5;0;0;0;2;2;0;0;0;0;2;8;
Toney Douglas;;2:31;0;0;0;0;0;0;0;0;0;0;0;0;0;0;0;
Toney Douglas;;5:02;0;0;0;0;0;0;0;1;1;1;0;0;1;0;0;
Toney Douglas;;1:46;1;1;0;0;0;0;0;0;0;0;0;0;0;1;2;
Toney Douglas;;0:50;0;0;0;0;1;2;1;0;1;0;0;0;0;0;1;
Toney Douglas;;0:05;0;0;0;0;0;0;0;0;0;0;0;0;0;0;0;
Toney Douglas;G;15:12;2;9;1;4;0;0;1;2;3;2;0;1;0;2;5;
Toney Douglas;G;10:52;0;1;0;1;1;2;0;3;3;1;1;0;0;2;1;
Toney Douglas;;0:53;0;0;0;0;0;0;0;0;0;0;0;0;0;0;0;
Toney Douglas;;4:47;0;0;0;0;0;0;0;2;2;2;0;0;0;0;0;
Toney Douglas;;2:56;0;2;0;0;0;0;0;1;1;0;0;0;1;1;0;
Toney Douglas;G;18:43;4;5;2;3;0;0;0;2;2;1;1;1;0;3;10;
Toney Douglas;;1:44;0;0;0;0;0;0;0;0;0;0;0;0;0;0;0;
Toney Douglas;;1:40;0;1;0;0;0;0;0;0;0;0;0;0;0;0;0;
Toney Douglas;G;21:38;3;7;1;3;2;3;0;2;2;5;0;0;3;4;9;
Toney Douglas;G;13:52;1;3;1;3;0;0;0;1;1;1;0;0;1;4;3;
Toney Douglas;G;18:00;0;3;0;2;0;0;1;1;2;3;1;0;0;3;0;
Toney Douglas;;3:54;0;0;0;0;0;0;0;0;0;0;0;0;0;2;0;
Toney Douglas;G;29:47;3;7;0;0;3;4;3;2;5;5;1;0;0;3;9;
Toney Douglas;G;38:31;5;10;1;4;2;2;2;7;9;4;1;0;3;1;13;
Toney Douglas;G;24:08;2;4;1;3;0;0;0;3;3;0;0;0;1;4;5;
Toney Douglas;G;26:15;3;7;0;1;3;4;4;3;7;3;2;0;0;2;9;
Toney Douglas;G;17:22;1;4;0;2;0;0;0;5;5;2;0;0;0;2;2;
Toney Douglas;G;24:45;2;5;0;2;1;2;1;2;3;3;0;0;1;3;5;
Toney Douglas;G;23:20;2;5;2;5;0;0;0;2;2;1;0;0;1;2;6;
Toney Douglas;G;16:58;0;2;0;0;0;0;1;0;1;5;1;0;1;0;0;
Toney Douglas;G;15:11;3;3;1;1;0;0;0;1;1;3;1;0;0;2;7;
Toney Douglas;;13:13;0;3;0;0;0;0;0;3;3;1;0;1;0;3;0;
Toney Douglas;G;34:36;5;8;1;3;3;3;0;3;3;3;2;0;4;1;14;
Toney Douglas;G;29:00;4;14;1;6;4;4;0;2;2;4;2;0;2;2;13;
Toney Douglas;;24:29;5;8;3;6;0;0;1;3;4;4;0;0;2;1;13;
Toney Douglas;;9:59;0;2;0;1;0;0;0;1;1;1;0;0;1;4;0;
Toney Douglas;;15:42;2;6;1;3;0;0;0;0;0;3;1;0;0;2;5;
Toney Douglas;;18:47;1;5;1;4;0;0;2;1;3;2;1;0;3;3;3;
Toney Douglas;;8:51;0;2;0;1;0;0;0;1;1;0;0;0;1;1;0;
Toney Douglas;;27:48;8;14;5;9;0;0;0;2;2;1;0;0;0;2;21;
Toney Douglas;;6:08;1;2;1;1;0;0;0;0;0;0;0;0;1;0;3;
Toney Douglas;;2:20;1;1;1;1;0;0;0;0;0;0;0;0;1;1;3;
Toney Douglas;;3:57;1;3;1;3;0;0;0;2;2;0;0;0;0;2;3;
Toney Douglas;;13:21;0;3;0;1;0;0;0;1;1;0;1;0;0;1;0;
Toney Douglas;;5:53;2;3;1;2;2;2;0;0;0;1;0;0;1;2;7;
Toney Douglas;;15:18;0;2;0;2;1;1;1;1;2;1;1;0;1;0;1;
Toney Douglas;;7:38;1;3;1;3;0;0;0;0;0;0;0;0;0;0;3;
Toney Douglas;;15:20;1;6;1;4;0;0;0;3;3;1;1;1;2;2;3;
Toney Douglas;;8:41;0;1;0;0;0;0;0;1;1;0;0;0;0;1;0;
Toney Douglas;;5:31;1;2;1;2;0;1;0;0;0;1;0;0;0;3;3;
Toney Douglas;;14:19;2;4;0;2;2;4;0;1;1;2;1;0;2;4;6;
Toney Douglas;;18:25;0;3;0;3;0;0;0;1;1;1;0;1;0;1;0;
