╔═══════════════╤═══════════════╗
║Name		│Tony Snell	║
╟───────────────┼───────────────╢
║Number		│20		║
╟───────────────┼───────────────╢
║Position	│G		║
╟───────────────┼───────────────╢
║Height		│6-7		║
╟───────────────┼───────────────╢
║Weight		│200		║
╟───────────────┼───────────────╢
║Birth		│NOV 10, 1991	║
╟───────────────┼───────────────╢
║Age		│22		║
╟───────────────┼───────────────╢
║Exp		│R		║
╟───────────────┼───────────────╢
║School		│New Mexico	║
╚═══════════════╧═══════════════╝
Tony Snell;;6:00;0;2;0;2;0;0;0;0;0;1;0;0;1;0;0;
Tony Snell;;8:47;0;0;0;0;0;0;0;0;0;1;1;0;0;0;0;
Tony Snell;;20:41;5;7;2;3;0;0;0;4;4;0;0;0;1;3;12;
Tony Snell;;12:20;1;3;0;1;0;0;0;1;1;1;0;0;0;1;2;
Tony Snell;G;17:01;0;2;0;1;0;0;0;0;0;0;0;0;0;1;0;
Tony Snell;;15:49;5;9;2;4;0;1;0;2;2;1;2;0;1;1;12;
Tony Snell;;24:33;3;7;2;4;0;0;1;3;4;0;2;0;1;1;8;
Tony Snell;;25:37;3;8;1;4;1;2;0;1;1;5;1;1;0;0;8;
Tony Snell;;29:37;4;12;3;7;2;2;0;1;1;2;0;0;2;0;13;
Tony Snell;;23:22;2;7;2;6;0;0;0;1;1;0;0;1;0;0;6;
Tony Snell;;18:29;0;1;0;1;0;0;1;5;6;1;0;0;1;3;0;
Tony Snell;;20:44;2;5;1;3;0;0;1;2;3;1;0;0;1;1;5;
Tony Snell;;25:00;3;8;3;5;0;0;1;4;5;1;3;0;0;1;9;
Tony Snell;;24:01;1;7;0;5;0;0;0;2;2;1;1;0;3;2;2;
Tony Snell;;6:30;0;2;0;0;0;0;0;2;2;0;0;0;0;1;0;
Tony Snell;;8:58;0;1;0;1;1;2;1;1;2;0;0;1;0;1;1;
Tony Snell;;29:42;4;9;1;3;2;2;0;1;1;1;1;1;2;2;11;
Tony Snell;;8:57;2;2;1;1;0;0;0;0;0;0;0;0;0;1;5;
Tony Snell;;18:13;3;6;2;5;0;0;0;2;2;0;0;0;0;1;8;
Tony Snell;;17:17;2;6;0;3;0;0;0;2;2;1;0;1;0;1;4;
Tony Snell;;13:31;2;4;1;2;0;0;0;2;2;1;0;0;0;1;5;
Tony Snell;;6:08;0;1;0;1;0;0;0;0;0;0;0;1;0;1;0;
Tony Snell;;6:13;0;1;0;1;0;0;0;1;1;1;0;0;1;2;0;
Tony Snell;;36:53;7;14;3;4;3;3;0;1;1;0;2;0;2;5;20;
Tony Snell;G;37:33;2;10;2;7;0;0;0;3;3;3;0;0;0;4;6;
Tony Snell;G;34:57;4;8;1;2;1;1;1;2;3;5;1;0;1;5;10;
Tony Snell;;18:19;2;5;1;2;1;1;1;3;4;2;0;0;0;2;6;
Tony Snell;;3:34;0;1;0;0;0;0;0;0;0;0;0;0;1;3;0;
Tony Snell;;11:19;2;4;0;2;0;0;0;1;1;0;1;0;0;0;4;
Tony Snell;;6:31;1;2;0;0;0;0;0;0;0;0;0;0;1;3;2;
Tony Snell;;2:00;0;0;0;0;0;0;0;0;0;0;0;0;0;0;0;
Tony Snell;;10:36;0;1;0;0;0;0;0;3;3;2;0;0;0;2;0;
Tony Snell;;14:45;0;1;0;1;0;0;0;2;2;4;0;1;0;2;0;
Tony Snell;;19:35;1;2;1;1;3;4;0;1;1;2;1;0;0;0;6;
Tony Snell;;14:46;2;5;0;2;0;0;0;2;2;1;0;0;0;0;4;
Tony Snell;;5:28;0;1;0;1;0;0;0;0;0;0;0;0;1;2;0;
Tony Snell;;6:23;1;1;0;0;0;0;0;0;0;1;0;0;1;2;2;
Tony Snell;;9:13;1;3;1;2;0;0;0;1;1;1;0;0;0;1;3;
Tony Snell;;2:39;0;2;0;1;0;0;1;0;1;0;0;0;0;0;0;
Tony Snell;;1:31;0;1;0;1;0;0;0;0;0;0;0;0;0;0;0;
Tony Snell;;17:55;0;6;0;3;0;0;0;1;1;0;0;1;2;0;0;
Tony Snell;;12:46;2;2;0;0;0;0;0;0;0;0;0;0;0;0;4;
Tony Snell;;5:13;1;1;0;0;0;0;0;0;0;0;0;1;0;0;2;
Tony Snell;;4:50;0;0;0;0;0;0;0;0;0;1;1;0;1;1;0;
Tony Snell;;13:25;2;3;2;3;0;0;0;3;3;1;0;0;0;2;6;
Tony Snell;;8:20;1;5;0;2;0;0;0;1;1;0;1;0;0;1;2;
Tony Snell;;8:42;0;1;0;1;1;2;0;2;2;0;1;0;0;1;1;
Tony Snell;;3:59;0;0;0;0;0;0;0;0;0;0;0;0;0;0;0;
Tony Snell;;7:15;0;0;0;0;0;0;0;0;0;0;0;0;0;0;0;
Tony Snell;;2:54;0;0;0;0;0;0;0;0;0;0;1;0;1;0;0;
Tony Snell;;18:39;5;8;1;2;2;2;1;1;2;0;0;0;0;1;13;
Tony Snell;;2:45;0;1;0;1;0;0;0;0;0;0;0;0;0;0;0;
Tony Snell;;6:44;0;3;0;2;0;0;0;0;0;0;1;0;1;2;0;
Tony Snell;;1:05;0;0;0;0;0;0;0;1;1;0;0;0;0;0;0;
Tony Snell;;3:37;0;1;0;0;0;0;0;1;1;0;0;0;0;0;0;
Tony Snell;;0:30;0;0;0;0;0;0;0;0;0;0;0;0;0;0;0;
Tony Snell;;1:18;0;0;0;0;2;2;0;1;1;0;0;0;0;0;2;
Tony Snell;;0:22;0;0;0;0;0;0;0;0;0;0;0;0;0;0;0;
Tony Snell;;1:15;1;1;0;0;0;0;0;1;1;0;0;0;0;0;2;
Tony Snell;;27:40;2;4;0;1;1;1;1;0;1;2;0;0;0;1;5;
Tony Snell;G;25:42;3;7;1;5;2;2;0;1;1;0;0;0;1;1;9;
Tony Snell;G;36:58;5;9;3;5;0;0;1;1;2;3;2;0;3;0;13;
Tony Snell;G;35:05;7;12;3;5;1;4;1;3;4;2;1;0;2;0;18;
Tony Snell;G;21:60;2;4;2;4;0;0;0;1;1;2;0;0;0;3;6;
Tony Snell;G;28:20;3;7;2;4;0;0;0;3;3;2;0;0;2;1;8;
Tony Snell;G;42:27;3;12;0;3;2;2;0;3;3;3;2;1;1;0;8;
Tony Snell;G;37:38;6;14;1;5;0;0;2;4;6;3;0;2;2;2;13;
Tony Snell;G;34:03;1;7;1;4;1;2;1;1;2;1;0;1;2;1;4;
Tony Snell;;21:08;2;6;2;6;0;0;0;0;0;2;0;0;1;1;6;
Tony Snell;;5:01;0;0;0;0;0;0;0;0;0;0;0;0;0;0;0;
Tony Snell;;5:11;1;1;0;0;0;0;0;0;0;0;0;0;0;1;2;
Tony Snell;;5:44;0;0;0;0;0;0;0;0;0;1;0;0;0;0;0;
Tony Snell;;41:09;4;15;2;11;0;0;2;6;8;1;1;1;1;1;10;
Tony Snell;G;44:12;5;11;5;8;2;2;1;4;5;3;0;1;3;3;17;
Tony Snell;;23:34;2;6;0;4;0;0;1;5;6;0;2;0;0;4;4;
Tony Snell;;22:06;0;8;0;5;2;2;0;1;1;1;0;0;0;1;2;
Tony Snell;;17:27;3;5;1;2;1;2;0;1;1;0;0;0;0;0;8;
