╔═══════════════╤═══════════════╗
║Name		│Tony Parker	║
╟───────────────┼───────────────╢
║Number		│9		║
╟───────────────┼───────────────╢
║Position	│G		║
╟───────────────┼───────────────╢
║Height		│6-2		║
╟───────────────┼───────────────╢
║Weight		│185		║
╟───────────────┼───────────────╢
║Birth		│MAY 17, 1982	║
╟───────────────┼───────────────╢
║Age		│32		║
╟───────────────┼───────────────╢
║Exp		│12		║
╟───────────────┼───────────────╢
║School		│Paris, France	║
╚═══════════════╧═══════════════╝
Tony Parker;G;34:20;5;13;1;2;1;2;0;3;3;7;0;0;1;3;12;
Tony Parker;G;33:45;8;9;0;0;1;1;2;1;3;9;0;0;2;1;17;
Tony Parker;G;40:20;5;12;0;2;0;0;0;2;2;6;0;1;3;2;10;
Tony Parker;G;28:42;10;15;0;0;5;6;0;2;2;7;0;0;6;0;25;
Tony Parker;G;30:18;5;11;0;0;4;4;1;1;2;10;1;2;5;2;14;
Tony Parker;G;36:16;9;15;0;0;9;10;0;3;3;6;1;0;2;3;27;
Tony Parker;G;33:46;9;16;0;0;7;8;0;1;1;9;1;0;3;1;25;
Tony Parker;G;35:36;5;12;0;1;2;2;1;5;6;4;0;0;1;2;12;
Tony Parker;G;38:39;14;22;1;2;8;8;1;1;2;4;1;1;3;1;37;
Tony Parker;G;27:19;5;10;0;0;1;2;0;1;1;7;0;0;4;2;11;
Tony Parker;G;24:05;4;9;1;2;2;2;0;1;1;7;1;0;2;2;11;
Tony Parker;G;32:57;6;16;1;2;4;6;0;1;1;4;0;0;2;1;17;
Tony Parker;G;33:34;8;17;1;3;3;3;0;2;2;6;1;0;1;2;20;
Tony Parker;G;34:56;8;19;1;4;1;3;0;3;3;10;1;0;2;1;18;
Tony Parker;G;35:33;12;24;0;3;8;9;0;2;2;9;0;2;2;2;32;
Tony Parker;G;18:54;2;5;0;1;0;0;0;0;0;5;0;0;4;0;4;
Tony Parker;G;26:03;3;13;0;2;3;4;1;2;3;5;1;0;1;1;9;
Tony Parker;G;20:44;5;9;0;0;1;1;0;1;1;3;0;0;1;0;11;
Tony Parker;G;31:54;10;15;1;2;1;1;0;3;3;7;0;0;1;1;22;
Tony Parker;G;22:02;3;11;0;1;1;2;1;0;1;5;0;0;2;1;7;
Tony Parker;G;31:18;6;14;0;0;5;6;0;1;1;4;2;0;2;0;17;
Tony Parker;G;34:00;11;19;1;2;7;8;0;1;1;5;0;0;2;3;30;
Tony Parker;G;24:34;8;15;0;0;4;6;0;0;0;9;0;1;0;3;20;
Tony Parker;G;29:35;4;13;0;0;1;2;1;3;4;5;0;0;4;1;9;
Tony Parker;G;14:07;3;4;1;1;0;0;0;1;1;4;0;0;2;1;7;
Tony Parker;G;25:60;7;11;0;0;4;4;0;0;0;7;0;0;3;2;18;
Tony Parker;G;32:31;11;16;0;0;3;4;0;3;3;5;0;0;1;0;25;
Tony Parker;G;28:03;6;15;1;2;1;1;0;5;5;4;1;1;4;3;14;
Tony Parker;G;27:51;8;16;0;1;4;4;0;0;0;5;1;0;2;0;20;
Tony Parker;G;36:40;4;10;0;0;2;2;0;4;4;6;1;0;5;2;10;
Tony Parker;G;18:58;2;9;0;0;0;0;1;1;2;2;1;0;1;1;4;
Tony Parker;G;23:05;1;5;0;0;0;0;0;5;5;3;1;0;0;2;2;
Tony Parker;G;33:43;10;18;0;0;2;2;1;0;1;4;0;0;1;1;22;
Tony Parker;G;28:15;7;13;0;0;4;4;0;3;3;8;0;0;4;1;18;
Tony Parker;G;25:34;3;10;0;1;0;1;2;2;4;3;0;0;3;2;6;
Tony Parker;G;9:19;4;4;0;0;2;2;0;1;1;1;0;0;1;0;10;
Tony Parker;G;24:25;9;18;0;0;0;0;0;1;1;3;1;0;0;0;18;
Tony Parker;G;25:48;4;9;0;0;2;2;0;4;4;1;2;0;0;0;10;
Tony Parker;G;15:51;5;10;0;1;2;2;0;2;2;4;1;0;0;2;12;
Tony Parker;G;31:17;4;14;2;3;3;4;0;1;1;9;1;0;1;0;13;
Tony Parker;G;35:56;12;18;0;1;0;0;0;4;4;6;0;0;1;1;24;
Tony Parker;G;33:12;7;20;0;1;3;5;1;4;5;9;1;0;3;4;17;
Tony Parker;G;33:38;9;13;0;1;6;6;0;4;4;6;2;1;5;2;24;
Tony Parker;G;30:51;9;15;1;1;1;1;0;1;1;6;0;0;1;1;20;
Tony Parker;G;33:28;7;14;0;1;4;10;0;5;5;4;1;0;2;1;18;
Tony Parker;G;25:30;8;12;0;0;1;2;0;2;2;6;0;0;4;0;17;
Tony Parker;G;28:46;7;12;0;1;0;0;1;2;3;9;0;0;3;1;14;
Tony Parker;G;25:07;7;9;0;1;2;2;0;1;1;1;0;0;5;1;16;
Tony Parker;G;37:34;8;18;0;1;6;10;0;0;0;6;1;0;5;1;22;
Tony Parker;G;28:04;6;11;0;0;7;8;0;4;4;4;0;0;1;0;19;
Tony Parker;G;35:56;8;14;2;2;2;4;0;2;2;5;0;0;4;2;20;
Tony Parker;G;15:10;5;9;0;1;2;2;0;1;1;7;0;0;0;0;12;
Tony Parker;G;24:40;5;8;0;0;4;4;0;2;2;7;1;0;2;1;14;
Tony Parker;G;34:02;6;16;0;2;4;6;1;1;2;7;1;0;2;0;16;
Tony Parker;G;38:10;13;27;0;2;1;2;0;6;6;8;0;0;2;1;27;
Tony Parker;G;36:40;7;11;1;1;0;0;0;0;0;7;0;0;4;1;15;
Tony Parker;G;26:29;6;14;1;1;0;0;0;4;4;2;0;0;1;1;13;
Tony Parker;G;28:11;6;16;1;1;2;2;0;2;2;6;0;0;1;0;15;
Tony Parker;G;20:51;7;11;0;0;1;1;0;1;1;5;0;0;1;2;15;
Tony Parker;G;35:30;13;24;2;4;1;1;0;3;3;6;1;0;4;1;29;
Tony Parker;G;29:51;6;15;0;1;3;3;0;5;5;7;0;0;2;2;15;
Tony Parker;G;25:46;3;8;1;1;1;2;0;1;1;6;1;0;1;1;8;
Tony Parker;G;32:46;6;14;0;0;11;13;0;2;2;8;2;0;0;4;23;
Tony Parker;G;33:37;10;19;1;2;5;7;0;2;2;8;1;0;4;2;26;
Tony Parker;G;30:31;3;11;0;0;0;0;1;2;3;4;1;0;2;2;6;
Tony Parker;G;33:18;6;18;0;0;11;12;0;2;2;3;2;0;4;1;23;
Tony Parker;G;35:33;9;14;2;2;2;3;1;1;2;7;0;0;0;1;22;
Tony Parker;G;27:18;4;7;1;1;9;9;0;1;1;6;1;0;3;0;18;
