╔═══════════════╤═══════════════╗
║Name		│Tony Wroten	║
╟───────────────┼───────────────╢
║Number		│8		║
╟───────────────┼───────────────╢
║Position	│G		║
╟───────────────┼───────────────╢
║Height		│6-6		║
╟───────────────┼───────────────╢
║Weight		│205		║
╟───────────────┼───────────────╢
║Birth		│APR 13, 1993	║
╟───────────────┼───────────────╢
║Age		│21		║
╟───────────────┼───────────────╢
║Exp		│1		║
╟───────────────┼───────────────╢
║School		│Washington	║
╚═══════════════╧═══════════════╝
Tony Wroten;;19:42;3;6;1;3;0;3;1;4;5;1;1;0;2;1;7;
Tony Wroten;;31:29;6;13;1;3;8;13;0;4;4;3;1;0;1;3;21;
Tony Wroten;;25:35;4;10;0;1;4;7;0;3;3;3;1;0;2;2;12;
Tony Wroten;;21:21;1;6;0;1;3;6;2;0;2;3;1;2;4;2;5;
Tony Wroten;;11:31;4;9;1;1;2;5;1;1;2;4;0;0;1;1;11;
Tony Wroten;;18:23;4;10;0;1;1;3;0;3;3;2;1;0;5;2;9;
Tony Wroten;;25:49;4;13;1;5;4;8;1;2;3;3;2;1;3;2;13;
Tony Wroten;;8:16;1;4;0;0;0;0;1;0;1;2;0;0;1;0;2;
Tony Wroten;;16:32;3;8;0;3;3;4;0;1;1;2;0;0;3;1;9;
Tony Wroten;;11:06;1;6;0;1;4;4;2;0;2;1;2;0;3;4;6;
Tony Wroten;;14:18;3;6;0;1;2;2;0;1;1;0;3;0;2;0;8;
Tony Wroten;;18:42;1;13;0;4;4;4;0;1;1;3;1;0;2;1;6;
Tony Wroten;G;35:18;8;19;0;3;2;2;2;1;3;5;1;0;6;3;18;
Tony Wroten;;25:16;6;8;0;0;6;9;1;5;6;3;1;0;4;2;18;
Tony Wroten;;28:21;5;13;1;2;7;8;1;1;2;4;1;0;3;2;18;
Tony Wroten;;17:56;6;9;1;1;3;4;2;2;4;0;0;0;4;0;16;
Tony Wroten;;23:08;7;11;0;2;7;9;0;3;3;2;3;0;3;0;21;
Tony Wroten;;25:50;4;12;0;0;1;2;3;2;5;1;0;0;4;0;9;
Tony Wroten;;17:30;0;0;0;0;0;0;0;2;2;1;0;0;1;2;0;
Tony Wroten;;23:44;5;13;0;2;2;5;2;1;3;1;1;0;4;1;12;
Tony Wroten;;28:47;6;14;0;2;9;13;2;2;4;2;1;0;5;2;21;
Tony Wroten;G;29:41;9;15;0;0;1;1;2;0;2;5;1;0;2;3;19;
Tony Wroten;;25:50;4;9;0;0;7;9;1;4;5;0;0;2;1;1;15;
Tony Wroten;;27:28;5;12;0;2;9;12;1;2;3;2;1;1;2;2;19;
Tony Wroten;;25:02;5;14;1;3;1;2;3;2;5;1;1;0;5;3;12;
Tony Wroten;;22:05;3;12;0;2;2;5;2;1;3;2;3;0;2;3;8;
Tony Wroten;;31:27;12;15;0;2;6;8;0;1;1;1;4;0;3;0;30;
Tony Wroten;;28:36;8;18;0;1;7;8;2;3;5;3;0;0;5;1;23;
Tony Wroten;;23:45;5;11;0;1;0;0;1;2;3;2;2;0;3;3;10;
Tony Wroten;;13:18;1;4;0;1;6;6;0;1;1;0;3;0;1;2;8;
Tony Wroten;;27:59;6;11;0;1;1;2;1;3;4;2;1;1;3;3;13;
Tony Wroten;G;36:08;7;18;0;3;3;3;2;2;4;4;0;1;3;4;17;
Tony Wroten;G;42:39;6;16;4;6;1;6;0;6;6;7;2;0;2;2;17;
Tony Wroten;G;32:46;4;9;2;6;2;6;1;2;3;4;0;0;1;1;12;
Tony Wroten;;21:07;2;6;1;3;1;2;1;5;6;9;0;0;1;0;6;
Tony Wroten;;17:58;3;8;0;3;0;0;0;1;1;3;0;0;5;4;6;
Tony Wroten;;20:32;2;8;0;4;4;6;0;0;0;4;0;0;1;2;8;
Tony Wroten;;23:58;4;8;0;2;0;0;0;1;1;5;2;0;3;2;8;
Tony Wroten;;30:43;6;13;0;2;3;6;0;4;4;4;1;1;4;2;15;
Tony Wroten;;19:02;4;7;0;0;3;3;0;2;2;3;0;0;1;3;11;
Tony Wroten;;20:30;6;14;0;3;6;8;2;0;2;3;1;0;1;3;18;
Tony Wroten;;18:02;4;8;0;0;2;4;0;5;5;1;0;0;1;3;10;
Tony Wroten;;28:18;7;12;0;1;6;7;1;1;2;4;2;0;7;4;20;
Tony Wroten;;22:24;2;6;0;2;0;0;0;1;1;6;5;0;6;4;4;
Tony Wroten;;23:23;6;9;1;3;1;2;1;3;4;2;1;0;2;1;14;
Tony Wroten;;19:01;4;10;0;2;2;3;1;4;5;1;1;0;4;1;10;
Tony Wroten;;22:41;4;11;3;6;0;2;0;5;5;0;1;1;1;3;11;
Tony Wroten;;22:19;6;14;1;5;1;5;1;2;3;1;0;0;0;1;14;
Tony Wroten;;18:01;1;6;0;3;0;0;0;3;3;3;0;0;2;1;2;
Tony Wroten;;26:09;7;14;2;8;2;2;0;4;4;4;1;0;2;0;18;
Tony Wroten;;16:21;1;7;0;2;2;2;0;0;0;2;1;0;2;1;4;
Tony Wroten;;21:13;5;9;1;3;2;3;1;1;2;3;0;1;2;3;13;
Tony Wroten;G;41:14;7;18;0;2;4;7;5;5;10;11;0;1;4;5;18;
Tony Wroten;G;37:34;9;19;0;3;4;6;0;0;0;6;1;0;1;4;22;
Tony Wroten;G;35:24;6;16;2;5;5;6;2;1;3;2;2;0;3;4;19;
Tony Wroten;G;36:35;8;17;0;4;3;9;1;2;3;3;5;0;4;3;19;
Tony Wroten;;28:02;3;11;0;3;3;4;1;1;2;4;0;0;2;2;9;
Tony Wroten;;11:00;1;4;0;1;1;2;0;1;1;6;1;0;2;1;3;
Tony Wroten;;23:44;9;13;1;2;5;9;1;2;3;1;0;0;4;3;24;
Tony Wroten;;20:41;2;6;0;1;1;2;1;0;1;3;3;0;3;0;5;
Tony Wroten;;13:18;1;2;0;0;0;0;0;2;2;1;0;0;3;1;2;
Tony Wroten;G;34:44;10;22;0;4;1;4;3;5;8;9;1;1;2;4;21;
Tony Wroten;G;32:43;10;20;0;2;0;0;2;3;5;1;0;1;3;2;20;
Tony Wroten;G;36:29;2;12;1;5;4;6;1;9;10;7;1;0;4;3;9;
Tony Wroten;G;28:07;8;13;1;3;3;4;2;1;3;4;1;1;3;6;20;
Tony Wroten;G;37:19;8;17;5;8;2;4;1;2;3;5;1;0;5;0;23;
Tony Wroten;G;24:17;5;15;2;4;6;10;2;4;6;7;0;1;2;2;18;
Tony Wroten;G;24:22;5;13;1;5;2;4;0;2;2;3;3;0;6;5;13;
Tony Wroten;;23:32;8;17;2;8;1;1;0;3;3;3;0;0;4;2;19;
Tony Wroten;;19:32;3;7;1;3;1;2;0;5;5;1;1;0;3;1;8;
Tony Wroten;;29:41;7;17;2;4;6;8;1;1;2;2;2;0;3;4;22;
Tony Wroten;;19:26;2;12;0;5;4;4;1;0;1;1;1;0;2;2;8;
