╔═══════════════╤═══════════════╗
║Name		│Tony Mitchell	║
╟───────────────┼───────────────╢
║Number		│9		║
╟───────────────┼───────────────╢
║Position	│F		║
╟───────────────┼───────────────╢
║Height		│6-8		║
╟───────────────┼───────────────╢
║Weight		│235		║
╟───────────────┼───────────────╢
║Birth		│APR 07, 1992	║
╟───────────────┼───────────────╢
║Age		│22		║
╟───────────────┼───────────────╢
║Exp		│R		║
╟───────────────┼───────────────╢
║School		│North Texas	║
╚═══════════════╧═══════════════╝
Tony Mitchell;;0:47;0;0;0;0;0;0;0;0;0;0;0;0;0;0;0;
Tony Mitchell;;5:36;0;0;0;0;4;4;1;1;2;0;0;0;0;0;4;
Tony Mitchell;;1:13;0;1;0;0;0;0;1;0;1;0;0;0;0;0;0;
Tony Mitchell;;0:46;0;0;0;0;0;0;0;0;0;0;0;0;0;0;0;
Tony Mitchell;;3:27;1;2;0;0;0;0;1;0;1;0;0;0;0;0;2;
Tony Mitchell;;4:32;0;1;0;1;0;0;0;0;0;1;1;0;0;0;0;
Tony Mitchell;;1:46;2;2;0;0;0;0;0;0;0;0;0;0;0;0;4;
Tony Mitchell;;0:27;0;0;0;0;0;0;0;0;0;0;0;0;0;0;0;
Tony Mitchell;;1:47;0;0;0;0;2;2;0;0;0;0;0;0;0;0;2;
Tony Mitchell;;4:44;0;0;0;0;0;0;0;0;0;0;1;0;0;1;0;
Tony Mitchell;;5:46;1;1;0;0;0;0;1;1;2;1;0;0;1;2;2;
Tony Mitchell;;8:23;0;2;0;0;1;2;2;4;6;0;1;1;0;0;1;
Tony Mitchell;;6:41;1;2;0;0;0;1;3;0;3;0;2;0;1;4;2;
Tony Mitchell;;6:06;0;1;0;0;0;0;0;1;1;0;1;0;0;0;0;
Tony Mitchell;;0:19;0;0;0;0;0;0;0;1;1;0;0;0;0;0;0;
Tony Mitchell;;12:43;1;2;0;0;1;2;2;1;3;1;0;0;0;2;3;
Tony Mitchell;;0:49;0;0;0;0;0;0;0;0;0;0;0;0;0;0;0;
Tony Mitchell;;0:25;0;0;0;0;0;0;0;0;0;0;0;0;0;0;0;
Tony Mitchell;;2:16;1;1;0;0;0;0;0;0;0;0;0;0;0;0;2;
Tony Mitchell;;2:05;0;0;0;0;0;2;2;0;2;0;0;0;0;0;0;
Tony Mitchell;;2:35;0;0;0;0;0;0;0;1;1;0;0;1;0;0;0;
Tony Mitchell;;3:31;0;1;0;0;0;0;0;0;0;0;0;0;0;0;0;
Tony Mitchell;;9:34;1;1;1;1;1;2;3;1;4;0;1;1;2;0;4;
Tony Mitchell;;2:34;0;0;0;0;2;4;0;0;0;0;0;0;0;0;2;
