╔═══════════════╤═══════════════╗
║Name		│Tony Allen	║
╟───────────────┼───────────────╢
║Number		│9		║
╟───────────────┼───────────────╢
║Position	│G		║
╟───────────────┼───────────────╢
║Height		│6-4		║
╟───────────────┼───────────────╢
║Weight		│213		║
╟───────────────┼───────────────╢
║Birth		│JAN 11, 1982	║
╟───────────────┼───────────────╢
║Age		│32		║
╟───────────────┼───────────────╢
║Exp		│9		║
╟───────────────┼───────────────╢
║School		│Oklahoma State	║
╚═══════════════╧═══════════════╝
Tony Allen;G;12:38;1;2;0;0;0;3;0;0;0;1;1;0;1;0;2;
Tony Allen;G;36:48;3;6;0;0;4;6;1;3;4;2;3;0;4;3;10;
Tony Allen;;19:44;4;4;1;1;0;0;1;5;6;2;2;1;1;4;9;
Tony Allen;;24:33;4;7;0;0;1;1;0;6;6;0;1;1;1;2;9;
Tony Allen;;25:24;8;13;1;2;0;0;0;6;6;0;0;0;1;3;17;
Tony Allen;;17:25;3;3;0;0;0;0;1;2;3;3;1;0;1;5;6;
Tony Allen;;24:19;7;10;1;1;1;4;2;0;2;2;0;1;1;3;16;
Tony Allen;;24:16;3;6;0;0;1;1;2;1;3;0;1;0;2;3;7;
Tony Allen;;21:01;5;9;1;2;4;6;4;2;6;2;0;0;4;3;15;
Tony Allen;;25:07;2;6;0;0;2;6;3;2;5;1;2;0;1;2;6;
Tony Allen;;22:07;4;6;0;0;0;2;2;4;6;4;0;0;2;0;8;
Tony Allen;;22:42;3;3;1;1;0;0;0;3;3;2;1;0;0;3;7;
Tony Allen;;25:12;4;8;0;0;5;6;1;3;4;1;3;1;1;1;13;
Tony Allen;;20:47;5;7;0;1;0;0;1;2;3;0;1;0;5;4;10;
Tony Allen;;17:03;4;6;1;1;0;0;0;1;1;0;2;0;2;1;9;
Tony Allen;;19:22;3;8;0;0;4;4;1;3;4;0;2;0;2;1;10;
Tony Allen;;16:19;1;5;0;0;1;3;0;3;3;1;1;0;1;2;3;
Tony Allen;;23:52;3;7;0;1;1;2;1;4;5;2;1;1;4;5;7;
Tony Allen;;10:28;0;5;0;0;0;0;0;4;4;0;0;1;1;2;0;
Tony Allen;;24:05;1;7;0;2;0;0;1;3;4;3;2;0;0;1;2;
Tony Allen;;10:14;2;5;0;0;0;0;2;3;5;0;1;0;0;1;4;
Tony Allen;;15:41;1;3;0;0;0;0;0;0;0;2;3;0;0;1;2;
Tony Allen;;12:48;0;3;0;0;0;2;1;0;1;1;1;0;2;0;0;
Tony Allen;;20:24;1;4;0;0;3;4;1;0;1;1;2;0;0;4;5;
Tony Allen;F;12:30;2;7;0;1;0;0;1;0;1;2;1;0;1;1;4;
Tony Allen;;24:03;3;7;0;2;0;0;1;1;2;2;3;0;0;4;6;
Tony Allen;;18:06;5;7;0;1;5;7;0;2;2;2;2;0;0;2;15;
Tony Allen;;19:24;4;12;0;2;0;0;2;3;5;3;2;1;2;1;8;
Tony Allen;;20:50;3;5;0;1;2;2;3;3;6;2;1;0;3;2;8;
Tony Allen;;22:48;6;11;0;1;1;5;4;3;7;2;1;0;3;2;13;
Tony Allen;G;28:06;6;8;3;3;0;3;1;2;3;2;2;1;3;0;15;
Tony Allen;G;35:17;6;10;0;0;4;4;2;1;3;4;5;1;2;2;16;
Tony Allen;G;20:11;0;6;0;1;0;0;2;1;3;0;1;0;1;2;0;
Tony Allen;G;29:41;3;5;0;2;2;4;1;3;4;3;4;0;4;2;8;
Tony Allen;G;21:52;3;6;0;1;0;0;2;3;5;1;1;1;2;1;6;
Tony Allen;G;23:12;4;6;0;1;4;7;2;0;2;0;2;0;1;1;12;
Tony Allen;G;23:46;3;4;1;1;1;1;1;2;3;3;1;0;2;5;8;
Tony Allen;G;30:19;5;11;0;1;0;0;2;2;4;2;2;1;2;1;10;
Tony Allen;G;22:17;6;6;0;0;0;0;0;6;6;2;1;0;0;1;12;
Tony Allen;G;29:31;5;10;0;3;2;2;2;3;5;4;2;0;2;4;12;
Tony Allen;G;10:09;2;4;0;0;1;1;1;0;1;0;0;1;0;2;5;
Tony Allen;G;28:09;4;9;0;2;4;4;3;1;4;4;1;1;3;1;12;
Tony Allen;G;30:22;6;12;0;1;3;4;1;1;2;1;6;2;4;3;15;
Tony Allen;G;27:10;5;8;0;0;2;2;0;2;2;2;3;0;0;2;12;
Tony Allen;G;21:43;5;12;0;1;3;4;0;3;3;0;2;0;2;4;13;
Tony Allen;G;23:36;5;11;1;2;0;0;2;1;3;2;4;0;2;4;11;
Tony Allen;G;24:24;3;9;0;1;0;0;1;4;5;2;0;0;1;2;6;
Tony Allen;G;26:03;3;4;0;0;1;2;3;4;7;3;1;1;1;1;7;
Tony Allen;G;30:20;6;13;0;2;4;6;3;4;7;5;2;1;1;1;16;
Tony Allen;G;32:42;7;17;0;1;2;3;10;1;11;3;3;0;4;4;16;
Tony Allen;G;34:55;8;13;0;1;3;3;2;6;8;2;2;0;1;0;19;
Tony Allen;G;31:56;2;9;0;0;2;2;0;4;4;4;1;0;1;2;6;
Tony Allen;G;21:19;4;11;0;2;0;0;0;0;0;0;0;1;1;5;8;
Tony Allen;G;26:56;3;10;0;1;0;1;2;3;5;2;1;0;0;2;6;
Tony Allen;G;34:15;5;7;0;0;3;4;0;0;0;0;2;1;4;3;13;
