╔═══════════════╤═══════════════╗
║Name		│Toure Murry	║
╟───────────────┼───────────────╢
║Number		│23		║
╟───────────────┼───────────────╢
║Position	│G		║
╟───────────────┼───────────────╢
║Height		│6-5		║
╟───────────────┼───────────────╢
║Weight		│195		║
╟───────────────┼───────────────╢
║Birth		│NOV 08, 1989	║
╟───────────────┼───────────────╢
║Age		│24		║
╟───────────────┼───────────────╢
║Exp		│R		║
╟───────────────┼───────────────╢
║School		│Wichita State	║
╚═══════════════╧═══════════════╝
Toure Murry;;15:10;2;3;1;1;0;0;0;2;2;2;2;0;0;1;5;
Toure Murry;;13:52;1;4;0;1;1;4;1;0;1;4;1;0;1;2;3;
Toure Murry;;14:42;2;5;0;0;1;2;0;2;2;2;0;0;0;2;5;
Toure Murry;;4:14;1;1;0;0;0;0;0;0;0;1;0;0;1;1;2;
Toure Murry;;9:31;1;1;0;0;1;2;0;0;0;1;2;0;0;2;3;
Toure Murry;;12:24;3;6;0;0;2;3;0;0;0;0;0;0;0;4;8;
Toure Murry;;8:59;1;2;0;0;0;0;1;0;1;0;0;0;1;0;2;
Toure Murry;;8:16;0;3;0;0;0;0;0;1;1;2;0;0;0;0;0;
Toure Murry;;2:38;0;2;0;0;0;0;0;0;0;0;0;0;0;0;0;
Toure Murry;;9:56;1;3;0;0;1;2;0;1;1;1;0;0;2;3;3;
Toure Murry;;3:02;0;0;0;0;0;0;0;1;1;0;0;0;0;0;0;
Toure Murry;;7:18;3;4;0;0;0;0;1;1;2;0;0;0;0;0;6;
Toure Murry;;7:34;1;3;0;0;0;0;1;0;1;3;1;0;1;2;2;
Toure Murry;;5:56;1;1;0;0;0;0;0;1;1;2;0;0;2;0;2;
Toure Murry;;0:50;0;0;0;0;0;0;0;0;0;0;0;0;0;0;0;
Toure Murry;;10:26;1;2;0;0;1;2;1;1;2;0;1;0;2;3;3;
Toure Murry;;1:24;0;0;0;0;0;0;0;0;0;1;0;0;0;1;0;
Toure Murry;;3:28;0;1;0;0;0;0;0;0;0;1;0;0;0;0;0;
Toure Murry;;0:45;0;0;0;0;0;0;0;0;0;0;0;0;0;0;0;
Toure Murry;;5:58;1;3;0;0;0;0;0;0;0;0;0;0;1;0;2;
Toure Murry;;23:36;4;7;0;0;0;0;0;2;2;2;0;1;3;0;8;
Toure Murry;;4:24;1;2;0;0;1;1;1;2;3;1;0;0;1;0;3;
Toure Murry;;0:32;0;0;0;0;0;0;0;0;0;0;0;0;0;0;0;
Toure Murry;;1:00;0;0;0;0;0;0;0;0;0;0;0;0;0;0;0;
Toure Murry;;5:13;1;3;0;0;0;0;0;0;0;1;0;0;0;0;2;
Toure Murry;;0:43;0;0;0;0;1;2;0;0;0;0;0;0;1;0;1;
Toure Murry;;5:36;1;1;0;0;0;0;1;1;2;0;0;0;1;1;2;
Toure Murry;;1:54;1;1;0;0;0;0;0;0;0;0;0;0;0;0;2;
Toure Murry;;6:05;1;2;0;0;1;2;0;0;0;1;0;0;0;1;3;
Toure Murry;;3:32;0;0;0;0;1;2;0;1;1;0;0;0;1;0;1;
Toure Murry;;6:17;0;2;0;0;0;0;0;0;0;0;0;0;0;0;0;
Toure Murry;;4:58;2;4;0;0;1;2;1;0;1;1;1;0;1;0;5;
Toure Murry;;6:03;1;1;0;0;0;0;0;1;1;1;0;0;2;1;2;
Toure Murry;;0:20;0;0;0;0;0;0;0;0;0;0;0;0;0;0;0;
Toure Murry;;0:50;0;0;0;0;0;0;0;0;0;0;0;0;0;0;0;
Toure Murry;;21:55;2;8;2;3;3;4;0;1;1;5;3;0;0;2;9;
Toure Murry;;28:50;6;12;2;2;1;1;0;2;2;2;0;0;3;4;15;
Toure Murry;;1:29;0;1;0;0;0;0;0;1;1;0;0;0;0;0;0;
Toure Murry;;4:16;2;3;0;0;1;2;1;0;1;0;0;0;0;0;5;
Toure Murry;;3:23;0;0;0;0;0;0;0;0;0;0;0;0;0;0;0;
Toure Murry;;1:24;0;0;0;0;0;0;0;0;0;0;0;0;0;0;0;
Toure Murry;;6:45;1;4;0;0;1;2;0;0;0;1;2;0;1;1;3;
Toure Murry;;6:33;3;5;0;0;0;0;0;2;2;0;0;0;2;2;6;
Toure Murry;;5:58;2;4;0;0;0;0;0;0;0;0;0;0;0;0;4;
Toure Murry;;1:59;0;0;0;0;0;0;0;0;0;2;0;0;1;0;0;
Toure Murry;;1:44;0;1;0;0;0;0;0;0;0;0;0;0;0;1;0;
Toure Murry;;9:52;0;1;0;0;0;0;0;2;2;1;1;0;0;3;0;
Toure Murry;;9:17;1;3;0;0;0;0;0;1;1;1;1;0;0;1;2;
Toure Murry;;14:56;2;5;0;2;2;2;3;1;4;3;0;0;2;2;6;
Toure Murry;;9:19;1;4;0;1;2;2;1;1;2;1;1;0;2;2;4;
Toure Murry;;27:22;5;11;0;2;1;2;0;3;3;6;3;0;2;4;11;
