╔═══════════════╤═══════════════════════╗
║Name		│Travis Outlaw		║
╟───────────────┼───────────────────────╢
║Number		│25			║
╟───────────────┼───────────────────────╢
║Position	│F			║
╟───────────────┼───────────────────────╢
║Height		│6-9			║
╟───────────────┼───────────────────────╢
║Weight		│207			║
╟───────────────┼───────────────────────╢
║Birth		│SEP 18, 1984		║
╟───────────────┼───────────────────────╢
║Age		│29			║
╟───────────────┼───────────────────────╢
║Exp		│10			║
╟───────────────┼───────────────────────╢
║School		│Starkville HS (MS)	║
╚═══════════════╧═══════════════════════╝
Travis Outlaw;;21:12;0;4;0;0;0;0;2;5;7;1;1;0;0;1;0;
Travis Outlaw;;1:28;1;1;0;0;0;0;0;0;0;0;0;0;0;0;2;
Travis Outlaw;;7:07;2;4;2;3;0;0;0;2;2;1;0;1;0;1;6;
Travis Outlaw;;7:36;0;1;0;1;0;0;0;0;0;1;0;2;1;0;0;
Travis Outlaw;;4:07;0;0;0;0;0;0;0;1;1;0;0;0;0;0;0;
Travis Outlaw;;5:31;0;2;0;1;1;2;1;0;1;0;0;0;0;2;1;
Travis Outlaw;;18:47;2;4;1;2;0;0;0;3;3;2;0;1;0;0;5;
Travis Outlaw;;16:42;4;7;0;1;2;2;0;2;2;2;0;0;0;5;10;
Travis Outlaw;F;23:51;3;9;2;3;2;2;2;0;2;0;1;0;0;1;10;
Travis Outlaw;;2:44;1;2;0;1;0;0;0;1;1;0;0;0;0;0;2;
Travis Outlaw;;16:05;0;3;0;1;0;0;0;1;1;0;0;0;1;2;0;
Travis Outlaw;G;33:22;2;7;1;3;0;0;1;3;4;0;0;1;1;3;5;
Travis Outlaw;;2:55;2;3;1;2;0;0;0;0;0;0;0;0;0;0;5;
Travis Outlaw;;33:08;6;11;3;4;3;4;2;3;5;1;2;0;2;1;18;
Travis Outlaw;;13:32;2;3;2;2;0;0;0;2;2;0;0;1;1;3;6;
Travis Outlaw;;1:54;0;0;0;0;0;0;0;0;0;0;0;0;0;0;0;
Travis Outlaw;;8:31;1;3;0;1;0;0;1;2;3;0;0;0;0;1;2;
Travis Outlaw;;2:11;0;1;0;1;0;0;0;0;0;0;0;0;0;0;0;
Travis Outlaw;;12:57;1;5;0;1;1;2;1;1;2;0;0;2;0;1;3;
Travis Outlaw;;23:06;0;6;0;3;0;0;0;6;6;1;0;0;1;5;0;
Travis Outlaw;;15:24;3;4;1;1;0;0;0;3;3;1;0;0;1;1;7;
Travis Outlaw;;6:36;0;3;0;1;0;0;1;1;2;0;0;0;0;0;0;
Travis Outlaw;;24:23;3;7;0;2;0;0;1;0;1;0;0;0;0;3;6;
Travis Outlaw;;29:14;5;9;2;4;1;2;0;3;3;0;0;1;0;2;13;
Travis Outlaw;;14:00;2;6;1;2;0;0;0;0;0;0;0;0;0;3;5;
Travis Outlaw;;27:06;6;11;2;6;1;2;0;0;0;0;0;0;0;4;15;
Travis Outlaw;;31:16;6;13;5;6;0;0;0;4;4;2;0;0;0;2;17;
Travis Outlaw;;20:31;3;7;0;2;0;0;1;0;1;1;1;0;1;4;6;
Travis Outlaw;;16:57;1;6;0;2;0;0;0;1;1;1;2;0;0;1;2;
Travis Outlaw;;32:07;3;8;2;4;3;4;0;7;7;2;0;0;0;2;11;
Travis Outlaw;;26:53;3;6;0;0;0;0;1;2;3;0;0;0;1;1;6;
Travis Outlaw;;23:32;2;5;2;5;0;0;1;3;4;1;0;0;1;0;6;
Travis Outlaw;F;36:40;11;20;1;6;1;2;2;3;5;4;0;0;1;2;24;
Travis Outlaw;F;28:52;2;8;0;2;1;2;0;4;4;3;0;0;1;0;5;
Travis Outlaw;;23:04;3;7;0;1;0;0;0;1;1;3;0;0;0;1;6;
Travis Outlaw;;17:48;1;7;0;2;0;0;0;4;4;4;2;0;1;2;2;
Travis Outlaw;;24:37;5;10;1;3;4;4;0;5;5;2;1;0;1;2;15;
Travis Outlaw;;6:27;2;4;1;1;0;0;1;0;1;0;0;1;1;2;5;
Travis Outlaw;;18:22;1;4;0;1;0;0;2;1;3;1;0;0;1;1;2;
Travis Outlaw;;26:54;4;7;1;2;6;6;2;10;12;1;2;1;0;1;15;
Travis Outlaw;;13:58;0;2;0;1;2;2;1;2;3;1;0;1;1;1;2;
Travis Outlaw;;20:12;4;7;2;2;0;0;0;2;2;0;0;0;0;0;10;
Travis Outlaw;;9:06;0;0;0;0;0;0;1;0;1;1;0;0;0;0;0;
Travis Outlaw;;16:28;2;4;0;1;2;2;0;2;2;0;1;0;0;2;6;
Travis Outlaw;;4:53;0;1;0;1;2;2;0;0;0;0;0;0;0;0;2;
Travis Outlaw;;16:45;6;9;2;2;4;4;2;4;6;1;0;0;0;4;18;
Travis Outlaw;;18:13;2;5;0;1;0;0;3;6;9;0;0;0;3;1;4;
Travis Outlaw;;12:42;2;4;1;2;1;2;0;1;1;1;1;0;0;2;6;
Travis Outlaw;;18:16;3;9;2;5;0;0;1;4;5;2;0;2;0;4;8;
Travis Outlaw;;16:13;3;6;0;2;0;0;0;2;2;0;1;0;0;0;6;
Travis Outlaw;;9:31;0;2;0;1;0;0;0;0;0;1;1;0;0;0;0;
Travis Outlaw;;4:41;1;1;0;0;0;0;1;0;1;0;0;0;0;0;2;
Travis Outlaw;;18:32;2;5;1;4;0;0;0;4;4;1;1;0;1;5;5;
Travis Outlaw;;23:04;2;6;0;2;2;2;1;1;2;1;0;0;0;2;6;
Travis Outlaw;;15:46;2;6;0;2;1;2;1;1;2;0;0;1;0;3;5;
Travis Outlaw;;30:12;3;7;0;2;2;2;0;7;7;0;0;1;0;2;8;
Travis Outlaw;;28:48;1;9;0;1;0;0;0;4;4;0;1;1;1;2;2;
Travis Outlaw;;14:31;0;4;0;1;0;0;0;2;2;0;0;0;0;0;0;
Travis Outlaw;;23:02;2;4;2;3;0;0;0;2;2;1;2;0;0;3;6;
Travis Outlaw;;9:56;0;1;0;0;0;0;2;1;3;1;0;0;0;0;0;
Travis Outlaw;;14:59;2;5;0;1;0;0;1;3;4;1;0;1;2;2;4;
Travis Outlaw;;11:10;0;1;0;0;0;0;0;0;0;1;0;1;0;0;0;
Travis Outlaw;;6:43;0;0;0;0;0;0;0;0;0;0;0;0;1;1;0;
