╔═══════════════╤═══════════════╗
║Name		│Trevor Ariza	║
╟───────────────┼───────────────╢
║Number		│1		║
╟───────────────┼───────────────╢
║Position	│F		║
╟───────────────┼───────────────╢
║Height		│6-8		║
╟───────────────┼───────────────╢
║Weight		│220		║
╟───────────────┼───────────────╢
║Birth		│JUN 30, 1985	║
╟───────────────┼───────────────╢
║Age		│28		║
╟───────────────┼───────────────╢
║Exp		│9		║
╟───────────────┼───────────────╢
║School		│UCLA		║
╚═══════════════╧═══════════════╝
Trevor Ariza;F;33:55;3;14;1;7;1;1;1;3;4;2;2;1;0;3;8;
Trevor Ariza;F;21:08;2;3;2;2;0;0;1;0;1;1;0;0;2;4;6;
Trevor Ariza;F;27:21;1;7;0;5;2;2;0;5;5;0;0;0;2;2;4;
Trevor Ariza;F;23:47;2;6;0;3;0;0;0;3;3;2;1;0;1;2;4;
Trevor Ariza;F;38:09;9;17;2;7;1;1;4;6;10;2;0;0;1;2;21;
Trevor Ariza;F;32:60;3;10;1;5;0;4;2;4;6;5;1;0;2;3;7;
Trevor Ariza;F;44:59;7;16;3;9;6;7;2;12;14;2;5;0;2;4;23;
Trevor Ariza;F;39:20;5;10;3;6;3;4;2;7;9;4;1;0;1;4;16;
Trevor Ariza;F;35:27;4;7;2;4;0;0;0;4;4;5;2;0;2;0;10;
Trevor Ariza;F;32:36;2;5;0;2;0;0;0;8;8;3;2;1;2;0;4;
Trevor Ariza;F;40:18;1;7;1;4;4;4;1;7;8;7;3;0;1;4;7;
Trevor Ariza;F;34:50;4;12;1;7;4;4;1;6;7;5;1;0;0;3;13;
Trevor Ariza;F;42:48;5;8;4;6;0;0;0;2;2;2;3;1;2;3;14;
Trevor Ariza;F;35:43;6;14;3;8;8;8;1;6;7;2;4;0;2;1;23;
Trevor Ariza;F;35:02;8;14;6;10;1;2;0;5;5;1;0;0;1;3;23;
Trevor Ariza;F;38:18;3;9;1;3;2;4;2;9;11;2;3;0;2;0;9;
Trevor Ariza;F;37:19;6;16;0;6;1;1;2;1;3;6;1;0;3;3;13;
Trevor Ariza;F;39:15;7;15;3;7;1;1;1;5;6;2;2;1;1;4;18;
Trevor Ariza;F;38:38;7;12;4;7;2;2;0;5;5;4;0;0;0;0;20;
Trevor Ariza;F;40:22;5;11;1;4;4;4;2;8;10;2;0;0;2;4;15;
Trevor Ariza;F;37:54;5;9;2;5;2;2;1;5;6;3;3;0;2;4;14;
Trevor Ariza;F;37:41;2;11;1;4;3;5;2;3;5;2;4;1;1;2;8;
Trevor Ariza;F;38:41;2;7;1;6;5;6;0;4;4;0;1;1;2;1;10;
Trevor Ariza;F;41:56;11;20;10;14;0;0;2;9;11;3;3;1;2;6;32;
Trevor Ariza;F;37:44;2;8;0;2;2;2;4;7;11;2;4;1;2;1;6;
Trevor Ariza;F;36:10;7;12;5;8;0;0;3;6;9;2;0;0;0;1;19;
Trevor Ariza;F;34:05;2;5;0;1;0;0;1;8;9;2;1;1;4;1;4;
Trevor Ariza;F;34:43;6;10;3;6;0;0;1;9;10;2;1;1;1;1;15;
Trevor Ariza;F;32:19;7;10;5;5;3;3;0;3;3;4;3;0;2;2;22;
Trevor Ariza;F;40:51;5;11;2;5;2;2;2;5;7;1;1;0;0;3;14;
Trevor Ariza;F;35:40;14;23;8;12;4;5;1;1;2;3;4;1;2;1;40;
Trevor Ariza;F;38:35;5;9;4;6;1;2;2;5;7;3;1;0;1;5;15;
Trevor Ariza;F;36:25;9;14;4;6;4;4;1;4;5;1;1;0;1;2;26;
Trevor Ariza;F;37:56;9;12;5;7;5;9;2;5;7;2;0;0;2;4;28;
Trevor Ariza;F;30:06;2;11;1;7;1;1;2;3;5;1;2;0;5;4;6;
Trevor Ariza;F;32:23;3;9;1;6;0;0;1;2;3;2;0;0;4;3;7;
Trevor Ariza;F;43:56;6;16;4;8;5;6;3;8;11;5;1;0;2;2;21;
Trevor Ariza;F;36:13;3;8;0;5;3;3;2;6;8;1;0;0;2;0;9;
Trevor Ariza;F;37:46;5;13;2;8;0;0;2;1;3;4;3;0;1;5;12;
Trevor Ariza;F;32:07;6;9;3;4;0;0;1;8;9;2;1;1;0;3;15;
Trevor Ariza;F;32:45;3;7;2;5;4;4;0;7;7;1;2;0;4;2;12;
Trevor Ariza;F;34:30;8;13;1;3;1;2;3;3;6;2;1;0;4;2;18;
Trevor Ariza;F;40:19;6;14;1;4;1;2;1;7;8;4;1;0;3;0;14;
Trevor Ariza;F;34:04;2;12;1;5;6;6;2;3;5;4;1;0;0;2;11;
Trevor Ariza;F;34:03;4;6;1;2;4;4;0;5;5;0;1;0;1;2;13;
Trevor Ariza;F;29:55;4;9;3;5;0;0;0;2;2;1;0;0;1;1;11;
Trevor Ariza;F;28:38;7;13;3;6;1;1;1;6;7;0;1;0;0;2;18;
Trevor Ariza;F;35:42;3;9;1;5;3;5;1;3;4;1;0;0;1;3;10;
Trevor Ariza;F;29:42;1;9;0;3;0;0;3;4;7;0;2;1;1;1;2;
Trevor Ariza;F;39:21;0;6;0;4;0;2;0;5;5;2;2;0;2;3;0;
Trevor Ariza;F;27:29;3;10;0;4;2;2;1;2;3;2;1;0;0;2;8;
Trevor Ariza;F;29:23;5;7;2;4;1;2;0;5;5;4;0;0;2;2;13;
Trevor Ariza;F;31:45;10;13;5;8;0;2;1;2;3;2;3;0;1;1;25;
Trevor Ariza;F;29:49;6;12;0;5;1;1;0;6;6;2;0;0;1;3;13;
Trevor Ariza;F;37:38;8;14;6;11;6;8;1;9;10;3;1;0;2;4;28;
Trevor Ariza;F;39:14;5;15;1;7;1;2;5;9;14;6;2;0;2;3;12;
Trevor Ariza;F;30:27;4;16;3;9;2;2;4;3;7;0;2;0;3;4;13;
Trevor Ariza;F;34:52;5;10;3;4;2;2;0;6;6;3;3;0;2;2;15;
Trevor Ariza;F;43:36;2;8;1;5;0;0;0;1;1;3;3;0;3;1;5;
Trevor Ariza;F;40:49;7;13;1;2;0;5;1;4;5;2;0;0;1;3;15;
Trevor Ariza;F;37:19;10;17;5;11;2;3;2;5;7;0;4;0;4;2;27;
Trevor Ariza;F;17:11;1;4;0;1;1;2;1;2;3;1;2;0;0;2;3;
Trevor Ariza;G;32:19;6;14;1;7;0;0;3;4;7;3;3;0;2;2;13;
Trevor Ariza;G;41:48;5;11;2;6;2;4;0;1;1;3;3;0;3;2;14;
Trevor Ariza;G;33:43;6;14;2;6;0;0;0;4;4;0;1;2;2;1;14;
Trevor Ariza;G;37:47;7;10;5;6;5;5;0;3;3;3;1;0;1;2;24;
Trevor Ariza;G;30:52;8;9;4;4;4;4;1;5;6;2;1;0;3;1;24;
Trevor Ariza;G;46:10;6;12;5;10;5;6;0;12;12;4;4;2;3;3;22;
Trevor Ariza;G;38:26;6;19;2;9;0;0;2;5;7;4;2;0;1;0;14;
Trevor Ariza;F;32:55;4;7;1;2;1;2;2;4;6;1;1;0;1;1;10;
Trevor Ariza;G;40:37;3;10;1;5;4;5;1;2;3;5;2;2;2;3;11;
Trevor Ariza;F;33:02;4;6;1;2;1;1;0;5;5;2;0;0;2;3;10;
Trevor Ariza;F;35:57;6;13;3;8;0;0;1;2;3;3;1;1;2;1;15;
Trevor Ariza;F;35:19;9;18;5;8;4;4;2;6;8;2;1;0;2;3;27;
Trevor Ariza;F;24:01;3;9;2;5;2;2;0;2;2;2;0;0;1;2;10;
Trevor Ariza;F;25:56;5;11;4;6;1;2;2;3;5;6;3;0;2;1;15;
Trevor Ariza;F;35:35;5;11;3;7;2;2;3;8;11;4;6;0;1;3;15;
