╔═══════════════╤═══════════════╗
║Name		│Trevor Booker	║
╟───────────────┼───────────────╢
║Number		│35		║
╟───────────────┼───────────────╢
║Position	│F		║
╟───────────────┼───────────────╢
║Height		│6-8		║
╟───────────────┼───────────────╢
║Weight		│235		║
╟───────────────┼───────────────╢
║Birth		│NOV 25, 1987	║
╟───────────────┼───────────────╢
║Age		│26		║
╟───────────────┼───────────────╢
║Exp		│3		║
╟───────────────┼───────────────╢
║School		│Clemson	║
╚═══════════════╧═══════════════╝
Trevor Booker;F;30:02;5;9;0;0;0;0;7;12;19;1;1;1;1;0;10;
Trevor Booker;F;31:44;4;7;0;0;0;0;5;8;13;2;2;0;2;4;8;
Trevor Booker;F;24:04;4;6;0;0;0;0;1;5;6;0;0;0;0;4;8;
Trevor Booker;F;22:19;5;8;0;0;2;2;1;7;8;1;1;1;0;0;12;
Trevor Booker;F;15:37;1;2;0;0;0;0;1;3;4;1;0;0;0;3;2;
Trevor Booker;F;17:56;1;4;0;0;1;4;1;4;5;0;1;0;3;3;3;
Trevor Booker;F;17:59;4;5;0;0;0;0;3;1;4;0;0;1;0;3;8;
Trevor Booker;;23:31;3;6;0;0;0;1;0;2;2;0;0;0;2;2;6;
Trevor Booker;;28:35;5;5;0;0;3;4;4;7;11;2;1;0;0;1;13;
Trevor Booker;;26:08;6;9;0;0;0;0;3;4;7;0;1;0;1;1;12;
Trevor Booker;;6:24;0;0;0;0;0;0;0;0;0;1;0;0;0;1;0;
Trevor Booker;;20:18;4;6;0;0;1;1;5;3;8;2;0;0;0;3;9;
Trevor Booker;;22:17;3;7;0;0;0;0;6;1;7;0;0;0;1;2;6;
Trevor Booker;;14:54;1;4;0;0;0;0;3;1;4;1;0;0;0;0;2;
Trevor Booker;;22:56;4;7;0;0;0;0;4;2;6;0;0;0;0;2;8;
Trevor Booker;;17:46;3;6;0;1;0;2;0;5;5;0;0;0;2;2;6;
Trevor Booker;;23:28;1;4;0;0;0;0;2;4;6;1;0;0;2;1;2;
Trevor Booker;;25:23;5;7;0;0;0;0;1;5;6;0;0;2;0;1;10;
Trevor Booker;;7:39;0;1;0;0;0;0;0;0;0;1;0;0;0;1;0;
Trevor Booker;;4:48;0;0;0;0;0;0;0;0;0;0;0;0;0;1;0;
Trevor Booker;;9:30;0;4;0;0;1;2;1;2;3;0;0;0;0;0;1;
Trevor Booker;;19:30;3;3;0;0;0;0;1;2;3;2;1;0;1;1;6;
Trevor Booker;;14:08;5;6;0;0;0;0;1;0;1;0;0;1;2;2;10;
Trevor Booker;;24:21;6;8;0;0;0;0;0;2;2;1;4;1;0;2;12;
Trevor Booker;;14:48;0;3;0;0;0;0;0;1;1;1;0;0;0;3;0;
Trevor Booker;;7:41;1;2;0;0;0;0;1;0;1;0;0;0;0;0;2;
Trevor Booker;F;30:10;1;5;0;0;1;2;3;4;7;1;2;2;4;2;3;
Trevor Booker;F;20:24;2;5;0;0;1;2;3;4;7;0;0;1;2;2;5;
Trevor Booker;F;29:21;6;7;0;0;2;2;0;7;7;2;0;2;0;1;14;
Trevor Booker;F;37:14;7;13;0;0;1;2;3;4;7;0;0;1;1;2;15;
Trevor Booker;F;15:55;1;1;0;0;2;2;2;2;4;1;1;0;1;2;4;
Trevor Booker;F;27:12;1;2;0;0;2;4;1;5;6;1;0;1;0;2;4;
Trevor Booker;F;21:12;3;8;0;0;0;0;2;2;4;0;0;1;0;1;6;
Trevor Booker;F;24:27;0;2;0;0;0;0;2;2;4;0;0;1;1;2;0;
Trevor Booker;F;39:32;5;9;0;0;1;2;4;7;11;1;1;1;2;0;11;
Trevor Booker;F;22:38;3;7;0;0;0;1;3;0;3;0;0;2;2;0;6;
Trevor Booker;F;26:28;4;6;0;0;2;2;2;6;8;1;2;1;1;3;10;
Trevor Booker;F;22:57;5;7;0;0;0;0;3;3;6;2;0;1;0;1;10;
Trevor Booker;F;14:30;4;6;0;0;2;3;1;2;3;1;2;1;1;4;10;
Trevor Booker;F;23:56;2;6;0;0;0;0;2;6;8;2;1;2;1;3;4;
Trevor Booker;F;16:02;1;4;0;0;0;0;1;1;2;1;0;0;0;1;2;
Trevor Booker;F;19:29;3;3;0;0;0;0;1;3;4;0;0;0;1;3;6;
Trevor Booker;F;16:26;0;4;0;0;0;0;3;2;5;0;1;1;2;2;0;
Trevor Booker;F;19:48;2;5;0;0;0;0;1;1;2;1;2;1;0;1;4;
Trevor Booker;F;24:39;3;5;0;0;4;6;1;4;5;1;0;1;1;1;10;
Trevor Booker;F;29:28;2;4;0;0;0;0;2;4;6;2;1;0;0;2;4;
Trevor Booker;F;26:37;3;9;0;0;0;0;1;4;5;1;0;2;1;2;6;
Trevor Booker;F;30:22;4;5;0;0;8;8;1;1;2;1;2;5;0;1;16;
Trevor Booker;F;28:04;7;10;0;0;0;0;1;2;3;0;0;1;1;0;14;
Trevor Booker;F;24:49;5;7;0;0;1;1;1;0;1;1;2;0;2;3;11;
Trevor Booker;F;21:23;4;4;0;0;0;2;0;2;2;1;2;0;1;0;8;
Trevor Booker;F;26:10;9;13;0;0;2;3;1;2;3;2;0;0;0;3;20;
Trevor Booker;F;20:17;1;3;0;0;0;0;4;1;5;3;0;0;1;3;2;
Trevor Booker;F;28:18;5;7;0;0;0;0;3;5;8;2;2;1;2;1;10;
Trevor Booker;F;22:03;4;6;0;0;0;1;3;3;6;0;2;0;2;3;8;
Trevor Booker;;4:38;0;1;0;1;0;0;0;0;0;0;0;0;0;0;0;
Trevor Booker;;6:26;1;3;0;0;0;0;1;0;1;1;0;0;0;1;2;
Trevor Booker;;10:55;1;2;0;0;0;0;2;1;3;0;1;0;0;2;2;
Trevor Booker;;3:58;1;2;0;0;0;0;0;0;0;0;0;0;0;1;2;
Trevor Booker;;3:56;0;1;0;0;0;0;1;0;1;0;0;0;0;0;0;
Trevor Booker;;25:04;2;5;0;0;0;1;0;8;8;3;1;1;0;4;4;
Trevor Booker;;14:23;3;6;0;0;0;0;2;3;5;1;1;0;2;0;6;
Trevor Booker;;25:43;3;6;0;0;3;6;4;5;9;2;0;1;0;2;9;
Trevor Booker;F;32:40;5;11;0;0;2;2;5;7;12;1;0;2;2;3;12;
Trevor Booker;F;44:09;12;19;0;0;0;1;2;12;14;2;1;1;1;3;24;
Trevor Booker;F;26:33;6;11;0;0;0;0;2;5;7;0;0;0;0;5;12;
Trevor Booker;F;32:16;3;3;0;0;0;0;2;2;4;1;0;1;2;4;6;
Trevor Booker;F;24:10;2;8;0;0;3;4;9;4;13;3;2;1;1;2;7;
Trevor Booker;F;13:59;0;2;0;0;0;0;1;2;3;1;0;0;0;2;0;
Trevor Booker;F;26:45;5;7;0;0;0;0;4;5;9;0;0;1;2;3;10;
Trevor Booker;F;31:46;5;8;0;0;0;0;5;4;9;4;0;1;1;2;10;
Trevor Booker;F;22:00;2;6;0;0;2;3;3;2;5;0;0;0;0;3;6;
