╔═══════════════╤═══════════════╗
║Name		│Trey Burke	║
╟───────────────┼───────────────╢
║Number		│3		║
╟───────────────┼───────────────╢
║Position	│G		║
╟───────────────┼───────────────╢
║Height		│6-1		║
╟───────────────┼───────────────╢
║Weight		│190		║
╟───────────────┼───────────────╢
║Birth		│NOV 12, 1992	║
╟───────────────┼───────────────╢
║Age		│21		║
╟───────────────┼───────────────╢
║Exp		│R		║
╟───────────────┼───────────────╢
║School		│Michigan	║
╚═══════════════╧═══════════════╝
Trey Burke;G;28:13;3;9;1;4;4;4;1;4;5;4;1;0;3;2;11;
Trey Burke;G;33:19;3;15;0;8;0;0;0;3;3;9;0;0;1;2;6;
Trey Burke;G;37:00;4;12;1;4;1;2;0;6;6;6;2;0;3;2;10;
Trey Burke;G;32:21;7;15;2;5;1;1;1;1;2;6;2;0;2;4;17;
Trey Burke;G;36:01;6;12;3;4;3;4;0;2;2;8;0;0;2;3;18;
Trey Burke;G;31:33;7;19;2;3;1;1;1;2;3;11;0;0;2;5;17;
Trey Burke;G;37:03;8;17;1;5;3;4;0;3;3;12;2;1;7;0;20;
Trey Burke;G;27:28;2;10;2;6;3;3;0;3;3;2;0;1;3;3;9;
Trey Burke;G;29:08;4;10;1;3;0;0;0;2;2;5;0;1;2;2;9;
Trey Burke;G;38:20;4;12;4;5;0;0;0;3;3;8;0;0;2;1;12;
Trey Burke;G;25:43;3;10;1;5;1;1;0;1;1;4;0;0;0;2;8;
Trey Burke;G;22:25;2;10;0;3;0;0;0;3;3;6;0;0;1;6;4;
Trey Burke;G;33:36;2;13;2;8;0;0;1;1;2;5;0;0;1;2;6;
Trey Burke;G;34:59;4;14;0;4;0;0;3;3;6;3;0;0;4;1;8;
Trey Burke;G;33:36;5;15;3;9;0;0;0;1;1;5;0;0;1;1;13;
Trey Burke;G;26:60;5;11;3;8;0;0;0;1;1;3;0;0;1;3;13;
Trey Burke;G;28:49;3;11;1;3;1;1;1;3;4;8;1;0;1;1;8;
Trey Burke;G;29:13;3;12;1;4;0;0;1;1;2;2;0;0;1;2;7;
Trey Burke;G;30:40;6;12;2;7;0;0;0;3;3;10;0;0;1;1;14;
Trey Burke;G;32:48;8;16;3;5;2;2;2;4;6;7;1;0;2;2;21;
Trey Burke;G;35:18;7;19;2;9;0;0;0;3;3;6;2;1;0;3;16;
Trey Burke;G;36:00;5;16;2;5;0;0;1;4;5;3;0;0;1;3;12;
Trey Burke;G;27:35;4;6;2;3;0;0;0;1;1;2;0;0;2;3;10;
Trey Burke;G;23:04;2;9;0;3;0;0;0;5;5;3;1;0;1;2;4;
Trey Burke;G;34:05;5;9;2;3;4;4;0;4;4;5;1;0;2;1;16;
Trey Burke;G;30:27;2;7;2;5;1;2;1;2;3;5;0;0;2;3;7;
Trey Burke;G;35:36;5;14;2;6;2;2;1;3;4;3;0;0;3;2;14;
Trey Burke;G;36:38;2;12;0;8;0;0;1;3;4;4;0;0;2;0;4;
Trey Burke;G;23:48;2;9;0;4;3;3;1;3;4;8;0;0;1;5;7;
Trey Burke;G;38:15;9;15;5;8;0;0;1;1;2;4;0;0;1;1;23;
Trey Burke;G;35:23;8;18;3;9;1;1;0;1;1;6;0;0;0;0;20;
Trey Burke;G;35:18;7;10;2;3;2;2;0;2;2;4;1;0;3;2;18;
Trey Burke;G;29:49;6;12;1;2;0;0;0;0;0;5;2;0;0;0;13;
Trey Burke;G;36:04;4;13;1;2;1;1;0;3;3;5;1;0;2;2;10;
Trey Burke;G;33:54;6;14;3;4;1;1;0;2;2;6;0;0;4;4;16;
Trey Burke;G;38:30;5;15;3;7;4;6;1;1;2;4;1;0;3;4;17;
Trey Burke;G;35:43;6;15;0;4;3;4;1;3;4;2;1;0;2;1;15;
Trey Burke;G;34:34;5;14;0;5;1;2;0;1;1;10;0;0;3;2;11;
Trey Burke;G;38:30;3;8;1;4;5;5;0;2;2;6;3;0;2;5;12;
Trey Burke;G;28:58;1;7;0;3;0;0;0;0;0;3;0;0;0;2;2;
Trey Burke;G;31:16;2;8;1;2;0;0;1;3;4;3;0;0;3;3;5;
Trey Burke;G;32:51;3;7;0;1;0;0;0;1;1;8;2;0;2;3;6;
Trey Burke;G;40:12;10;21;2;5;2;2;1;3;4;15;1;0;3;1;24;
Trey Burke;G;31:14;2;8;0;5;0;0;1;1;2;5;0;0;0;2;4;
Trey Burke;G;40:13;5;16;4;6;0;0;1;2;3;11;0;0;0;1;14;
Trey Burke;G;38:25;5;13;1;5;1;1;0;3;3;8;0;0;0;0;12;
Trey Burke;G;36:46;8;22;1;9;0;0;1;0;1;7;1;0;4;3;17;
Trey Burke;G;43:21;9;19;1;3;4;4;3;3;6;8;1;0;3;3;23;
Trey Burke;;12:00;5;8;1;2;0;0;0;1;1;1;1;0;0;2;11;
Trey Burke;;19:36;2;8;0;4;1;1;1;4;5;3;0;0;2;1;5;
Trey Burke;G;20:11;2;9;0;2;0;0;0;2;2;4;0;0;1;0;4;
Trey Burke;G;34:13;5;17;2;5;2;2;0;6;6;4;1;0;5;3;14;
Trey Burke;G;25:25;6;14;1;4;0;0;0;1;1;3;1;0;0;2;13;
Trey Burke;G;32:12;6;15;4;6;4;4;2;4;6;3;2;0;1;4;20;
Trey Burke;G;36:48;9;18;3;6;0;0;0;3;3;6;1;0;0;1;21;
Trey Burke;G;38:49;5;12;2;2;1;2;0;2;2;9;1;0;1;1;13;
Trey Burke;G;16:21;3;9;0;1;1;2;0;0;0;1;0;0;0;1;7;
Trey Burke;G;44:08;5;19;2;8;7;7;1;9;10;7;2;0;4;3;19;
Trey Burke;G;34:32;5;12;1;2;4;4;1;5;6;5;1;1;2;0;15;
Trey Burke;G;21:27;4;8;1;4;2;2;0;2;2;9;1;0;0;5;11;
Trey Burke;G;36:43;3;12;1;5;3;3;0;2;2;10;0;0;1;0;10;
Trey Burke;G;32:08;9;18;1;4;1;2;0;2;2;5;0;0;2;2;20;
Trey Burke;G;30:57;1;8;1;4;0;0;1;1;2;4;0;0;1;2;3;
Trey Burke;G;40:28;12;20;4;8;2;2;1;6;7;8;1;0;2;0;30;
Trey Burke;G;20:27;1;8;0;3;0;0;1;2;3;3;0;0;1;3;2;
Trey Burke;G;26:23;7;16;4;8;2;2;1;2;3;4;0;0;0;2;20;
Trey Burke;G;35:40;5;12;2;6;6;6;0;1;1;5;0;0;3;1;18;
Trey Burke;G;34:33;6;10;2;4;0;0;0;1;1;7;1;0;7;2;14;
Trey Burke;G;37:35;4;14;1;5;3;3;0;2;2;6;1;0;6;2;12;
Trey Burke;G;36:00;8;17;3;6;2;2;1;2;3;5;1;1;1;2;21;
