╔═══════════════╤═══════════════════════╗
║Name		│Tristan Thompson	║
╟───────────────┼───────────────────────╢
║Number		│13			║
╟───────────────┼───────────────────────╢
║Position	│F			║
╟───────────────┼───────────────────────╢
║Height		│6-9			║
╟───────────────┼───────────────────────╢
║Weight		│238			║
╟───────────────┼───────────────────────╢
║Birth		│MAR 13, 1991		║
╟───────────────┼───────────────────────╢
║Age		│23			║
╟───────────────┼───────────────────────╢
║Exp		│2			║
╟───────────────┼───────────────────────╢
║School		│Texas			║
╚═══════════════╧═══════════════════════╝
Tristan Thompson;F;40:39;6;13;0;0;4;8;3;7;10;2;0;0;1;2;16;
Tristan Thompson;F;36:01;3;8;0;0;3;4;5;4;9;3;1;0;3;2;9;
Tristan Thompson;F;35:28;4;10;0;0;5;5;2;8;10;1;0;0;1;4;13;
Tristan Thompson;F;29:07;5;11;0;0;2;4;5;5;10;1;1;0;3;0;12;
Tristan Thompson;F;34:52;9;12;0;0;0;0;5;10;15;2;0;0;1;3;18;
Tristan Thompson;F;23:58;2;5;0;0;2;2;0;3;3;0;0;1;0;1;6;
Tristan Thompson;F;37:18;6;15;0;0;3;6;4;9;13;0;1;1;1;3;15;
Tristan Thompson;F;38:17;4;8;0;0;2;2;3;7;10;0;0;0;1;3;10;
Tristan Thompson;F;37:16;8;9;0;0;4;6;3;7;10;0;1;2;3;1;20;
Tristan Thompson;F;39:23;6;11;0;0;7;10;8;2;10;0;0;1;2;4;19;
Tristan Thompson;F;36:43;3;14;0;0;0;1;5;2;7;3;1;1;0;2;6;
Tristan Thompson;F;24:25;6;12;0;0;2;6;5;5;10;1;0;0;1;0;14;
Tristan Thompson;F;38:50;6;9;0;0;5;7;4;9;13;0;0;0;2;3;17;
Tristan Thompson;F;31:47;2;10;0;0;1;4;2;3;5;1;0;0;1;2;5;
Tristan Thompson;F;22:28;1;5;0;0;0;0;0;2;2;1;0;0;2;5;2;
Tristan Thompson;F;35:22;2;6;0;0;2;2;3;4;7;1;0;0;0;0;6;
Tristan Thompson;F;38:46;5;10;0;0;7;8;3;5;8;1;0;2;0;4;17;
Tristan Thompson;F;20:27;4;8;0;0;5;8;5;3;8;1;0;0;1;2;13;
Tristan Thompson;F;35:42;5;10;0;0;0;0;1;7;8;1;2;0;4;3;10;
Tristan Thompson;F;29:09;2;8;0;0;0;2;0;3;3;2;1;1;1;5;4;
Tristan Thompson;F;30:04;5;10;0;0;6;8;6;7;13;1;2;0;1;3;16;
Tristan Thompson;F;34:07;12;16;0;0;1;3;6;9;15;1;0;0;0;3;25;
Tristan Thompson;F;26:22;4;9;0;0;4;4;3;7;10;3;2;0;1;3;12;
Tristan Thompson;F;39:15;5;9;0;0;6;9;1;13;14;0;1;0;3;3;16;
Tristan Thompson;F;33:45;6;10;0;0;1;3;3;6;9;0;0;0;2;2;13;
Tristan Thompson;F;31:44;4;9;0;0;3;5;4;8;12;0;0;0;4;2;11;
Tristan Thompson;F;30:41;4;10;0;0;5;6;3;6;9;2;0;0;0;1;13;
Tristan Thompson;F;36:23;4;6;0;0;3;3;3;8;11;5;1;1;1;2;11;
Tristan Thompson;F;32:35;9;13;0;0;0;0;6;8;14;2;0;0;1;0;18;
Tristan Thompson;F;29:19;8;10;0;0;2;3;1;7;8;0;0;0;2;0;18;
Tristan Thompson;F;29:48;2;8;0;0;1;2;2;8;10;0;0;0;0;3;5;
Tristan Thompson;F;31:16;5;9;0;0;0;0;3;5;8;0;0;0;0;0;10;
Tristan Thompson;F;36:52;3;8;0;0;2;2;1;3;4;1;2;1;0;2;8;
Tristan Thompson;F;30:52;3;7;0;0;7;10;2;5;7;1;0;0;1;3;13;
Tristan Thompson;F;26:01;1;7;0;0;2;2;1;4;5;1;1;2;2;4;4;
Tristan Thompson;F;19:46;1;6;0;0;0;1;0;1;1;0;0;0;0;3;2;
Tristan Thompson;F;21:10;3;4;0;0;4;6;1;3;4;0;1;0;2;3;10;
Tristan Thompson;F;31:32;2;8;0;0;1;2;3;7;10;0;0;0;0;3;5;
Tristan Thompson;F;25:12;4;8;0;0;2;2;3;9;12;1;1;0;0;5;10;
Tristan Thompson;F;27:52;3;5;0;0;3;4;1;3;4;1;2;1;1;2;9;
Tristan Thompson;F;27:12;3;4;0;0;9;10;4;9;13;0;0;1;2;5;15;
Tristan Thompson;F;21:42;0;3;0;0;6;10;3;3;6;0;0;0;2;0;6;
Tristan Thompson;F;24:50;7;10;0;0;0;0;1;4;5;0;1;0;0;2;14;
Tristan Thompson;F;30:22;4;10;0;0;4;4;6;10;16;1;2;0;1;3;12;
Tristan Thompson;F;32:28;6;10;0;0;8;8;5;6;11;0;2;1;0;4;20;
Tristan Thompson;F;24:02;2;3;0;0;4;4;1;2;3;0;0;0;1;5;8;
Tristan Thompson;F;30:13;2;8;0;0;0;0;2;10;12;3;1;0;1;1;4;
Tristan Thompson;F;24:04;5;6;0;0;0;1;1;3;4;0;0;2;1;0;10;
Tristan Thompson;F;34:53;5;8;0;0;8;10;5;5;10;2;0;1;0;3;18;
Tristan Thompson;F;32:55;6;12;0;0;2;3;4;6;10;1;0;1;1;2;14;
Tristan Thompson;F;26:52;5;9;0;0;1;1;5;5;10;1;0;1;0;0;11;
Tristan Thompson;F;34:51;8;13;0;0;2;4;3;6;9;0;0;0;1;2;18;
Tristan Thompson;F;34:40;6;11;0;0;9;10;4;7;11;0;1;1;4;5;21;
Tristan Thompson;F;35:28;1;5;0;0;0;0;1;3;4;0;0;0;1;1;2;
Tristan Thompson;F;37:26;5;13;0;0;2;3;3;8;11;1;1;0;6;3;12;
Tristan Thompson;F;34:59;1;5;0;0;3;4;3;4;7;0;2;0;2;1;5;
Tristan Thompson;F;35:20;5;15;0;0;3;4;9;7;16;0;0;2;2;4;13;
Tristan Thompson;F;43:39;6;10;0;0;7;8;6;4;10;0;1;2;0;3;19;
Tristan Thompson;F;38:30;6;11;0;0;2;4;4;9;13;0;1;1;1;4;14;
Tristan Thompson;F;23:59;3;7;0;0;4;5;2;4;6;2;0;0;1;3;10;
Tristan Thompson;F;40:13;6;15;0;0;3;6;4;6;10;1;2;0;1;2;15;
Tristan Thompson;F;32:26;6;11;0;0;3;3;3;9;12;0;2;2;1;3;15;
Tristan Thompson;F;23:31;0;5;0;0;2;2;2;2;4;0;0;0;2;1;2;
Tristan Thompson;F;22:46;6;10;0;0;0;0;3;5;8;1;1;0;1;1;12;
Tristan Thompson;F;26:34;1;8;0;0;3;4;3;6;9;2;0;0;1;2;5;
Tristan Thompson;F;23:22;1;6;0;0;2;4;3;8;11;1;0;0;1;0;4;
Tristan Thompson;F;25:19;1;6;0;0;0;0;3;4;7;0;0;0;0;0;2;
Tristan Thompson;F;36:27;4;7;0;1;6;8;2;12;14;2;0;0;2;2;14;
Tristan Thompson;F;34:29;6;13;0;0;5;6;9;12;21;1;0;3;2;0;17;
Tristan Thompson;F;34:56;4;9;0;0;1;2;3;8;11;1;1;0;0;1;9;
Tristan Thompson;F;40:18;7;15;0;0;6;11;5;8;13;4;2;1;0;3;20;
Tristan Thompson;F;29:47;5;8;0;0;2;2;4;5;9;1;0;0;0;3;12;
Tristan Thompson;F;27:57;3;7;0;0;0;0;1;6;7;0;0;0;2;0;6;
Tristan Thompson;F;25:41;6;14;0;0;4;7;2;5;7;1;1;0;1;2;16;
Tristan Thompson;F;33:36;7;11;0;0;1;4;4;3;7;2;0;0;3;1;15;
Tristan Thompson;F;28:47;4;12;0;0;2;3;9;6;15;0;0;0;1;5;10;
Tristan Thompson;F;24:16;5;12;0;0;0;0;3;4;7;1;0;0;1;2;10;
Tristan Thompson;F;29:36;6;10;0;0;5;9;3;3;6;1;0;0;0;2;17;
Tristan Thompson;F;41:46;6;11;0;0;5;7;2;4;6;1;0;2;2;4;17;
Tristan Thompson;F;26:12;3;5;0;0;1;2;2;5;7;0;0;0;4;3;7;
Tristan Thompson;F;39:58;8;14;0;0;1;1;4;8;12;1;0;0;5;2;17;
Tristan Thompson;F;36:51;3;11;0;0;1;4;4;9;13;0;0;0;2;2;7;
