╔═══════════════╤═══════════════╗
║Name		│Ty Lawson	║
╟───────────────┼───────────────╢
║Number		│3		║
╟───────────────┼───────────────╢
║Position	│G		║
╟───────────────┼───────────────╢
║Height		│5-11		║
╟───────────────┼───────────────╢
║Weight		│195		║
╟───────────────┼───────────────╢
║Birth		│NOV 03, 1987	║
╟───────────────┼───────────────╢
║Age		│26		║
╟───────────────┼───────────────╢
║Exp		│4		║
╟───────────────┼───────────────╢
║School		│North Carolina	║
╚═══════════════╧═══════════════╝
Ty Lawson;G;40:46;4;13;1;5;6;7;1;5;6;11;1;1;4;2;15;
Ty Lawson;G;36:40;6;12;1;4;5;6;1;3;4;12;3;1;5;2;18;
Ty Lawson;G;41:17;7;18;2;7;4;4;1;3;4;12;1;1;4;1;20;
Ty Lawson;G;33:23;5;10;1;4;8;9;2;2;4;13;1;0;4;1;19;
Ty Lawson;G;40:07;6;15;2;4;2;2;1;6;7;14;3;0;1;1;16;
Ty Lawson;G;30:26;6;11;4;5;0;2;0;0;0;8;0;0;2;1;16;
Ty Lawson;G;43:51;6;18;0;3;11;15;1;1;2;11;2;0;5;2;23;
Ty Lawson;G;43:08;6;14;1;3;9;12;0;2;2;11;3;1;3;2;22;
Ty Lawson;G;39:55;5;16;2;6;7;7;1;3;4;11;2;0;2;2;19;
Ty Lawson;G;40:33;6;14;0;3;5;6;1;3;4;14;1;0;3;4;17;
Ty Lawson;G;37:38;3;11;0;2;7;9;0;2;2;11;2;0;3;4;13;
Ty Lawson;G;32:07;6;11;0;1;0;0;0;3;3;10;1;0;1;0;12;
Ty Lawson;G;35:17;9;15;1;1;8;10;0;3;3;6;2;0;2;2;27;
Ty Lawson;G;44:47;10;19;1;4;6;8;2;4;6;4;3;0;5;1;27;
Ty Lawson;G;37:08;6;14;1;2;5;6;1;6;7;13;0;0;4;3;18;
Ty Lawson;G;39:22;9;17;0;3;6;6;0;1;1;7;1;0;3;1;24;
Ty Lawson;G;19:21;2;7;0;1;2;2;0;3;3;7;1;0;3;0;6;
Ty Lawson;G;40:16;11;16;3;4;6;7;2;2;4;11;4;0;4;6;31;
Ty Lawson;G;35:26;5;12;2;5;8;9;2;4;6;7;2;0;2;1;20;
Ty Lawson;G;40:44;12;22;5;7;1;3;2;2;4;17;0;0;4;3;30;
Ty Lawson;G;43:43;3;12;0;3;9;11;0;0;0;12;2;0;6;2;15;
Ty Lawson;G;40:22;9;19;2;6;4;6;0;3;3;6;1;1;4;3;24;
Ty Lawson;G;30:40;6;14;2;5;3;3;0;3;3;12;1;0;1;1;17;
Ty Lawson;G;38:27;2;7;0;1;9;10;1;4;5;9;4;0;6;1;13;
Ty Lawson;G;37:48;0;12;0;3;2;4;2;7;9;11;2;0;2;2;2;
Ty Lawson;G;38:10;5;9;3;5;6;6;1;2;3;5;4;0;6;2;19;
Ty Lawson;G;38:18;6;12;3;5;2;3;0;1;1;9;0;0;7;1;17;
Ty Lawson;G;34:10;4;11;0;1;1;2;1;3;4;8;4;0;2;1;9;
Ty Lawson;G;32:51;5;11;2;4;13;16;0;3;3;7;2;0;4;2;25;
Ty Lawson;G;34:36;2;8;0;1;3;4;1;3;4;7;1;0;5;2;7;
Ty Lawson;G;28:36;5;11;0;1;3;5;0;1;1;5;4;0;1;3;13;
Ty Lawson;G;39:31;3;9;0;2;2;4;0;5;5;6;0;0;2;2;8;
Ty Lawson;G;33:27;3;7;0;1;8;10;0;3;3;12;1;0;3;4;14;
Ty Lawson;;32:06;3;8;0;1;10;12;0;1;1;3;2;0;1;2;16;
Ty Lawson;G;35:47;5;15;2;4;8;8;0;5;5;8;2;0;4;1;20;
Ty Lawson;G;35:57;7;16;2;5;5;8;1;4;5;6;1;0;0;3;21;
Ty Lawson;G;37:23;6;18;1;5;7;9;0;2;2;8;1;0;2;1;20;
Ty Lawson;G;39:02;9;16;3;5;2;3;1;6;7;8;0;0;3;1;23;
Ty Lawson;G;41:00;10;21;2;6;7;8;1;1;2;4;3;0;4;2;29;
Ty Lawson;G;32:02;6;13;0;1;5;6;1;5;6;10;1;0;1;1;17;
Ty Lawson;G;34:17;7;17;0;3;5;8;3;3;6;7;3;1;1;1;19;
Ty Lawson;G;35:28;6;16;0;3;2;2;1;3;4;10;1;0;6;3;14;
Ty Lawson;G;39:22;11;19;2;4;4;6;0;2;2;17;2;1;5;3;28;
Ty Lawson;G;36:39;9;17;1;5;10;12;0;4;4;8;0;0;1;2;29;
Ty Lawson;G;34:48;3;9;1;2;3;4;2;1;3;7;1;0;3;2;10;
Ty Lawson;G;38:10;5;10;2;3;8;14;0;3;3;9;1;0;4;0;20;
Ty Lawson;G;30:20;7;11;2;3;3;6;0;3;3;11;0;0;1;2;19;
Ty Lawson;G;33:24;7;15;1;2;8;10;0;2;2;4;2;0;2;2;23;
Ty Lawson;G;35:33;5;10;2;4;10;12;1;2;3;8;0;0;2;0;22;
Ty Lawson;G;29:03;6;13;1;3;3;4;0;4;4;6;1;0;5;2;16;
Ty Lawson;G;26:31;4;8;0;1;5;7;3;0;3;6;0;0;3;1;13;
Ty Lawson;G;34:41;1;13;0;3;2;3;0;2;2;11;3;1;3;0;4;
Ty Lawson;G;28:15;6;14;2;2;6;6;0;4;4;4;0;0;2;2;20;
Ty Lawson;G;26:44;0;6;0;1;0;0;0;2;2;4;0;0;2;1;0;
Ty Lawson;G;32:30;4;9;1;3;3;4;1;2;3;8;2;1;1;0;12;
Ty Lawson;G;37:08;6;11;1;2;4;5;0;3;3;13;4;0;4;1;17;
Ty Lawson;G;34:08;3;11;0;2;7;8;0;4;4;7;0;0;5;4;13;
Ty Lawson;G;33:11;4;8;1;2;4;4;0;2;2;6;2;0;1;3;13;
Ty Lawson;G;36:38;5;14;1;2;5;5;0;4;4;4;2;1;5;2;16;
Ty Lawson;G;35:39;3;12;0;4;8;8;0;1;1;12;3;0;8;0;14;
Ty Lawson;G;33:17;8;14;0;1;4;4;0;3;3;8;3;0;6;2;20;
Ty Lawson;G;39:37;8;15;5;8;5;6;1;1;2;7;1;0;2;4;26;
