╔═══════════════╤═══════════════╗
║Name		│Tyler Zeller	║
╟───────────────┼───────────────╢
║Number		│40		║
╟───────────────┼───────────────╢
║Position	│C-F		║
╟───────────────┼───────────────╢
║Height		│7-0		║
╟───────────────┼───────────────╢
║Weight		│253		║
╟───────────────┼───────────────╢
║Birth		│JAN 17, 1990	║
╟───────────────┼───────────────╢
║Age		│24		║
╟───────────────┼───────────────╢
║Exp		│1		║
╟───────────────┼───────────────╢
║School		│North Carolina	║
╚═══════════════╧═══════════════╝
Tyler Zeller;;14:13;0;0;0;0;0;0;1;4;5;0;0;1;1;1;0;
Tyler Zeller;;6:14;1;2;0;0;0;0;2;0;2;1;0;0;0;5;2;
Tyler Zeller;;20:55;1;5;0;0;2;2;3;5;8;1;0;1;1;2;4;
Tyler Zeller;;18:06;4;5;0;0;1;1;1;3;4;1;0;3;1;3;9;
Tyler Zeller;;22:06;4;8;0;0;2;4;1;5;6;0;0;0;1;3;10;
Tyler Zeller;;12:54;3;4;0;0;0;4;0;1;1;0;0;0;1;3;6;
Tyler Zeller;;16:30;2;5;0;0;4;6;2;2;4;1;0;0;0;2;8;
Tyler Zeller;;8:41;3;3;0;0;0;2;1;0;1;0;1;0;2;5;6;
Tyler Zeller;;16:57;1;4;0;0;2;4;5;2;7;1;0;0;2;1;4;
Tyler Zeller;;9:26;0;0;0;0;0;0;1;3;4;0;0;0;0;1;0;
Tyler Zeller;;15:39;2;3;0;0;0;1;2;2;4;0;0;1;3;0;4;
Tyler Zeller;;21:36;3;6;0;0;2;2;4;5;9;0;2;3;1;2;8;
Tyler Zeller;;13:02;1;1;0;0;0;0;2;1;3;0;0;0;1;3;2;
Tyler Zeller;C;21:25;4;8;0;0;5;5;4;6;10;2;1;0;2;2;13;
Tyler Zeller;C;14:28;1;3;0;0;0;0;1;0;1;0;1;0;1;3;2;
Tyler Zeller;C;27:21;2;3;0;0;0;0;0;3;3;2;2;1;1;5;4;
Tyler Zeller;;3:29;1;1;0;0;0;0;1;1;2;0;0;0;1;1;2;
Tyler Zeller;;5:21;0;0;0;0;0;0;0;0;0;0;0;0;0;1;0;
Tyler Zeller;;16:33;1;2;0;0;6;6;3;2;5;0;1;1;0;2;8;
Tyler Zeller;;24:22;2;6;0;0;1;2;3;5;8;0;0;0;0;5;5;
Tyler Zeller;C;18:15;3;5;0;0;0;0;1;3;4;1;0;0;2;3;6;
Tyler Zeller;C;21:42;4;6;0;0;0;0;0;3;3;1;0;1;0;6;8;
Tyler Zeller;C;25:16;6;14;0;1;6;7;6;9;15;1;0;1;1;2;18;
Tyler Zeller;C;30:44;4;5;0;0;8;9;1;5;6;2;0;3;2;4;16;
Tyler Zeller;C;20:17;4;6;0;0;0;0;3;1;4;0;0;3;0;3;8;
Tyler Zeller;C;14:21;3;7;0;0;0;0;2;2;4;0;0;1;1;2;6;
Tyler Zeller;;24:28;2;4;0;0;4;4;3;3;6;1;0;0;3;5;8;
Tyler Zeller;;16:30;2;3;0;0;4;4;1;2;3;0;2;0;4;2;8;
Tyler Zeller;;23:00;5;12;0;0;0;0;3;6;9;2;0;0;0;2;10;
Tyler Zeller;;24:38;3;6;0;0;3;4;2;3;5;1;1;2;2;4;9;
Tyler Zeller;;15:17;0;2;0;0;1;2;0;4;4;0;0;1;0;1;1;
Tyler Zeller;;16:44;2;5;0;0;1;2;4;1;5;0;1;0;2;3;5;
Tyler Zeller;;3:46;0;0;0;0;0;0;0;0;0;0;0;0;0;0;0;
Tyler Zeller;;15:10;1;3;0;0;1;2;1;3;4;1;0;0;0;1;3;
Tyler Zeller;;12:24;3;5;0;0;1;1;0;5;5;0;1;0;0;1;7;
Tyler Zeller;;20:53;2;8;0;0;0;0;2;7;9;1;0;1;3;2;4;
Tyler Zeller;;13:36;1;1;0;0;1;2;1;2;3;0;0;0;1;1;3;
Tyler Zeller;;14:22;2;4;0;0;2;2;1;3;4;2;0;0;0;0;6;
Tyler Zeller;;30:17;10;16;0;0;3;5;3;4;7;3;0;1;1;4;23;
Tyler Zeller;;12:28;0;1;0;0;0;0;0;0;0;0;0;0;2;2;0;
Tyler Zeller;;8:54;1;1;0;0;3;4;1;0;1;0;0;0;0;1;5;
Tyler Zeller;;9:42;2;5;0;0;0;0;0;0;0;0;0;0;0;1;4;
Tyler Zeller;;4:53;0;1;0;0;0;0;0;0;0;0;0;0;1;0;0;
Tyler Zeller;;16:25;1;3;0;0;1;2;1;1;2;0;0;0;1;4;3;
Tyler Zeller;;18:39;2;3;0;0;0;0;1;2;3;0;0;2;1;1;4;
Tyler Zeller;;16:46;2;6;0;0;1;1;2;6;8;1;0;0;1;0;5;
Tyler Zeller;;23:48;9;11;0;0;0;0;3;3;6;0;1;2;0;2;18;
Tyler Zeller;;18:44;5;8;0;0;1;2;2;4;6;0;0;0;1;4;11;
Tyler Zeller;;26:18;4;8;0;0;4;7;2;5;7;2;0;0;0;3;12;
Tyler Zeller;;26:15;9;11;0;0;4;5;4;7;11;2;1;2;0;2;22;
Tyler Zeller;;4:00;0;0;0;0;0;0;0;0;0;0;0;0;1;1;0;
Tyler Zeller;;8:36;0;2;0;0;0;0;1;1;2;0;1;0;0;3;0;
Tyler Zeller;;17:48;2;3;0;0;2;2;0;3;3;0;0;1;1;3;6;
Tyler Zeller;;0:51;0;0;0;0;0;0;0;0;0;0;0;0;0;1;0;
Tyler Zeller;;1:45;0;0;0;0;0;0;0;0;0;0;0;0;0;1;0;
Tyler Zeller;;4:50;0;0;0;0;0;0;0;0;0;0;0;0;2;1;0;
Tyler Zeller;;2:08;0;0;0;0;0;0;0;0;0;0;0;0;0;1;0;
Tyler Zeller;;4:12;1;1;0;0;0;0;1;2;3;0;0;0;0;1;2;
Tyler Zeller;;14:40;3;5;0;0;2;2;1;5;6;0;0;0;0;0;8;
Tyler Zeller;;13:57;2;6;0;0;1;2;1;3;4;1;0;2;1;2;5;
Tyler Zeller;;14:34;2;2;0;0;0;0;0;2;2;1;1;0;0;0;4;
Tyler Zeller;;5:37;0;1;0;0;2;2;1;1;2;0;0;0;0;0;2;
Tyler Zeller;;7:15;2;3;0;0;0;0;2;1;3;0;0;0;1;1;4;
Tyler Zeller;;1:38;0;0;0;0;1;2;0;0;0;0;0;0;0;0;1;
Tyler Zeller;;12:59;3;5;0;0;0;0;2;1;3;0;0;1;0;0;6;
Tyler Zeller;;13:54;6;7;0;0;1;1;2;2;4;1;0;0;0;0;13;
Tyler Zeller;;10:45;0;1;0;0;0;0;1;1;2;0;1;0;0;0;0;
Tyler Zeller;;21:31;2;5;0;0;1;2;4;6;10;3;0;1;3;1;5;
Tyler Zeller;;18:08;2;5;0;0;2;2;0;2;2;0;0;2;0;2;6;
Tyler Zeller;;16:27;3;5;0;0;1;2;0;5;5;0;0;0;3;3;7;
