╔═══════════════╤═══════════════════════╗
║Name		│Tyler Hansbrough	║
╟───────────────┼───────────────────────╢
║Number		│50			║
╟───────────────┼───────────────────────╢
║Position	│F-C			║
╟───────────────┼───────────────────────╢
║Height		│6-9			║
╟───────────────┼───────────────────────╢
║Weight		│250			║
╟───────────────┼───────────────────────╢
║Birth		│NOV 03, 1985		║
╟───────────────┼───────────────────────╢
║Age		│28			║
╟───────────────┼───────────────────────╢
║Exp		│4			║
╟───────────────┼───────────────────────╢
║School		│North Carolina		║
╚═══════════════╧═══════════════════════╝
Tyler Hansbrough;;15:55;2;2;0;0;1;2;1;5;6;0;1;0;2;2;5;
Tyler Hansbrough;;5:44;0;0;0;0;0;0;0;1;1;0;1;0;1;1;0;
Tyler Hansbrough;;12:49;4;5;0;0;1;1;3;2;5;0;2;0;1;3;9;
Tyler Hansbrough;;4:20;0;1;0;0;1;2;0;1;1;0;0;0;1;2;1;
Tyler Hansbrough;;6:30;2;4;0;0;0;1;2;0;2;0;0;0;2;1;4;
Tyler Hansbrough;;10:10;1;3;0;0;2;2;4;0;4;1;0;0;1;3;4;
Tyler Hansbrough;;14:34;4;6;0;0;4;6;0;6;6;0;0;0;1;0;12;
Tyler Hansbrough;;17:54;2;7;0;1;4;7;2;5;7;0;0;1;0;1;8;
Tyler Hansbrough;;17:02;3;4;0;0;1;1;0;2;2;1;1;2;1;2;7;
Tyler Hansbrough;;25:26;4;7;0;0;0;1;5;2;7;0;0;1;1;2;8;
Tyler Hansbrough;;16:33;3;3;0;0;0;0;0;7;7;0;0;0;0;3;6;
Tyler Hansbrough;;17:49;1;2;0;0;3;7;1;3;4;0;0;1;1;3;5;
Tyler Hansbrough;;17:06;1;2;0;0;3;4;3;4;7;0;0;1;1;2;5;
Tyler Hansbrough;;8:28;0;0;0;0;2;2;1;3;4;0;0;0;1;4;2;
Tyler Hansbrough;;13:41;2;2;0;0;2;3;3;2;5;0;0;1;0;1;6;
Tyler Hansbrough;;7:08;0;1;0;0;0;0;0;4;4;0;0;0;0;2;0;
Tyler Hansbrough;;6:40;0;2;0;0;0;1;0;1;1;1;0;0;0;0;0;
Tyler Hansbrough;;22:36;4;6;0;0;8;10;1;3;4;0;2;0;0;0;16;
Tyler Hansbrough;;11:42;0;3;0;0;1;2;1;0;1;0;0;0;3;4;1;
Tyler Hansbrough;;5:22;0;0;0;0;0;0;1;0;1;0;0;0;0;2;0;
Tyler Hansbrough;;8:34;1;1;0;0;0;0;0;0;0;0;1;0;1;1;2;
Tyler Hansbrough;;11:50;0;1;0;0;0;0;0;3;3;0;0;0;0;1;0;
Tyler Hansbrough;C;36:09;3;8;0;0;1;1;7;6;13;0;0;0;1;3;7;
Tyler Hansbrough;;19:56;1;5;0;0;2;2;4;2;6;0;1;2;2;2;4;
Tyler Hansbrough;;12:28;0;1;0;0;2;4;2;5;7;1;0;0;1;2;2;
Tyler Hansbrough;;8:51;0;0;0;0;0;2;1;1;2;1;0;0;0;2;0;
Tyler Hansbrough;;3:59;0;0;0;0;0;0;0;0;0;0;0;0;0;2;0;
Tyler Hansbrough;;5:40;1;1;0;0;0;0;2;0;2;0;0;0;0;0;2;
Tyler Hansbrough;;5:09;0;1;0;0;0;0;0;0;0;0;0;0;0;2;0;
Tyler Hansbrough;;17:48;2;2;0;0;3;5;1;2;3;2;1;1;2;3;7;
Tyler Hansbrough;;19:40;2;4;0;0;1;2;3;2;5;0;0;0;0;3;5;
Tyler Hansbrough;;13:56;1;3;0;0;1;2;4;1;5;0;1;0;0;2;3;
Tyler Hansbrough;;10:12;2;4;0;0;3;4;2;2;4;1;0;0;0;2;7;
Tyler Hansbrough;;7:38;0;0;0;0;0;0;0;1;1;1;1;1;0;1;0;
Tyler Hansbrough;;10:36;0;0;0;0;2;2;0;3;3;0;1;0;0;2;2;
Tyler Hansbrough;;20:18;4;6;0;0;4;5;5;6;11;0;3;0;1;3;12;
Tyler Hansbrough;;28:06;4;8;0;0;3;5;3;6;9;0;2;0;1;3;11;
Tyler Hansbrough;;24:40;3;4;0;0;1;2;5;7;12;0;0;3;0;1;7;
Tyler Hansbrough;;20:28;1;3;0;1;2;2;1;3;4;0;0;1;1;2;4;
Tyler Hansbrough;;16:04;2;3;0;0;3;4;4;2;6;0;0;0;1;3;7;
Tyler Hansbrough;;15:33;1;2;0;0;6;7;1;6;7;0;0;0;1;1;8;
Tyler Hansbrough;;21:41;4;6;0;0;1;1;2;2;4;0;0;0;3;3;9;
Tyler Hansbrough;;19:26;1;4;0;0;2;2;1;4;5;1;0;0;1;2;4;
Tyler Hansbrough;;27:56;6;9;0;0;11;13;3;4;7;0;2;0;2;4;23;
Tyler Hansbrough;;9:18;1;3;0;0;0;0;2;1;3;1;0;0;0;2;2;
Tyler Hansbrough;;23:08;1;5;0;0;2;2;3;1;4;0;1;1;2;5;4;
Tyler Hansbrough;;19:29;1;4;0;0;4;4;1;4;5;0;0;0;0;2;6;
Tyler Hansbrough;;16:58;2;3;0;0;2;3;3;2;5;0;1;0;0;2;6;
Tyler Hansbrough;;22:03;1;5;0;0;3;5;4;4;8;0;1;1;0;3;5;
Tyler Hansbrough;;18:52;2;5;0;0;4;6;4;2;6;0;0;0;2;3;8;
Tyler Hansbrough;;18:18;2;5;0;0;1;2;4;3;7;0;0;0;0;3;5;
Tyler Hansbrough;;25:02;0;2;0;0;8;12;5;7;12;1;1;0;1;3;8;
Tyler Hansbrough;F;34:02;2;4;0;0;3;4;2;3;5;1;0;0;1;4;7;
Tyler Hansbrough;F;29:06;1;4;0;0;0;1;2;7;9;3;1;0;1;3;2;
Tyler Hansbrough;F;2:34;0;1;0;0;0;0;0;0;0;0;0;0;1;0;0;
Tyler Hansbrough;;9:04;0;2;0;0;2;4;1;0;1;0;2;0;1;2;2;
Tyler Hansbrough;;14:04;1;2;0;0;2;2;0;3;3;0;0;0;0;1;4;
Tyler Hansbrough;;18:49;3;4;0;0;0;2;3;1;4;0;0;1;1;1;6;
Tyler Hansbrough;;5:27;0;0;0;0;0;0;1;1;2;0;0;1;0;0;0;
Tyler Hansbrough;;12:03;0;3;0;0;3;4;2;1;3;0;0;0;0;2;3;
Tyler Hansbrough;;15:53;3;3;0;0;4;7;1;0;1;1;0;0;1;1;10;
Tyler Hansbrough;;13:17;0;2;0;0;4;4;3;4;7;0;0;0;1;4;4;
Tyler Hansbrough;;15:16;0;0;0;0;1;2;0;3;3;0;0;0;0;3;1;
Tyler Hansbrough;;6:30;1;3;0;0;2;2;0;1;1;0;1;0;0;0;4;
