╔═══════════════╤═══════════════╗
║Name		│Tyreke Evans	║
╟───────────────┼───────────────╢
║Number		│1		║
╟───────────────┼───────────────╢
║Position	│F-G		║
╟───────────────┼───────────────╢
║Height		│6-6		║
╟───────────────┼───────────────╢
║Weight		│220		║
╟───────────────┼───────────────╢
║Birth		│SEP 19, 1989	║
╟───────────────┼───────────────╢
║Age		│24		║
╟───────────────┼───────────────╢
║Exp		│4		║
╟───────────────┼───────────────╢
║School		│Memphis	║
╚═══════════════╧═══════════════╝
Tyreke Evans;;27:53;6;14;1;1;3;4;0;7;7;3;0;0;1;3;16;
Tyreke Evans;;29:13;8;13;0;0;0;0;3;5;8;6;1;0;5;2;16;
Tyreke Evans;;25:34;3;9;0;1;6;7;0;2;2;1;2;0;3;2;12;
Tyreke Evans;;20:25;4;11;1;2;4;4;2;1;3;1;0;0;2;4;13;
Tyreke Evans;;17:30;0;5;0;0;3;4;0;1;1;5;2;0;1;0;3;
Tyreke Evans;;9:23;0;2;0;0;0;0;0;0;0;0;0;0;2;0;0;
Tyreke Evans;;30:45;6;14;0;0;2;2;1;3;4;2;1;0;4;1;14;
Tyreke Evans;;25:35;5;13;0;1;5;5;1;1;2;7;0;0;1;1;15;
Tyreke Evans;;26:13;6;15;0;2;5;6;1;2;3;3;0;0;3;4;17;
Tyreke Evans;;27:42;7;13;0;0;9;11;1;6;7;7;2;1;1;3;23;
Tyreke Evans;;18:41;1;5;0;1;1;2;0;0;0;5;3;0;3;5;3;
Tyreke Evans;;23:40;4;15;0;3;3;5;3;3;6;3;0;0;2;1;11;
Tyreke Evans;;23:00;4;15;0;1;3;3;0;3;3;6;1;0;2;3;11;
Tyreke Evans;;5:13;2;3;0;1;0;0;0;1;1;0;0;0;0;1;4;
Tyreke Evans;;20:22;3;10;0;0;1;2;1;2;3;2;0;0;3;1;7;
Tyreke Evans;;32:12;10;14;0;1;3;6;1;4;5;10;3;0;2;2;23;
Tyreke Evans;;25:19;5;11;0;0;2;4;0;4;4;4;0;0;2;0;12;
Tyreke Evans;;22:26;3;11;0;0;2;6;1;3;4;2;0;1;1;4;8;
Tyreke Evans;;24:45;2;13;0;3;0;0;0;5;5;7;0;1;1;1;4;
Tyreke Evans;;24:29;3;8;1;2;1;1;2;5;7;7;0;1;4;3;8;
Tyreke Evans;;29:17;4;13;0;1;0;2;0;4;4;5;0;0;1;1;8;
Tyreke Evans;;27:20;2;9;0;2;0;1;0;6;6;7;2;0;1;2;4;
Tyreke Evans;F;36:21;6;13;1;1;1;2;1;4;5;4;0;0;2;2;14;
Tyreke Evans;F;39:47;9;19;2;6;2;2;3;6;9;5;1;0;4;3;22;
Tyreke Evans;F;40:41;8;14;2;3;9;10;2;8;10;8;1;0;3;3;27;
Tyreke Evans;F;43:24;8;17;0;4;8;10;2;5;7;11;1;1;4;2;24;
Tyreke Evans;F;30:11;7;13;1;1;10;10;1;3;4;7;1;1;2;3;25;
Tyreke Evans;F;39:19;8;14;1;3;3;4;0;2;2;3;2;1;5;3;20;
Tyreke Evans;;35:10;7;12;0;0;2;2;0;8;8;8;1;0;1;1;16;
Tyreke Evans;F;37:48;11;21;1;2;3;4;0;4;4;4;3;0;3;3;26;
Tyreke Evans;F;35:27;7;10;0;0;4;5;0;4;4;3;0;1;1;0;18;
Tyreke Evans;F;39:16;7;12;0;0;7;8;1;2;3;4;4;1;6;1;21;
Tyreke Evans;G;33:59;7;14;0;0;2;4;3;1;4;8;2;0;0;2;16;
Tyreke Evans;G;43:12;13;19;1;2;6;10;2;8;10;7;3;0;7;4;33;
Tyreke Evans;G;40:50;5;16;0;1;0;0;1;3;4;9;2;0;4;3;10;
Tyreke Evans;G;37:32;9;20;0;1;4;7;3;2;5;15;3;1;4;0;22;
Tyreke Evans;G;28:39;4;13;0;2;3;4;2;2;4;4;0;0;5;2;11;
Tyreke Evans;G;25:35;7;15;0;1;1;2;0;2;2;4;2;0;4;3;15;
Tyreke Evans;G;32:42;9;17;0;0;9;9;2;6;8;3;0;0;3;2;27;
Tyreke Evans;G;29:44;3;11;0;1;2;3;1;2;3;5;1;0;7;4;8;
Tyreke Evans;G;33:37;4;9;0;0;2;3;2;3;5;8;1;0;2;3;10;
Tyreke Evans;G;29:25;4;11;1;2;1;2;3;5;8;3;0;0;4;3;10;
Tyreke Evans;G;20:56;5;11;1;2;2;2;0;1;1;6;0;0;2;0;13;
Tyreke Evans;G;42:12;14;26;1;7;12;16;1;8;9;8;3;0;1;0;41;
Tyreke Evans;G;35:14;11;20;1;1;2;4;2;4;6;10;0;1;2;2;25;
Tyreke Evans;;22:40;2;8;0;0;0;0;0;2;2;3;0;0;3;2;4;
Tyreke Evans;;17:23;0;7;0;2;0;0;0;1;1;3;0;0;2;3;0;
Tyreke Evans;;31:07;6;16;0;1;3;3;0;6;6;7;0;0;2;3;15;
Tyreke Evans;;21:23;4;10;1;1;0;2;1;3;4;2;1;1;3;3;9;
Tyreke Evans;;30:03;7;12;0;1;2;2;2;5;7;4;0;1;3;3;16;
Tyreke Evans;;26:46;3;12;0;1;1;1;1;6;7;2;3;0;1;2;7;
Tyreke Evans;;7:12;0;3;0;0;0;0;0;2;2;1;0;0;1;1;0;
Tyreke Evans;;30:40;4;13;0;1;3;7;1;3;4;6;1;0;1;1;11;
Tyreke Evans;;28:25;8;13;0;1;3;3;0;3;3;4;0;1;1;5;19;
Tyreke Evans;;22:14;6;10;0;2;3;6;0;2;2;3;2;1;1;3;15;
Tyreke Evans;;25:08;5;13;0;2;3;6;2;3;5;4;4;1;2;2;13;
Tyreke Evans;;32:24;7;16;1;2;4;4;2;8;10;4;1;0;0;1;19;
Tyreke Evans;;24:45;5;14;0;1;2;2;4;5;9;3;1;0;2;3;12;
Tyreke Evans;;23:13;5;11;0;1;2;3;0;4;4;4;0;1;4;2;12;
Tyreke Evans;;35:15;6;10;0;0;4;5;0;5;5;4;4;1;4;1;16;
Tyreke Evans;;35:24;8;13;0;1;8;11;0;1;1;7;4;0;1;4;24;
Tyreke Evans;;22:01;5;10;0;0;3;3;1;4;5;1;1;0;2;4;13;
Tyreke Evans;;22:54;1;9;0;1;6;6;1;3;4;4;1;0;2;1;8;
Tyreke Evans;;12:56;3;8;0;2;5;5;0;2;2;0;1;0;2;0;11;
Tyreke Evans;;24:10;4;7;0;0;6;6;1;6;7;3;2;0;4;1;14;
Tyreke Evans;;12:22;0;0;0;0;6;6;0;0;0;1;1;0;1;1;6;
Tyreke Evans;;32:54;2;10;0;2;7;8;4;9;13;10;0;1;3;2;11;
Tyreke Evans;;27:19;9;22;0;2;3;5;3;3;6;6;2;0;2;3;21;
Tyreke Evans;;35:45;7;14;0;1;11;12;0;6;6;12;3;0;2;2;25;
Tyreke Evans;;32:17;7;17;1;2;4;4;1;6;7;10;2;0;2;1;19;
Tyreke Evans;;32:21;7;21;2;5;0;0;2;2;4;9;0;0;2;4;16;
Tyreke Evans;;28:42;9;15;0;1;2;2;1;4;5;4;2;2;1;3;20;
