Tyshawn Taylor;;0:14;0;0;0;0;0;0;0;0;0;0;0;0;0;0;0;
Tyshawn Taylor;;7:58;0;2;0;0;0;0;0;0;0;1;0;0;1;0;0;
Tyshawn Taylor;;8:01;2;5;0;0;0;0;0;0;0;0;1;0;1;1;4;
Tyshawn Taylor;;2:18;0;3;0;0;0;0;0;0;0;1;0;0;0;0;0;
Tyshawn Taylor;;2:01;0;0;0;0;0;0;0;0;0;0;2;0;0;0;0;
Tyshawn Taylor;;15:17;3;6;1;1;6;8;0;0;0;4;3;0;3;4;13;
Tyshawn Taylor;;11:08;0;2;0;0;0;0;0;1;1;2;1;0;2;2;0;
Tyshawn Taylor;;8:41;0;2;0;0;0;0;1;1;2;3;0;0;0;2;0;
Tyshawn Taylor;;23:59;3;9;1;2;6;8;0;2;2;0;0;0;3;3;13;
Tyshawn Taylor;;11:53;2;5;0;2;0;0;0;0;0;1;1;0;1;1;4;
Tyshawn Taylor;;19:10;4;7;0;1;1;2;0;1;1;4;0;0;1;4;9;
Tyshawn Taylor;;14:33;2;3;0;0;0;0;0;1;1;2;0;0;4;2;4;
Tyshawn Taylor;;36:15;6;17;1;5;3;4;2;1;3;12;0;0;3;2;16;
Tyshawn Taylor;G;20:54;2;5;0;0;2;2;0;0;0;0;1;0;3;0;6;
Tyshawn Taylor;G;34:19;4;12;0;0;4;4;0;2;2;2;1;0;2;3;12;
Tyshawn Taylor;G;24:45;2;9;0;0;0;0;0;2;2;2;0;0;2;5;4;
Tyshawn Taylor;;13:02;1;2;0;0;0;0;0;0;0;0;2;1;1;0;2;
Tyshawn Taylor;;0:34;0;0;0;0;0;0;0;0;0;0;0;0;0;0;0;
Tyshawn Taylor;;4:05;0;1;0;1;0;0;0;0;0;0;0;0;1;0;0;
Tyshawn Taylor;;6:15;0;1;0;0;0;0;0;0;0;2;0;0;1;0;0;
Tyshawn Taylor;;2:52;0;0;0;0;0;0;0;1;1;0;0;0;1;0;0;
Tyshawn Taylor;;1:03;0;0;0;0;2;2;0;0;0;0;0;0;0;0;2;
