╔═══════════════╤═══════════════╗
║Name		│Tyson Chandler	║
╟───────────────┼───────────────╢
║Number		│N/A		║
╟───────────────┼───────────────╢
║Position	│C		║
╟───────────────┼───────────────╢
║Height		│7-1		║
╟───────────────┼───────────────╢
║Weight		│240		║
╟───────────────┼───────────────╢
║Birth		│OCT 02, 1982	║
╟───────────────┼───────────────╢
║Age		│31		║
╟───────────────┼───────────────╢
║Exp		│12		║
╟───────────────┼───────────────╢
║School		│Dominquez H.S	║
╚═══════════════╧═══════════════╝
Tyson Chandler;C;21:54;2;5;0;0;0;0;1;5;6;0;0;1;0;3;4;
Tyson Chandler;C;27:17;4;5;0;0;5;7;5;6;11;0;1;1;1;3;13;
Tyson Chandler;C;4:24;0;1;0;0;0;0;0;1;1;0;0;0;1;0;0;
Tyson Chandler;C;16:25;2;2;0;0;1;1;0;4;4;0;0;1;2;2;5;
Tyson Chandler;C;26:00;4;8;0;0;5;8;2;7;9;3;0;1;1;3;13;
Tyson Chandler;C;36:38;3;8;0;0;6;8;6;8;14;3;0;0;2;6;12;
Tyson Chandler;C;35:13;2;2;0;0;0;2;5;5;10;1;0;1;0;2;4;
Tyson Chandler;C;35:11;4;7;0;0;2;2;2;12;14;1;0;3;1;1;10;
Tyson Chandler;C;18:52;1;2;0;0;0;0;2;4;6;2;0;2;1;3;2;
Tyson Chandler;C;30:19;5;11;0;0;3;3;6;8;14;0;1;1;1;4;13;
Tyson Chandler;C;22:32;5;6;0;0;2;2;2;11;13;0;0;0;0;0;12;
Tyson Chandler;C;31:35;4;4;0;0;3;5;0;8;8;0;0;3;1;1;11;
Tyson Chandler;C;33:38;4;5;0;0;0;0;4;7;11;0;0;2;1;4;8;
Tyson Chandler;C;34:45;3;3;0;0;1;6;3;7;10;0;0;1;1;3;7;
Tyson Chandler;C;30:45;1;3;0;0;0;0;2;7;9;1;2;0;0;5;2;
Tyson Chandler;C;23:26;6;7;0;0;0;1;2;6;8;0;3;0;4;1;12;
Tyson Chandler;C;32:27;5;6;0;0;2;3;1;6;7;1;2;2;1;1;12;
Tyson Chandler;C;40:31;8;12;0;0;1;2;3;8;11;2;1;1;1;3;17;
Tyson Chandler;C;26:04;4;5;0;0;1;1;2;4;6;1;1;2;2;6;9;
Tyson Chandler;C;35:36;2;6;0;0;0;0;6;5;11;0;0;2;3;3;4;
Tyson Chandler;C;37:05;5;8;0;0;4;8;1;9;10;3;2;1;1;1;14;
Tyson Chandler;C;36:12;5;13;0;0;0;0;4;19;23;1;1;2;1;2;10;
Tyson Chandler;C;36:24;5;5;0;0;2;4;3;9;12;0;1;2;4;4;12;
Tyson Chandler;C;31:50;6;9;0;0;7;8;6;10;16;0;0;0;2;2;19;
Tyson Chandler;C;29:38;2;10;0;0;2;3;3;9;12;3;2;0;2;5;6;
Tyson Chandler;C;40:01;3;5;0;0;2;4;8;14;22;2;0;3;1;2;8;
Tyson Chandler;C;42:04;3;9;0;0;2;2;5;13;18;2;1;2;1;4;8;
Tyson Chandler;C;34:48;6;8;0;0;3;3;5;9;14;0;0;0;1;4;15;
Tyson Chandler;C;22:55;8;10;0;0;0;2;4;7;11;0;0;0;0;3;16;
Tyson Chandler;C;36:39;5;9;0;0;5;7;5;6;11;2;0;1;1;2;15;
Tyson Chandler;C;25:12;1;2;0;0;0;0;1;4;5;0;0;0;0;2;2;
Tyson Chandler;C;39:25;2;5;0;0;3;4;6;8;14;0;1;1;2;4;7;
Tyson Chandler;C;30:53;7;10;0;1;3;4;4;6;10;2;1;1;1;1;17;
Tyson Chandler;C;35:31;2;2;0;0;0;0;2;4;6;2;0;0;4;0;4;
Tyson Chandler;C;28:43;5;7;0;0;2;2;1;4;5;2;1;1;3;2;12;
Tyson Chandler;C;28:31;4;5;0;0;2;2;2;6;8;0;0;1;1;5;10;
Tyson Chandler;C;29:20;0;4;0;0;1;2;3;4;7;2;0;0;1;5;1;
Tyson Chandler;C;29:60;3;6;0;0;0;0;0;7;7;1;0;1;0;2;6;
Tyson Chandler;C;35:04;6;7;0;0;3;8;2;7;9;1;1;2;1;3;15;
Tyson Chandler;C;29:39;2;2;0;0;0;2;1;4;5;1;1;2;2;4;4;
Tyson Chandler;C;30:38;3;7;0;0;0;0;2;6;8;0;1;0;0;0;6;
Tyson Chandler;C;34:13;4;7;0;0;2;2;3;8;11;0;0;0;1;1;10;
Tyson Chandler;C;29:51;1;2;0;0;4;4;0;7;7;1;0;0;2;3;null;
Tyson Chandler;C;29:39;0;2;0;0;1;2;1;11;12;1;1;1;2;2;1;
Tyson Chandler;C;5:11;1;1;0;0;0;0;0;1;1;1;0;0;0;0;2;
Tyson Chandler;C;31:47;5;7;0;0;0;0;2;4;6;1;3;5;5;3;10;
Tyson Chandler;C;36:04;3;8;0;0;1;2;8;11;19;2;1;4;2;2;7;
Tyson Chandler;C;32:04;3;4;0;0;4;4;3;6;9;1;0;0;0;4;10;
Tyson Chandler;C;6:35;1;1;0;0;0;1;2;0;2;1;0;1;0;1;2;
Tyson Chandler;C;32:09;3;4;0;0;3;4;5;3;8;1;1;3;1;3;9;
Tyson Chandler;C;32:60;2;7;0;0;4;8;3;3;6;2;1;1;0;4;8;
Tyson Chandler;C;39:50;5;9;0;0;0;2;2;11;13;2;2;1;0;4;10;
Tyson Chandler;C;29:17;2;5;0;0;1;2;4;5;9;3;2;0;0;3;5;
Tyson Chandler;C;31:42;3;7;0;0;1;3;4;2;6;1;0;2;3;2;7;
Tyson Chandler;C;27:09;6;7;0;0;4;5;0;2;2;3;1;1;2;1;16;
