╔═══════════════╤═══════════════╗
║Name		│Udonis Haslem	║
╟───────────────┼───────────────╢
║Number		│40		║
╟───────────────┼───────────────╢
║Position	│F		║
╟───────────────┼───────────────╢
║Height		│6-8		║
╟───────────────┼───────────────╢
║Weight		│235		║
╟───────────────┼───────────────╢
║Birth		│JUN 09, 1980	║
╟───────────────┼───────────────╢
║Age		│34		║
╟───────────────┼───────────────╢
║Exp		│10		║
╟───────────────┼───────────────╢
║School		│Florida	║
╚═══════════════╧═══════════════╝
Udonis Haslem;;9:57;3;7;0;0;0;1;3;1;4;0;0;1;0;0;6;
Udonis Haslem;;6:25;0;1;0;0;0;0;1;1;2;0;0;0;0;0;0;
Udonis Haslem;;20:44;1;2;0;0;0;0;0;6;6;0;0;0;0;3;2;
Udonis Haslem;;16:03;0;2;0;0;1;2;4;3;7;1;0;0;1;3;1;
Udonis Haslem;;30:48;2;6;0;0;2;5;3;7;10;1;0;3;0;1;6;
Udonis Haslem;;11:54;2;3;0;0;2;2;3;1;4;1;0;0;0;4;6;
Udonis Haslem;;1:46;0;0;0;0;0;0;0;0;0;0;0;0;0;0;0;
Udonis Haslem;;4:56;1;1;0;0;0;0;1;1;2;0;0;0;0;0;2;
Udonis Haslem;;5:10;1;3;0;0;1;2;1;1;2;0;0;0;0;0;3;
Udonis Haslem;;1:07;0;0;0;0;0;0;1;0;1;0;0;0;0;1;0;
Udonis Haslem;;1:44;0;0;0;0;0;0;0;0;0;0;0;0;0;0;0;
Udonis Haslem;;5:01;0;0;0;0;0;0;0;2;2;0;0;0;0;0;0;
Udonis Haslem;;8:18;0;0;0;0;0;0;0;6;6;0;0;0;0;1;0;
Udonis Haslem;F;27:04;7;8;0;0;0;0;1;4;5;3;0;2;1;4;14;
Udonis Haslem;;9:17;1;2;0;0;0;0;0;4;4;0;0;0;0;3;2;
Udonis Haslem;C;17:24;1;2;0;0;1;2;1;5;6;0;0;0;2;4;3;
Udonis Haslem;;20:51;1;3;0;0;0;0;1;3;4;0;0;1;0;1;2;
Udonis Haslem;C;21:17;8;11;0;0;1;2;0;5;5;0;0;1;0;0;17;
Udonis Haslem;F;15:09;2;4;0;0;0;0;0;1;1;1;1;0;0;3;4;
Udonis Haslem;F;16:37;1;3;0;0;0;0;1;4;5;1;1;0;0;0;2;
Udonis Haslem;F;24:57;3;5;0;0;0;0;1;4;5;0;1;0;0;1;6;
Udonis Haslem;F;26:48;4;5;0;0;2;2;2;6;8;0;0;2;2;3;10;
Udonis Haslem;F;28:15;2;4;0;0;2;2;3;8;11;2;0;0;2;3;6;
Udonis Haslem;F;31:16;5;7;0;0;1;4;4;5;9;0;1;0;1;2;11;
Udonis Haslem;F;24:28;3;5;0;0;0;0;0;8;8;0;0;0;3;3;6;
Udonis Haslem;C;20:39;4;9;0;0;1;1;1;7;8;0;2;1;0;3;9;
Udonis Haslem;C;16:15;3;4;0;0;1;2;1;9;10;0;0;0;2;2;7;
Udonis Haslem;F;21:28;2;4;0;0;2;2;1;2;3;0;0;0;3;3;6;
Udonis Haslem;F;11:32;1;1;0;0;0;1;0;0;0;0;0;0;1;0;2;
Udonis Haslem;F;9:27;1;4;0;0;0;2;0;1;1;0;1;0;0;5;2;
Udonis Haslem;F;16:37;2;4;0;0;0;0;0;4;4;1;0;1;0;1;4;
Udonis Haslem;C;21:47;0;4;0;0;0;0;4;1;5;0;0;0;0;3;0;
Udonis Haslem;F;14:59;2;2;0;0;0;0;1;1;2;0;0;0;0;1;4;
Udonis Haslem;;7:53;3;4;0;0;1;1;0;2;2;0;0;0;1;6;7;
Udonis Haslem;;5:55;1;1;0;0;3;4;0;1;1;0;1;0;0;1;5;
Udonis Haslem;;8:44;1;2;0;0;0;0;0;1;1;0;0;0;1;0;2;
Udonis Haslem;;25:55;0;3;0;0;1;2;1;3;4;0;0;1;0;3;1;
Udonis Haslem;;4:33;0;0;0;0;0;0;0;0;0;0;0;0;0;1;0;
Udonis Haslem;;8:22;1;2;0;0;0;0;0;3;3;0;0;0;1;1;2;
Udonis Haslem;;2:22;1;2;0;0;0;0;0;0;0;0;0;0;0;0;2;
Udonis Haslem;;7:20;0;0;0;0;1;2;0;2;2;0;0;0;0;2;1;
Udonis Haslem;;3:47;0;0;0;0;0;0;0;2;2;0;0;1;1;0;0;
Udonis Haslem;;8:33;1;2;0;0;0;0;0;2;2;1;0;0;1;3;2;
Udonis Haslem;;17:43;2;7;0;0;0;1;1;4;5;0;1;0;0;1;4;
Udonis Haslem;;20:09;1;3;0;0;2;2;1;2;3;1;2;0;1;1;4;
Udonis Haslem;;11:41;0;4;0;0;0;0;0;0;0;0;0;1;0;2;0;
