╔═══════════════╤═══════════════╗
║Name		│Victor Oladipo	║
╟───────────────┼───────────────╢
║Number		│5		║
╟───────────────┼───────────────╢
║Position	│G		║
╟───────────────┼───────────────╢
║Height		│6-4		║
╟───────────────┼───────────────╢
║Weight		│215		║
╟───────────────┼───────────────╢
║Birth		│MAY 04, 1992	║
╟───────────────┼───────────────╢
║Age		│22		║
╟───────────────┼───────────────╢
║Exp		│R		║
╟───────────────┼───────────────╢
║School		│Indiana	║
╚═══════════════╧═══════════════╝
Victor Oladipo;;25:44;3;9;0;4;0;0;1;3;4;1;0;2;3;2;6;
Victor Oladipo;;34:41;5;13;2;6;4;4;2;4;6;3;1;0;4;2;16;
Victor Oladipo;;26:10;8;15;3;4;3;4;1;7;8;5;1;1;2;5;22;
Victor Oladipo;G;38:37;3;8;1;3;7;8;0;4;4;2;2;1;3;2;14;
Victor Oladipo;G;37:20;5;14;1;2;2;4;0;1;1;3;1;0;0;1;13;
Victor Oladipo;G;32:17;6;11;0;3;3;5;2;1;3;5;1;0;3;1;15;
Victor Oladipo;G;30:15;4;11;1;3;2;2;1;2;3;2;1;0;4;4;11;
Victor Oladipo;G;47:11;14;20;1;3;4;5;0;4;4;6;2;1;7;4;33;
Victor Oladipo;G;39:15;4;14;1;4;2;3;0;5;5;10;1;2;4;4;11;
Victor Oladipo;G;39:01;2;8;0;2;5;5;1;5;6;2;2;2;3;3;9;
Victor Oladipo;G;30:51;3;9;1;4;3;4;0;6;6;5;2;0;1;1;10;
Victor Oladipo;G;34:02;8;13;2;2;6;7;1;6;7;7;2;1;2;3;24;
Victor Oladipo;G;38:36;5;14;1;3;4;6;3;9;12;5;2;1;3;3;15;
Victor Oladipo;G;39:30;6;12;0;2;6;6;0;3;3;2;5;0;1;2;18;
Victor Oladipo;;25:48;7;14;2;3;3;3;0;4;4;3;0;0;6;1;19;
Victor Oladipo;G;38:37;3;14;1;4;5;8;0;2;2;3;1;0;3;3;12;
Victor Oladipo;G;32:26;5;10;1;2;4;5;0;5;5;7;3;0;5;4;15;
Victor Oladipo;G;37:52;3;16;1;4;5;6;0;3;3;5;1;0;3;0;12;
Victor Oladipo;G;34:49;2;11;0;3;2;2;1;4;5;11;4;0;4;3;6;
Victor Oladipo;;27:36;8;10;0;1;4;4;1;3;4;3;2;0;1;3;20;
Victor Oladipo;;21:29;5;7;1;1;3;4;0;5;5;3;2;1;1;2;14;
Victor Oladipo;;33:18;8;18;1;1;6;7;0;4;4;4;2;0;4;2;23;
Victor Oladipo;;26:06;2;11;1;2;2;2;0;1;1;2;1;1;2;2;7;
Victor Oladipo;;21:48;3;7;0;1;0;0;1;0;1;3;1;0;2;2;6;
Victor Oladipo;;18:27;2;6;0;2;0;0;0;4;4;4;0;0;0;1;4;
Victor Oladipo;G;44:16;8;18;2;3;4;4;3;4;7;14;2;0;3;0;22;
Victor Oladipo;G;35:05;4;13;2;3;1;1;0;4;4;2;5;0;4;3;11;
Victor Oladipo;G;35:02;10;20;2;4;4;4;1;1;2;5;1;0;2;4;26;
Victor Oladipo;G;34:13;7;16;2;5;1;1;0;11;11;3;2;1;7;1;17;
Victor Oladipo;G;26:15;2;6;0;2;6;10;0;0;0;1;0;0;2;3;10;
Victor Oladipo;G;38:31;3;10;0;1;3;4;0;2;2;4;2;0;4;5;9;
Victor Oladipo;;18:50;5;6;2;2;0;0;1;2;3;4;0;0;1;2;12;
Victor Oladipo;;27:50;5;12;0;3;5;5;1;3;4;3;0;0;1;2;15;
Victor Oladipo;;35:40;7;15;1;4;0;0;0;3;3;6;0;0;1;2;15;
Victor Oladipo;;27:05;3;8;1;2;3;4;0;5;5;5;1;0;4;3;10;
Victor Oladipo;G;37:01;6;18;1;6;1;2;0;3;3;9;2;0;6;2;14;
Victor Oladipo;G;35:44;5;14;1;2;8;10;0;6;6;4;2;0;4;2;19;
Victor Oladipo;G;38:48;6;11;2;4;7;9;1;4;5;10;2;0;8;3;21;
Victor Oladipo;G;37:48;5;16;0;3;3;3;1;4;5;6;3;0;3;2;13;
Victor Oladipo;;30:28;5;12;0;2;4;6;1;2;3;1;4;1;5;2;14;
Victor Oladipo;;26:28;7;12;2;4;0;0;0;2;2;4;2;0;5;1;16;
Victor Oladipo;;27:24;4;10;2;4;6;6;0;0;0;4;2;0;2;4;16;
Victor Oladipo;;30:22;8;18;1;3;4;4;2;4;6;2;2;0;2;4;21;
Victor Oladipo;;29:19;7;12;2;2;0;0;1;2;3;6;1;0;2;3;16;
Victor Oladipo;;19:18;4;8;0;2;1;4;0;3;3;6;1;0;3;0;9;
Victor Oladipo;;16:00;3;5;0;0;0;0;0;2;2;1;2;0;3;5;6;
Victor Oladipo;G;25:41;5;8;3;3;1;2;0;2;2;1;2;0;6;2;14;
Victor Oladipo;G;23:24;3;8;1;3;3;4;0;3;3;4;1;0;3;1;10;
Victor Oladipo;G;17:24;2;8;0;1;0;0;0;2;2;1;1;0;2;2;4;
Victor Oladipo;;22:35;4;11;1;2;3;5;1;2;3;2;1;0;3;2;12;
Victor Oladipo;;36:33;5;14;1;5;3;4;0;6;6;4;0;1;4;5;14;
Victor Oladipo;;31:20;4;10;1;2;1;2;0;6;6;6;4;2;4;4;10;
Victor Oladipo;;21:24;8;13;0;1;3;4;0;6;6;4;2;0;7;2;19;
Victor Oladipo;;22:39;4;6;2;3;1;2;0;2;2;2;2;0;4;2;11;
Victor Oladipo;;23:16;3;12;0;3;3;4;1;3;4;3;1;0;3;4;9;
Victor Oladipo;;20:07;2;8;1;2;0;2;1;2;3;2;1;1;3;1;5;
Victor Oladipo;;26:49;7;17;1;3;2;2;0;1;1;2;2;0;1;2;17;
Victor Oladipo;;22:20;4;14;1;1;1;1;0;2;2;2;1;1;2;1;10;
Victor Oladipo;;28:05;3;8;1;2;3;4;0;4;4;6;1;0;9;4;10;
Victor Oladipo;G;35:36;5;12;2;5;8;8;0;4;4;2;5;2;8;1;20;
Victor Oladipo;G;27:05;4;8;1;3;8;9;1;6;7;4;0;0;1;2;17;
Victor Oladipo;G;39:30;3;12;0;4;0;2;0;5;5;5;2;1;4;3;6;
Victor Oladipo;G;28:56;7;11;1;2;3;3;1;2;3;5;0;1;1;4;18;
Victor Oladipo;G;42:18;7;11;1;5;3;4;0;3;3;5;5;1;8;4;18;
Victor Oladipo;G;32:00;6;14;1;3;2;2;1;3;4;2;1;3;2;3;15;
Victor Oladipo;G;26:20;4;12;0;3;5;6;0;6;6;2;0;0;1;2;13;
Victor Oladipo;G;46:42;8;18;0;5;10;12;0;9;9;10;3;0;3;3;26;
Victor Oladipo;G;39:45;5;13;2;5;5;8;1;8;9;3;1;2;3;0;17;
Victor Oladipo;G;32:31;2;11;0;3;4;6;1;2;3;0;1;0;2;4;8;
Victor Oladipo;G;39:55;4;11;1;6;1;2;1;5;6;3;3;0;4;2;10;
Victor Oladipo;G;30:58;5;10;0;0;0;0;2;2;4;2;2;1;4;3;10;
Victor Oladipo;G;36:48;9;13;3;4;5;5;1;4;5;4;4;3;2;5;26;
Victor Oladipo;G;33:25;5;12;0;3;5;8;0;4;4;2;1;0;5;5;15;
Victor Oladipo;G;33:30;3;12;0;1;2;2;1;1;2;5;0;0;0;3;8;
Victor Oladipo;G;36:13;1;12;1;3;0;0;2;3;5;2;1;1;2;2;3;
Victor Oladipo;;21:17;5;13;1;2;1;3;0;1;1;2;1;1;1;4;12;
Victor Oladipo;;16:18;1;4;0;1;1;1;0;1;1;1;0;0;1;1;3;
Victor Oladipo;;36:46;5;12;1;4;5;8;1;4;5;11;1;0;1;5;16;
Victor Oladipo;;28:32;4;7;1;2;6;8;0;5;5;8;2;1;5;5;15;
Victor Oladipo;;17:23;3;7;0;0;2;2;0;2;2;2;0;0;3;2;8;
