╔═══════════════╤═══════════════╗
║Name		│Victor Claver	║
╟───────────────┼───────────────╢
║Number		│18		║
╟───────────────┼───────────────╢
║Position	│F		║
╟───────────────┼───────────────╢
║Height		│6-9		║
╟───────────────┼───────────────╢
║Weight		│224		║
╟───────────────┼───────────────╢
║Birth		│AUG 30, 1988	║
╟───────────────┼───────────────╢
║Age		│25		║
╟───────────────┼───────────────╢
║Exp		│1		║
╟───────────────┼───────────────╢
║School		│Valencia, Spain║
╚═══════════════╧═══════════════╝
Victor Claver;;7:13;0;2;0;2;0;0;0;1;1;1;0;1;0;0;0;
Victor Claver;;10:16;0;1;0;0;0;0;0;1;1;1;0;1;2;1;0;
Victor Claver;;24:02;2;3;0;1;1;2;1;4;5;1;0;1;1;1;5;
Victor Claver;;12:10;0;3;0;1;2;2;0;5;5;0;1;0;1;2;2;
Victor Claver;;21:42;5;7;1;3;2;2;1;4;5;1;0;0;1;4;13;
Victor Claver;;5:59;1;3;0;1;0;0;0;1;1;1;0;0;0;0;2;
Victor Claver;;6:08;0;1;0;1;0;0;0;1;1;0;0;0;1;0;0;
Victor Claver;;0:55;1;1;0;0;0;0;0;0;0;0;0;0;0;0;2;
Victor Claver;;2:06;0;0;0;0;0;0;0;0;0;0;0;0;0;0;0;
Victor Claver;;11:56;0;0;0;0;0;0;0;3;3;0;0;0;1;1;0;
Victor Claver;;19:16;2;5;1;4;2;2;2;4;6;2;0;0;2;5;7;
Victor Claver;;16:24;1;3;0;1;0;0;0;3;3;1;0;0;0;1;2;
Victor Claver;;13:48;1;4;0;1;0;0;1;1;2;0;0;0;0;0;2;
Victor Claver;;1:59;0;0;0;0;0;0;0;0;0;0;0;0;0;1;0;
Victor Claver;;0:37;0;0;0;0;0;0;0;0;0;0;0;0;0;0;0;
Victor Claver;;1:05;0;0;0;0;0;0;0;0;0;0;0;0;0;0;0;
Victor Claver;;1:01;0;0;0;0;0;0;0;0;0;0;0;0;0;0;0;
Victor Claver;;23:12;4;9;1;3;3;3;4;2;6;4;2;0;1;0;12;
Victor Claver;;1:22;0;0;0;0;0;0;0;0;0;0;0;0;0;0;0;
Victor Claver;;1:11;0;0;0;0;0;0;0;0;0;0;0;0;0;0;0;
Victor Claver;;1:24;0;0;0;0;0;0;0;0;0;0;0;0;1;0;0;
