╔═══════════════╤═══════════════╗
║Name		│Vince Carter	║
╟───────────────┼───────────────╢
║Number		│25		║
╟───────────────┼───────────────╢
║Position	│G-F		║
╟───────────────┼───────────────╢
║Height		│6-6		║
╟───────────────┼───────────────╢
║Weight		│220		║
╟───────────────┼───────────────╢
║Birth		│JAN 26, 1977	║
╟───────────────┼───────────────╢
║Age		│37		║
╟───────────────┼───────────────╢
║Exp		│15		║
╟───────────────┼───────────────╢
║School		│North Carolina	║
╚═══════════════╧═══════════════╝
Vince Carter;;28:05;4;10;3;7;2;2;0;0;0;3;1;0;0;0;13;
Vince Carter;;24:54;3;10;2;7;0;0;0;3;3;5;0;0;2;5;8;
Vince Carter;;23:55;4;13;2;7;3;6;0;4;4;1;0;1;0;3;13;
Vince Carter;;25:30;7;12;3;5;2;2;2;3;5;1;1;0;1;1;19;
Vince Carter;;22:57;6;14;2;4;0;0;1;0;1;3;1;0;0;2;14;
Vince Carter;;20:24;4;6;3;5;3;4;0;1;1;0;0;0;2;2;14;
Vince Carter;;26:44;3;9;1;5;3;4;0;2;2;3;0;0;3;1;10;
Vince Carter;;22:52;6;10;3;4;2;2;0;1;1;2;0;0;0;1;17;
Vince Carter;;23:25;2;8;0;4;2;2;1;2;3;7;0;0;0;3;6;
Vince Carter;;22:16;3;9;2;5;0;0;0;7;7;1;0;0;5;2;8;
Vince Carter;;18:21;4;8;1;1;2;2;0;2;2;0;0;0;1;1;11;
Vince Carter;;20:34;1;9;0;2;3;3;0;4;4;2;1;0;0;3;5;
Vince Carter;;22:11;3;7;1;2;1;1;0;1;1;4;1;0;1;5;8;
Vince Carter;;29:31;8;15;2;4;1;2;1;2;3;3;1;0;2;1;19;
Vince Carter;;22:46;4;8;1;5;4;6;0;5;5;3;0;1;1;0;13;
Vince Carter;;25:41;5;9;2;4;10;11;0;3;3;3;0;1;3;3;22;
Vince Carter;;26:14;2;6;0;2;0;0;1;2;3;1;0;0;1;3;4;
Vince Carter;;22:04;3;6;1;4;0;0;0;7;7;2;0;2;0;4;7;
Vince Carter;;24:08;5;8;1;2;2;2;1;1;2;7;0;0;1;2;13;
Vince Carter;;25:12;3;6;1;2;2;4;1;7;8;4;2;0;0;2;9;
Vince Carter;;20:31;4;11;3;6;3;4;1;1;2;1;2;1;2;2;14;
Vince Carter;;20:50;4;15;0;4;0;0;0;1;1;0;1;0;0;3;8;
Vince Carter;;22:15;4;11;3;6;0;0;0;3;3;4;1;0;0;1;11;
Vince Carter;;26:26;2;9;1;5;10;11;6;1;7;1;1;0;2;3;15;
Vince Carter;;21:20;1;4;1;3;4;5;0;9;9;2;2;1;0;4;7;
Vince Carter;;29:32;5;13;3;6;5;6;2;4;6;5;1;1;2;0;18;
Vince Carter;;25:37;8;17;7;12;0;0;1;2;3;3;0;1;0;4;23;
Vince Carter;;21:37;6;9;1;3;4;4;0;2;2;2;1;0;2;1;17;
Vince Carter;;26:24;5;14;4;8;1;2;3;4;7;1;3;1;1;3;15;
Vince Carter;;29:04;9;16;3;6;0;0;0;4;4;5;0;0;0;2;21;
Vince Carter;;20:47;5;12;3;7;4;4;0;1;1;0;1;0;1;4;17;
Vince Carter;;23:04;3;6;0;0;3;4;2;2;4;0;1;0;2;3;9;
Vince Carter;;24:32;3;8;1;3;3;4;5;2;7;3;1;0;0;3;10;
Vince Carter;;22:06;3;10;2;5;2;2;0;2;2;0;1;0;1;2;10;
Vince Carter;;24:13;3;9;2;5;0;0;1;2;3;3;0;0;0;3;8;
Vince Carter;;20:37;5;12;4;8;4;4;0;2;2;2;0;0;0;1;18;
Vince Carter;;25:45;4;13;0;5;1;1;2;1;3;2;0;1;0;2;9;
Vince Carter;;29:41;4;7;3;4;3;3;0;5;5;3;1;1;4;6;14;
Vince Carter;;24:31;5;12;3;5;0;0;0;3;3;4;2;1;0;2;13;
Vince Carter;;28:13;4;13;2;5;2;2;6;4;10;4;0;0;2;3;12;
Vince Carter;;26:06;4;11;4;9;4;6;0;5;5;1;2;1;4;2;16;
Vince Carter;;28:20;9;13;4;5;1;2;1;0;1;1;0;1;3;4;23;
Vince Carter;;25:20;4;10;2;6;0;0;0;2;2;3;1;0;0;3;10;
Vince Carter;;30:58;4;13;3;7;1;2;2;2;4;4;2;1;0;2;12;
Vince Carter;;25:22;6;12;4;7;0;0;0;2;2;1;1;0;0;3;16;
Vince Carter;;15:41;0;8;0;2;0;0;1;0;1;3;0;1;3;4;0;
Vince Carter;;24:40;6;13;4;9;1;1;0;2;2;3;0;1;2;2;17;
Vince Carter;;22:16;5;11;3;7;0;0;0;2;2;3;0;0;1;4;13;
Vince Carter;;27:07;2;5;0;0;2;2;0;4;4;2;0;1;0;3;6;
Vince Carter;;21:01;4;13;2;6;0;0;0;5;5;2;2;0;3;5;10;
Vince Carter;;26:24;4;11;1;4;0;2;0;2;2;0;2;0;2;4;9;
Vince Carter;;25:22;9;16;2;5;1;2;0;4;4;2;1;0;2;3;21;
Vince Carter;;26:41;2;8;0;3;2;2;2;3;5;1;0;1;1;3;6;
Vince Carter;;25:47;3;8;1;4;4;5;0;1;1;2;0;0;0;1;11;
Vince Carter;;18:01;3;10;2;5;0;0;0;1;1;3;0;0;0;3;8;
Vince Carter;;13:46;0;4;0;2;0;0;0;1;1;2;0;0;0;1;0;
Vince Carter;;20:53;4;11;1;4;4;4;1;2;3;3;1;1;5;5;13;
Vince Carter;;25:40;6;13;4;9;0;0;1;2;3;3;0;0;0;4;16;
Vince Carter;;27:12;7;12;3;6;4;4;1;2;3;1;1;1;3;3;21;
Vince Carter;;23:54;4;10;2;7;2;2;0;3;3;1;1;0;0;0;12;
Vince Carter;;24:32;2;5;1;3;1;2;0;4;4;2;1;2;2;2;6;
Vince Carter;;25:11;2;7;0;3;5;7;1;4;5;5;2;0;1;2;9;
Vince Carter;;21:56;3;9;2;5;0;1;1;3;4;0;0;1;2;3;8;
Vince Carter;;24:02;6;13;4;5;0;0;1;2;3;0;0;1;0;1;16;
Vince Carter;;22:57;3;13;0;4;2;2;2;0;2;3;0;1;1;3;8;
Vince Carter;;26:38;3;10;1;3;0;0;1;4;5;2;0;0;1;2;7;
Vince Carter;;31:06;3;10;1;4;2;2;1;2;3;4;2;0;1;2;9;
Vince Carter;;30:07;4;12;1;3;1;1;2;3;5;4;1;1;0;1;10;
Vince Carter;;25:45;3;8;2;5;2;4;0;7;7;3;1;0;1;1;10;
Vince Carter;;24:06;5;9;3;4;2;2;2;3;5;4;0;0;1;3;15;
Vince Carter;;25:10;4;13;0;3;0;0;1;3;4;4;0;0;4;3;8;
Vince Carter;;24:05;3;11;0;4;1;1;0;1;1;1;3;1;2;3;7;
Vince Carter;;23:25;4;9;1;3;0;0;2;2;4;3;0;0;2;4;9;
Vince Carter;;25:32;5;10;3;5;2;3;3;3;6;9;3;1;2;2;15;
Vince Carter;;29:44;4;6;1;2;5;6;1;3;4;6;0;1;2;2;14;
Vince Carter;;17:49;0;1;0;0;0;0;1;2;3;2;2;0;6;4;0;
Vince Carter;;25:13;5;11;1;5;3;4;0;1;1;4;0;2;1;3;14;
Vince Carter;;28:12;6;8;2;3;2;2;1;3;4;4;1;0;3;5;16;
Vince Carter;;26:27;4;12;1;4;11;11;0;2;2;3;0;0;2;5;20;
Vince Carter;;21:56;6;9;3;5;3;3;0;4;4;3;1;1;2;1;18;
Vince Carter;;23:42;2;9;0;4;2;2;1;4;5;5;3;1;1;2;6;
