╔═══════════════╤═══════════════╗
║Name		│Vitor Faverani	║
╟───────────────┼───────────────╢
║Number		│38		║
╟───────────────┼───────────────╢
║Position	│C		║
╟───────────────┼───────────────╢
║Height		│6-11		║
╟───────────────┼───────────────╢
║Weight		│260		║
╟───────────────┼───────────────╢
║Birth		│MAY 05, 1988	║
╟───────────────┼───────────────╢
║Age		│26		║
╟───────────────┼───────────────╢
║Exp		│R		║
╟───────────────┼───────────────╢
║School		│ 		║
╚═══════════════╧═══════════════╝
Vitor Faverani;;9:06;1;5;0;1;2;2;1;0;1;0;1;0;2;2;4;
Vitor Faverani;;6:36;0;0;0;0;0;0;0;1;1;0;1;0;1;0;0;
Vitor Faverani;;15:35;4;8;0;1;2;2;4;1;5;1;0;0;2;6;10;
Vitor Faverani;;4:25;0;0;0;0;0;0;0;0;0;0;1;0;0;1;0;
Vitor Faverani;;5:00;1;2;1;1;0;0;0;1;1;1;0;0;0;2;3;
Vitor Faverani;;10:23;1;3;0;1;0;0;1;3;4;1;0;0;0;0;2;
Vitor Faverani;;5:07;1;2;0;0;0;0;0;1;1;0;0;0;1;0;2;
Vitor Faverani;;13:24;2;5;0;1;0;0;0;3;3;0;2;0;1;0;4;
Vitor Faverani;C;26:41;4;9;0;1;5;8;1;2;3;0;0;3;3;5;13;
Vitor Faverani;C;37:07;4;6;0;1;4;6;6;12;18;1;1;6;3;4;12;
Vitor Faverani;C;18:32;4;6;0;1;0;0;1;1;2;1;2;1;2;2;8;
Vitor Faverani;C;27:38;2;4;1;3;0;0;2;4;6;0;1;1;3;4;5;
Vitor Faverani;C;6:04;0;4;0;1;0;0;1;2;3;2;0;0;0;1;0;
Vitor Faverani;C;16:34;1;4;1;2;0;0;2;3;5;1;0;0;1;2;3;
Vitor Faverani;;2:41;1;1;0;0;0;0;0;0;0;0;0;0;0;2;2;
Vitor Faverani;;14:24;2;4;0;2;0;0;1;4;5;0;1;2;0;0;4;
Vitor Faverani;;22:02;2;8;1;2;2;4;3;6;9;1;0;1;3;3;7;
Vitor Faverani;;14:51;3;4;1;1;2;3;0;3;3;0;0;0;2;3;9;
Vitor Faverani;C;26:35;3;7;2;4;1;2;5;9;14;1;3;4;2;3;9;
Vitor Faverani;C;14:28;2;6;0;0;1;2;4;1;5;1;0;0;1;5;5;
Vitor Faverani;;2:05;0;1;0;1;0;0;0;0;0;0;0;0;0;2;0;
Vitor Faverani;;10:48;0;2;0;1;0;0;0;2;2;0;0;0;2;0;0;
Vitor Faverani;;14:08;4;6;1;1;2;2;2;3;5;0;0;1;2;1;11;
Vitor Faverani;;12:59;2;5;1;1;0;0;0;2;2;1;0;0;1;4;5;
Vitor Faverani;;13:10;3;8;1;2;0;0;2;1;3;0;0;0;0;0;7;
Vitor Faverani;;21:57;2;7;0;2;2;4;2;7;9;0;1;2;1;5;6;
Vitor Faverani;;15:02;3;6;0;0;1;2;0;0;0;0;0;0;1;2;7;
Vitor Faverani;;6:45;0;2;0;1;0;0;0;0;0;1;0;1;0;1;0;
Vitor Faverani;;19:39;3;6;1;2;0;0;2;2;4;2;0;1;2;3;7;
Vitor Faverani;;7:19;0;0;0;0;0;0;1;1;2;0;0;0;2;2;0;
Vitor Faverani;;4:27;0;0;0;0;0;0;0;0;0;0;0;0;0;2;0;
Vitor Faverani;;5:17;0;1;0;0;0;0;0;0;0;0;0;0;0;0;0;
Vitor Faverani;;13:54;3;4;1;2;0;0;0;4;4;1;0;1;1;2;7;
Vitor Faverani;;11:53;3;4;0;1;0;0;1;4;5;0;0;1;0;2;6;
Vitor Faverani;;10:34;2;3;0;1;0;0;0;1;1;0;0;0;1;0;4;
Vitor Faverani;;7:25;1;1;0;0;0;0;0;0;0;0;0;0;0;1;2;
Vitor Faverani;;13:05;0;3;0;2;0;0;0;2;2;0;0;2;1;2;0;
