╔═══════════════╤═══════════════╗
║Name		│Wayne Ellington║
╟───────────────┼───────────────╢
║Number		│N/A		║
╟───────────────┼───────────────╢
║Position	│G		║
╟───────────────┼───────────────╢
║Height		│6-4		║
╟───────────────┼───────────────╢
║Weight		│200		║
╟───────────────┼───────────────╢
║Birth		│NOV 29, 1987	║
╟───────────────┼───────────────╢
║Age		│26		║
╟───────────────┼───────────────╢
║Exp		│4		║
╟───────────────┼───────────────╢
║School		│North Carolina	║
╚═══════════════╧═══════════════╝
Wayne Ellington;;4:04;0;1;0;0;0;0;0;0;0;0;0;0;0;0;0;
Wayne Ellington;;6:46;0;3;0;1;0;0;0;0;0;0;0;0;0;0;0;
Wayne Ellington;F;11:30;2;4;1;2;0;0;0;0;0;0;0;0;0;1;5;
Wayne Ellington;;20:52;5;8;2;5;0;0;1;5;6;1;0;0;1;1;12;
Wayne Ellington;;5:56;2;2;2;2;0;0;0;0;0;1;0;0;0;0;6;
Wayne Ellington;;14:30;3;5;1;1;1;1;0;4;4;0;0;0;0;2;8;
Wayne Ellington;;7:52;0;2;0;1;0;0;0;1;1;0;0;0;1;0;0;
Wayne Ellington;;19:22;1;5;1;2;0;0;0;3;3;2;1;0;1;1;3;
Wayne Ellington;;3:35;1;2;1;1;0;0;0;0;0;0;0;0;0;0;3;
Wayne Ellington;;14:17;2;2;0;0;0;0;0;1;1;0;0;0;0;0;4;
Wayne Ellington;;0:54;1;2;1;2;0;0;0;0;0;0;0;0;0;0;3;
Wayne Ellington;;13:15;2;4;0;2;2;2;0;0;0;4;1;0;2;1;6;
Wayne Ellington;;15:40;2;3;1;2;2;2;0;2;2;2;1;0;0;1;7;
Wayne Ellington;;10:04;2;3;1;2;0;0;0;1;1;0;0;0;0;2;5;
Wayne Ellington;;21:46;4;6;4;5;0;0;0;2;2;1;0;0;1;2;12;
Wayne Ellington;;13:28;1;4;0;3;0;0;0;1;1;0;0;0;0;1;2;
Wayne Ellington;;11:47;1;4;1;1;0;0;1;1;2;0;0;0;0;3;3;
Wayne Ellington;;15:09;2;5;0;2;1;1;1;0;1;0;2;0;0;2;5;
Wayne Ellington;;12:53;4;5;3;3;0;0;1;1;2;1;0;0;0;2;11;
Wayne Ellington;;4:48;1;1;0;0;0;0;0;1;1;0;0;0;3;1;2;
Wayne Ellington;;4:29;0;0;0;0;0;0;0;1;1;0;0;0;0;0;0;
Wayne Ellington;;3:18;0;0;0;0;0;0;0;0;0;0;0;0;0;0;0;
Wayne Ellington;;1:11;0;1;0;1;0;0;0;0;0;0;0;0;0;0;0;
Wayne Ellington;;5:02;0;2;0;0;0;0;0;1;1;0;1;0;0;1;0;
Wayne Ellington;;0:03;0;0;0;0;0;0;0;0;0;0;0;0;0;0;0;
Wayne Ellington;;6:07;1;1;0;0;0;0;1;1;2;0;0;0;0;1;2;
Wayne Ellington;;0:32;0;0;0;0;0;0;0;0;0;0;0;0;0;0;0;
Wayne Ellington;;13:42;2;4;1;3;1;2;1;2;3;0;1;0;0;1;6;
Wayne Ellington;;15:41;1;7;1;4;1;1;1;1;2;2;0;1;0;1;4;
Wayne Ellington;;8:50;1;3;0;0;0;0;0;1;1;0;0;0;1;0;2;
Wayne Ellington;;8:10;0;1;0;1;0;0;0;1;1;0;0;0;0;0;0;
Wayne Ellington;;13:45;2;2;2;2;0;0;0;1;1;1;0;0;1;2;6;
Wayne Ellington;;5:43;1;2;0;1;0;0;0;0;0;0;0;0;0;0;2;
Wayne Ellington;;6:16;1;2;0;0;0;0;0;0;0;0;1;0;0;0;2;
Wayne Ellington;;13:36;0;3;0;2;0;0;0;0;0;0;1;0;0;1;0;
Wayne Ellington;;6:28;3;3;0;0;0;0;0;0;0;0;0;0;0;2;6;
Wayne Ellington;;1:36;0;0;0;0;0;0;0;0;0;0;0;0;0;0;0;
Wayne Ellington;;2:57;1;2;1;1;0;0;0;0;0;0;0;0;0;2;3;
Wayne Ellington;;4:16;0;2;0;1;0;0;0;1;1;1;0;1;0;1;0;
Wayne Ellington;;0:17;0;0;0;0;0;0;0;0;0;0;0;0;0;0;0;
Wayne Ellington;;11:33;3;6;0;1;2;2;1;0;1;0;1;0;0;0;8;
Wayne Ellington;;22:49;3;11;1;5;0;0;0;1;1;2;2;0;0;1;7;
Wayne Ellington;;3:06;0;1;0;0;0;0;0;0;0;1;0;0;0;0;0;
Wayne Ellington;;4:55;0;2;0;0;0;0;0;1;1;0;3;0;0;0;0;
Wayne Ellington;;0:06;0;0;0;0;0;0;0;0;0;0;1;0;0;0;0;
