╔═══════════════╤═══════════════╗
║Name		│Wesley Johnson	║
╟───────────────┼───────────────╢
║Number		│11		║
╟───────────────┼───────────────╢
║Position	│F		║
╟───────────────┼───────────────╢
║Height		│6-7		║
╟───────────────┼───────────────╢
║Weight		│215		║
╟───────────────┼───────────────╢
║Birth		│JUL 11, 1987	║
╟───────────────┼───────────────╢
║Age		│26		║
╟───────────────┼───────────────╢
║Exp		│3		║
╟───────────────┼───────────────╢
║School		│Syracuse	║
╚═══════════════╧═══════════════╝
Wesley Johnson;;21:18;5;5;1;1;0;0;0;1;1;1;2;1;0;3;11;
Wesley Johnson;F;26:23;1;5;0;3;0;0;1;2;3;0;1;1;1;0;2;
Wesley Johnson;F;35:45;7;14;3;7;0;0;3;1;4;1;0;0;2;3;17;
Wesley Johnson;F;30:51;4;13;2;5;0;0;3;1;4;3;3;0;2;1;10;
Wesley Johnson;F;34:14;5;11;1;3;3;3;0;1;1;0;0;0;2;2;14;
Wesley Johnson;F;37:38;7;13;1;5;2;2;1;4;5;4;2;1;1;3;17;
Wesley Johnson;F;43:33;7;14;2;5;6;7;1;4;5;1;2;1;1;5;22;
Wesley Johnson;F;37:51;3;7;3;5;2;4;1;10;11;3;1;2;3;3;11;
Wesley Johnson;F;23:45;2;4;2;3;2;2;1;2;3;1;0;1;2;4;8;
Wesley Johnson;F;14:23;0;4;0;3;1;2;0;1;1;0;0;0;1;1;1;
Wesley Johnson;F;18:27;3;6;1;3;0;0;0;1;1;1;1;0;0;2;7;
Wesley Johnson;F;18:38;2;7;1;3;0;0;0;3;3;2;0;0;0;3;5;
Wesley Johnson;;23:06;3;8;0;4;0;0;1;4;5;1;1;0;0;2;6;
Wesley Johnson;F;30:30;3;7;1;2;0;0;2;8;10;1;0;1;1;1;7;
Wesley Johnson;F;20:08;1;5;0;1;1;2;2;3;5;1;1;0;1;1;3;
Wesley Johnson;;38:02;7;16;1;2;0;0;3;6;9;1;0;2;1;4;15;
Wesley Johnson;F;41:07;8;15;4;7;0;0;2;7;9;0;0;2;0;3;20;
Wesley Johnson;F;42:56;6;13;2;3;3;3;0;3;3;1;5;3;1;1;17;
Wesley Johnson;F;29:42;3;8;0;2;0;0;1;3;4;3;1;1;1;2;6;
Wesley Johnson;F;37:21;7;14;1;3;0;0;0;6;6;0;0;0;2;3;15;
Wesley Johnson;F;41:58;8;13;1;2;2;4;0;0;0;0;1;0;3;5;19;
Wesley Johnson;F;42:18;9;13;4;6;2;3;0;7;7;1;2;0;2;3;24;
Wesley Johnson;F;22:58;0;4;0;3;1;2;0;3;3;0;1;1;0;4;1;
Wesley Johnson;F;18:26;1;1;1;1;0;0;0;4;4;0;1;1;0;4;3;
Wesley Johnson;F;25:04;6;10;2;3;1;2;1;4;5;0;1;1;0;5;15;
Wesley Johnson;F;37:50;7;14;4;8;0;0;1;4;5;2;0;4;1;3;18;
Wesley Johnson;F;36:29;5;10;2;4;0;0;1;11;12;3;1;3;0;4;12;
Wesley Johnson;F;36:19;7;11;0;1;0;0;2;5;7;4;2;2;3;3;14;
Wesley Johnson;F;29:10;2;5;1;2;2;2;1;2;3;1;1;0;2;5;7;
Wesley Johnson;F;30:01;1;9;0;7;0;0;1;3;4;1;4;1;2;4;2;
Wesley Johnson;F;18:53;2;6;0;2;0;0;1;5;6;0;1;1;1;3;4;
Wesley Johnson;F;36:58;3;8;1;4;4;5;0;3;3;5;1;1;1;4;11;
Wesley Johnson;F;30:01;4;11;2;5;0;0;2;2;4;0;0;0;0;3;10;
Wesley Johnson;F;33:13;4;10;0;2;1;2;0;2;2;2;1;1;3;1;9;
Wesley Johnson;F;15:44;3;6;2;4;0;0;3;2;5;1;0;0;2;2;8;
Wesley Johnson;F;20:38;2;7;1;3;2;2;0;2;2;2;0;1;3;1;7;
Wesley Johnson;F;15:14;1;3;0;0;0;0;0;2;2;0;0;0;0;2;2;
Wesley Johnson;F;18:35;1;2;0;1;1;1;0;1;1;1;0;0;0;0;3;
Wesley Johnson;;24:13;6;10;1;2;0;0;0;0;0;1;2;0;1;5;13;
Wesley Johnson;;11:04;0;4;0;3;0;0;0;1;1;1;0;0;0;1;0;
Wesley Johnson;;27:54;3;6;2;2;0;0;2;10;12;3;1;0;1;1;8;
Wesley Johnson;;31:57;3;13;0;2;0;1;3;8;11;2;3;2;2;0;6;
Wesley Johnson;;29:32;3;8;2;4;2;2;0;6;6;3;3;0;1;3;10;
Wesley Johnson;F;38:42;3;11;3;5;2;2;1;3;4;5;1;0;2;1;11;
Wesley Johnson;F;30:06;4;8;0;3;0;0;0;6;6;1;1;0;0;3;8;
Wesley Johnson;F;40:09;6;12;3;5;0;0;3;12;15;4;1;0;1;1;15;
Wesley Johnson;F;37:55;3;6;2;3;4;4;2;4;6;4;5;3;1;3;12;
Wesley Johnson;F;34:38;5;17;1;7;0;0;1;10;11;2;0;0;0;1;11;
Wesley Johnson;;20:32;1;11;1;4;0;0;0;3;3;1;0;1;0;4;3;
Wesley Johnson;;24:57;4;11;3;6;0;0;0;3;3;3;2;2;1;5;11;
Wesley Johnson;;27:22;5;11;2;4;0;0;0;2;2;0;1;2;0;3;12;
Wesley Johnson;;20:56;3;6;0;1;3;3;3;4;7;0;0;3;0;5;9;
Wesley Johnson;;21:22;3;8;1;3;0;0;2;5;7;2;2;1;1;4;7;
Wesley Johnson;;28:22;6;15;3;8;1;2;3;1;4;0;1;2;2;3;16;
Wesley Johnson;;21:09;1;5;1;3;0;0;0;5;5;3;0;0;0;2;3;
Wesley Johnson;;22:13;2;10;1;2;0;0;1;2;3;1;0;1;1;2;5;
Wesley Johnson;F;20:52;2;4;0;1;1;2;0;5;5;0;0;0;1;3;5;
Wesley Johnson;F;31:38;3;6;2;3;2;2;2;3;5;2;3;5;2;5;10;
Wesley Johnson;F;15:15;0;1;0;0;0;0;0;2;2;2;1;0;2;1;0;
Wesley Johnson;F;21:21;6;8;1;2;0;0;0;1;1;2;1;2;0;1;13;
Wesley Johnson;F;22:50;1;4;0;1;0;0;0;3;3;1;1;0;1;2;2;
Wesley Johnson;F;21:07;3;4;1;2;0;0;0;2;2;0;2;2;3;2;7;
Wesley Johnson;F;37:43;4;7;3;6;0;0;0;2;2;3;2;1;1;1;11;
Wesley Johnson;F;24:58;2;6;0;3;0;0;3;2;5;2;2;0;0;5;4;
Wesley Johnson;F;33:23;9;11;6;7;3;4;1;5;6;2;0;3;2;2;27;
Wesley Johnson;F;27:05;3;5;1;3;0;0;0;2;2;0;0;3;1;6;7;
Wesley Johnson;F;32:04;5;9;3;5;0;0;1;1;2;2;5;1;3;3;13;
Wesley Johnson;F;24:40;1;3;0;1;0;0;0;3;3;2;0;1;0;3;2;
Wesley Johnson;;20:00;2;6;1;2;0;0;0;1;1;0;2;1;1;2;5;
Wesley Johnson;F;34:22;6;13;1;6;0;0;1;2;3;1;2;1;0;3;13;
Wesley Johnson;F;35:37;3;8;3;6;0;0;0;4;4;2;1;1;0;0;9;
Wesley Johnson;F;27:42;3;9;0;2;0;0;1;3;4;1;0;1;1;1;6;
Wesley Johnson;F;31:42;3;8;0;3;1;1;2;3;5;6;1;1;1;1;7;
Wesley Johnson;F;30:22;3;8;0;3;0;0;0;4;4;5;2;1;2;3;6;
Wesley Johnson;F;38:31;0;7;0;5;2;2;1;4;5;2;1;0;3;3;2;
Wesley Johnson;F;38:50;3;5;1;3;2;2;0;4;4;3;0;2;2;3;9;
Wesley Johnson;F;26:39;4;10;4;9;0;0;0;2;2;2;0;0;2;4;12;
Wesley Johnson;F;16:08;0;2;0;2;0;0;0;0;0;0;0;0;1;1;0;
Wesley Johnson;F;18:46;0;3;0;1;2;2;2;2;4;0;0;1;2;2;2;
