╔═══════════════╤═══════════════╗
║Name		│Wesley Matthews║
╟───────────────┼───────────────╢
║Number		│2		║
╟───────────────┼───────────────╢
║Position	│G		║
╟───────────────┼───────────────╢
║Height		│6-5		║
╟───────────────┼───────────────╢
║Weight		│220		║
╟───────────────┼───────────────╢
║Birth		│OCT 14, 1986	║
╟───────────────┼───────────────╢
║Age		│27		║
╟───────────────┼───────────────╢
║Exp		│4		║
╟───────────────┼───────────────╢
║School		│Marquette	║
╚═══════════════╧═══════════════╝
Wesley Matthews;G;26:56;8;11;5;6;4;5;1;0;1;2;0;0;2;2;25;
Wesley Matthews;G;35:35;4;12;0;5;5;7;2;1;3;4;2;0;1;2;13;
Wesley Matthews;G;36:32;3;12;1;7;2;2;0;6;6;3;2;1;0;5;9;
Wesley Matthews;G;30:07;6;17;3;9;2;2;2;3;5;4;0;0;1;4;17;
Wesley Matthews;G;34:23;5;12;2;4;6;6;1;4;5;3;0;0;1;1;18;
Wesley Matthews;G;31:42;5;12;3;7;2;2;0;1;1;4;1;0;2;1;15;
Wesley Matthews;G;33:33;9;14;6;7;0;0;1;5;6;0;1;0;3;3;24;
Wesley Matthews;G;27:37;3;10;2;7;2;2;0;2;2;3;1;0;2;2;10;
Wesley Matthews;G;33:54;8;17;2;9;0;0;0;1;1;1;2;0;1;3;18;
Wesley Matthews;G;35:10;7;15;4;8;3;4;1;3;4;4;1;0;1;0;21;
Wesley Matthews;G;39:26;8;15;2;6;6;6;0;1;1;4;1;0;1;3;24;
Wesley Matthews;G;34:01;6;10;1;5;5;8;1;5;6;2;1;1;2;3;18;
Wesley Matthews;G;36:16;5;14;2;6;9;11;0;5;5;2;0;0;2;4;21;
Wesley Matthews;G;34:58;2;9;2;6;2;2;0;3;3;5;0;0;1;1;8;
Wesley Matthews;G;33:35;7;11;5;7;2;2;0;0;0;3;1;0;2;5;21;
Wesley Matthews;G;36:38;4;10;1;6;0;0;0;4;4;3;0;0;3;2;9;
Wesley Matthews;G;35:51;6;15;3;6;3;4;0;7;7;1;0;0;0;1;18;
Wesley Matthews;G;39:14;7;22;2;8;3;3;0;2;2;1;1;0;0;1;19;
Wesley Matthews;G;32:59;6;14;3;5;6;7;0;1;1;6;0;0;0;5;21;
Wesley Matthews;G;32:26;2;10;0;4;7;8;0;3;3;2;2;0;4;1;11;
Wesley Matthews;G;34:39;5;16;3;9;2;5;0;6;6;1;0;0;1;4;15;
Wesley Matthews;G;36:58;6;18;2;5;4;7;1;4;5;3;3;0;1;0;18;
Wesley Matthews;G;32:52;9;17;1;3;5;5;2;1;3;1;0;1;2;0;24;
Wesley Matthews;G;33:22;4;14;3;6;6;6;0;0;0;2;1;0;3;2;17;
Wesley Matthews;G;33:07;2;13;1;7;6;6;0;1;1;2;2;0;0;3;11;
Wesley Matthews;G;27:40;3;7;1;2;1;1;1;3;4;3;1;2;2;0;8;
Wesley Matthews;G;31:36;3;8;0;3;2;2;2;2;4;2;1;1;0;3;8;
Wesley Matthews;G;34:45;3;12;1;6;0;0;2;3;5;4;2;0;1;3;7;
Wesley Matthews;G;28:37;3;8;2;4;2;2;1;0;1;1;1;0;0;2;10;
Wesley Matthews;G;34:26;11;19;4;8;0;1;1;5;6;0;1;0;2;3;26;
Wesley Matthews;G;41:09;5;15;4;11;12;13;2;2;4;2;3;1;0;5;26;
Wesley Matthews;G;34:34;1;7;0;2;3;4;1;1;2;3;2;0;0;1;5;
Wesley Matthews;G;35:56;5;11;1;5;2;6;1;3;4;4;0;0;2;2;13;
Wesley Matthews;G;37:02;6;13;3;8;5;6;0;2;2;2;0;0;1;2;20;
Wesley Matthews;G;35:11;3;12;1;5;6;6;0;4;4;3;0;0;2;3;13;
Wesley Matthews;G;41:16;8;15;5;7;5;5;1;1;2;2;2;0;3;4;26;
Wesley Matthews;G;33:20;8;16;4;9;8;8;1;0;1;5;1;0;1;4;28;
Wesley Matthews;G;27:14;6;12;1;5;2;2;0;0;0;0;1;0;1;2;15;
Wesley Matthews;G;36:10;6;15;3;11;0;0;0;2;2;0;0;0;2;2;15;
Wesley Matthews;G;35:01;5;13;4;8;4;4;0;1;1;3;0;0;1;2;18;
Wesley Matthews;G;31:45;4;10;3;6;0;0;1;2;3;2;1;0;4;2;11;
Wesley Matthews;G;30:50;4;12;1;5;2;2;0;2;2;2;0;0;0;1;11;
Wesley Matthews;G;32:27;4;9;2;4;5;5;0;3;3;5;1;0;2;2;15;
Wesley Matthews;G;32:32;4;12;2;7;0;0;0;4;4;6;0;1;1;1;10;
Wesley Matthews;G;34:07;3;9;1;4;2;4;0;1;1;1;3;0;2;2;9;
Wesley Matthews;G;31:01;7;13;3;7;4;4;0;5;5;1;0;0;2;4;21;
Wesley Matthews;G;37:37;7;12;2;7;3;3;0;4;4;3;0;0;2;4;19;
Wesley Matthews;G;29:57;6;14;3;7;6;8;1;0;1;1;1;0;0;1;21;
Wesley Matthews;G;41:52;6;13;4;10;8;10;0;3;3;3;1;0;4;2;24;
Wesley Matthews;G;12:00;3;7;2;5;0;0;0;0;0;3;0;0;0;1;8;
Wesley Matthews;G;33:09;3;9;1;4;2;2;2;5;7;4;0;0;1;1;9;
Wesley Matthews;G;35:41;7;13;4;4;3;3;1;11;12;3;1;0;1;2;21;
Wesley Matthews;G;33:29;8;13;3;6;1;2;0;3;3;2;1;1;1;1;20;
Wesley Matthews;G;36:19;6;12;3;8;4;7;1;2;3;0;1;0;0;5;19;
Wesley Matthews;G;33:27;7;11;2;3;2;2;0;7;7;3;2;0;5;3;18;
Wesley Matthews;G;34:37;8;11;3;5;2;2;2;3;5;1;1;1;2;0;21;
Wesley Matthews;G;29:37;1;3;1;3;0;0;1;0;1;1;2;0;0;0;3;
Wesley Matthews;G;36:41;4;9;2;4;1;2;0;2;2;0;0;0;0;2;11;
Wesley Matthews;G;31:54;3;6;2;5;5;5;0;5;5;2;1;0;2;4;13;
Wesley Matthews;G;39:22;6;12;4;7;1;2;2;4;6;1;0;1;0;1;17;
Wesley Matthews;G;36:53;9;13;5;8;1;2;1;5;6;1;1;0;0;3;24;
Wesley Matthews;G;32:22;6;15;3;9;0;0;1;2;3;3;1;0;2;2;15;
Wesley Matthews;G;36:36;12;19;4;8;0;0;0;2;2;1;2;0;2;1;28;
Wesley Matthews;G;25:39;8;9;5;6;2;4;0;3;3;2;1;0;2;2;23;
Wesley Matthews;G;37:31;6;14;3;9;2;2;0;6;6;0;0;0;1;4;17;
Wesley Matthews;G;28:33;3;6;2;4;0;0;0;5;5;3;0;0;0;1;8;
Wesley Matthews;G;36:22;4;8;3;5;6;7;0;2;2;3;3;0;3;3;17;
Wesley Matthews;G;35:39;5;11;1;2;4;5;1;0;1;3;2;0;2;0;15;
Wesley Matthews;G;32:13;4;12;1;4;4;4;3;2;5;1;1;0;2;3;13;
Wesley Matthews;G;28:03;8;11;4;6;4;5;0;0;0;1;0;0;1;2;24;
Wesley Matthews;G;34:48;2;10;0;4;0;0;1;6;7;4;1;0;1;1;4;
Wesley Matthews;G;34:01;6;11;1;4;3;4;0;3;3;3;0;0;1;2;16;
Wesley Matthews;G;35:08;6;16;2;8;4;5;0;2;2;2;1;0;3;3;18;
Wesley Matthews;G;25:51;5;14;4;10;0;0;1;3;4;3;2;1;0;1;14;
Wesley Matthews;G;40:14;5;13;1;5;3;4;1;4;5;2;1;0;0;2;14;
Wesley Matthews;G;34:35;6;10;3;6;4;4;1;1;2;3;0;0;0;1;19;
Wesley Matthews;G;39:25;4;13;2;9;6;6;1;4;5;1;0;0;2;3;16;
Wesley Matthews;G;33:43;7;16;2;6;2;2;2;4;6;0;2;1;0;1;18;
Wesley Matthews;G;38:20;5;12;4;10;5;6;0;7;7;6;0;0;3;1;19;
Wesley Matthews;G;33:36;9;14;5;8;0;0;1;2;3;1;2;0;1;0;23;
Wesley Matthews;G;38:28;6;13;3;8;3;4;0;5;5;3;2;1;1;1;18;
Wesley Matthews;G;38:06;5;16;2;9;4;4;1;6;7;7;1;0;0;4;16;
