╔═══════════════╤═══════════════╗
║Name		│Willie Green	║
╟───────────────┼───────────────╢
║Number		│34		║
╟───────────────┼───────────────╢
║Position	│G		║
╟───────────────┼───────────────╢
║Height		│6-3		║
╟───────────────┼───────────────╢
║Weight		│201		║
╟───────────────┼───────────────╢
║Birth		│JUL 28, 1981	║
╟───────────────┼───────────────╢
║Age		│32		║
╟───────────────┼───────────────╢
║Exp		│10		║
╟───────────────┼───────────────╢
║School		│Detroit Mercy	║
╚═══════════════╧═══════════════╝
Willie Green;;12:40;2;3;0;1;0;0;0;2;2;2;0;0;1;1;4;
Willie Green;;9:26;0;2;0;0;0;0;0;1;1;0;0;0;0;1;0;
Willie Green;;21:18;4;8;0;2;0;0;1;1;2;2;1;0;4;2;8;
Willie Green;;18:08;4;7;3;4;0;0;0;1;1;0;0;1;0;2;11;
Willie Green;;15:05;2;5;1;4;2;2;0;1;1;1;1;0;2;2;7;
Willie Green;;8:58;1;3;1;1;0;0;0;1;1;3;0;0;0;0;3;
Willie Green;;5:41;2;3;0;0;0;0;0;0;0;0;0;0;0;0;4;
Willie Green;;12:21;3;4;0;1;0;0;0;2;2;0;0;0;0;4;6;
Willie Green;;18:45;5;6;1;1;2;2;1;1;2;5;2;0;0;5;13;
Willie Green;;10:38;0;6;0;1;0;0;1;0;1;1;0;0;0;1;0;
Willie Green;;15:29;1;4;0;1;0;0;0;0;0;2;0;0;3;4;2;
Willie Green;;13:54;2;2;0;0;0;0;0;0;0;2;0;1;0;1;4;
Willie Green;;12:05;1;3;0;2;0;0;0;0;0;1;1;1;0;3;2;
Willie Green;;11:03;0;1;0;0;2;2;0;1;1;0;1;0;2;3;2;
Willie Green;;18:48;4;7;2;3;2;2;0;3;3;0;0;0;0;2;12;
Willie Green;;12:52;1;7;1;5;2;2;0;1;1;2;0;0;0;0;5;
Willie Green;;3:25;0;2;0;0;0;0;0;0;0;0;0;0;0;0;0;
Willie Green;;3:38;0;2;0;1;0;0;0;0;0;0;1;0;0;0;0;
Willie Green;;7:47;0;3;0;0;0;0;0;1;1;1;0;0;0;3;0;
Willie Green;;28:44;2;6;1;3;0;0;0;3;3;1;2;0;0;2;5;
Willie Green;;12:37;2;3;1;2;0;0;0;0;0;0;0;0;0;3;5;
Willie Green;;27:34;3;9;1;3;2;2;1;5;6;2;0;0;2;1;9;
Willie Green;;9:47;1;2;1;2;0;0;0;0;0;0;0;0;0;0;3;
Willie Green;;15:04;0;3;0;0;0;0;0;1;1;0;1;0;1;2;0;
Willie Green;;22:10;5;6;3;4;0;0;0;1;1;1;0;2;1;2;13;
Willie Green;;19:04;4;9;3;6;1;2;0;1;1;1;1;0;1;4;12;
Willie Green;G;36:10;4;13;2;8;0;0;2;2;4;2;0;0;1;3;10;
Willie Green;G;30:12;3;7;2;5;0;0;0;3;3;3;1;1;0;3;8;
Willie Green;;2:55;0;0;0;0;0;0;0;0;0;0;0;0;0;0;0;
Willie Green;;16:01;1;4;0;3;0;0;0;1;1;1;1;0;2;1;2;
Willie Green;;14:37;3;9;0;4;0;0;0;0;0;1;0;0;1;3;6;
Willie Green;;17:13;2;4;1;1;0;0;0;0;0;0;1;0;0;1;5;
Willie Green;;5:35;0;0;0;0;0;0;0;1;1;1;0;0;1;1;0;
Willie Green;;23:11;3;8;1;2;1;2;1;3;4;0;0;0;0;4;8;
Willie Green;;12:32;0;2;0;0;0;0;2;1;3;0;1;0;0;2;0;
Willie Green;;14:04;2;4;1;2;0;0;0;0;0;2;0;0;2;3;5;
Willie Green;;4:14;1;2;0;0;0;0;0;0;0;0;0;0;0;2;2;
Willie Green;;6:15;1;2;0;0;0;0;0;2;2;0;0;0;0;0;2;
Willie Green;;15:07;0;1;0;1;0;0;0;1;1;0;0;0;0;0;0;
Willie Green;G;14:57;1;5;0;3;0;0;0;0;0;0;0;0;0;0;2;
Willie Green;G;17:44;3;9;1;2;2;2;0;0;0;0;1;0;0;1;9;
Willie Green;G;20:44;2;8;0;1;1;2;0;1;1;0;0;1;0;3;5;
Willie Green;G;25:44;4;13;2;8;1;2;1;3;4;1;0;1;2;2;11;
Willie Green;G;35:27;3;11;1;6;2;2;0;5;5;2;1;1;1;3;9;
Willie Green;G;19:08;3;6;2;3;0;0;0;1;1;0;0;1;0;2;8;
Willie Green;G;23:28;2;6;1;4;3;4;0;1;1;2;0;0;2;1;8;
Willie Green;;21:29;0;3;0;1;0;0;0;0;0;2;0;0;0;2;0;
Willie Green;;25:41;4;5;3;4;0;0;0;3;3;2;1;0;2;2;11;
Willie Green;;22:36;3;7;2;4;2;2;0;1;1;1;0;1;0;0;10;
Willie Green;;15:12;1;6;0;3;1;2;0;2;2;3;0;0;0;1;3;
Willie Green;;11:25;2;5;1;3;0;0;0;0;0;0;1;0;0;2;5;
Willie Green;;11:37;1;2;1;2;2;2;0;2;2;0;0;0;0;3;5;
Willie Green;;8:27;0;1;0;0;0;0;1;0;1;0;0;0;0;0;0;
Willie Green;;10:52;1;5;0;1;0;0;0;1;1;0;1;0;0;1;2;
Willie Green;;19:26;3;7;1;3;0;0;1;5;6;0;2;0;3;2;7;
