╔═══════════════╤═══════════════╗
║Name		│Will Barton	║
╟───────────────┼───────────────╢
║Number		│5		║
╟───────────────┼───────────────╢
║Position	│G		║
╟───────────────┼───────────────╢
║Height		│6-6		║
╟───────────────┼───────────────╢
║Weight		│175		║
╟───────────────┼───────────────╢
║Birth		│JAN 06, 1991	║
╟───────────────┼───────────────╢
║Age		│23		║
╟───────────────┼───────────────╢
║Exp		│1		║
╟───────────────┼───────────────╢
║School		│Memphis	║
╚═══════════════╧═══════════════╝
Will Barton;;8:47;4;5;2;2;0;0;1;2;3;1;0;0;0;0;10;
Will Barton;;8:49;1;3;1;2;0;0;0;0;0;0;0;0;0;1;3;
Will Barton;;1:13;0;1;0;1;0;0;0;0;0;0;0;0;0;0;0;
Will Barton;;8:25;1;3;1;2;2;2;1;0;1;0;0;0;1;0;5;
Will Barton;;3:41;1;1;0;0;0;0;0;2;2;1;1;0;0;0;2;
Will Barton;;0:56;1;1;0;0;0;0;0;0;0;0;0;0;0;0;2;
Will Barton;;1:35;0;2;0;1;0;0;0;1;1;0;0;0;0;0;0;
Will Barton;;1:32;0;2;0;0;0;0;1;0;1;0;0;0;0;0;0;
Will Barton;;17:36;3;5;0;0;2;2;1;1;2;0;1;0;0;2;8;
Will Barton;;14:46;2;6;1;3;0;0;0;0;0;1;1;0;0;3;5;
Will Barton;;7:12;0;2;0;0;0;0;0;0;0;0;0;0;2;0;0;
Will Barton;;28:25;8;13;0;2;4;4;3;8;11;4;0;1;1;2;20;
Will Barton;;12:56;2;2;1;1;2;2;0;0;0;0;0;0;2;1;7;
Will Barton;;4:58;0;1;0;0;0;0;0;0;0;0;0;1;0;0;0;
Will Barton;;12:00;4;7;1;2;0;0;0;0;0;0;0;0;1;3;9;
Will Barton;;0:55;0;0;0;0;0;0;0;1;1;1;0;0;0;0;0;
Will Barton;;5:47;3;4;0;0;0;0;0;1;1;0;0;0;1;1;6;
Will Barton;;16:47;1;7;0;1;0;0;0;1;1;3;0;0;1;1;2;
Will Barton;;16:14;2;8;0;1;2;2;2;5;7;2;0;0;0;1;6;
Will Barton;;11:15;1;1;0;0;1;1;0;1;1;1;0;0;0;0;3;
Will Barton;;12:42;1;3;0;0;1;2;0;0;0;0;1;0;0;2;3;
Will Barton;;4:33;0;0;0;0;0;0;0;0;0;0;0;0;0;1;0;
Will Barton;;9:34;2;4;0;1;0;0;0;2;2;1;0;1;0;0;4;
Will Barton;;15:42;3;8;0;0;1;2;1;8;9;4;1;1;0;0;7;
Will Barton;;16:07;1;5;0;1;0;1;0;2;2;1;0;0;0;2;2;
Will Barton;;9:48;0;2;0;0;0;0;0;1;1;1;0;1;0;1;0;
Will Barton;;8:47;2;5;0;0;0;0;1;1;2;0;0;0;0;0;4;
Will Barton;;11:16;4;7;0;0;0;0;2;3;5;1;0;0;2;1;8;
Will Barton;;8:56;1;2;0;1;0;0;0;0;0;0;0;0;0;1;2;
Will Barton;;5:15;0;1;0;0;0;0;0;1;1;0;0;0;0;0;0;
Will Barton;;13:13;2;6;0;1;1;2;0;0;0;0;0;1;1;1;5;
Will Barton;;10:44;3;4;0;0;2;2;0;3;3;1;1;1;0;0;8;
Will Barton;;35:24;7;20;3;7;6;8;2;8;10;2;1;0;2;2;23;
Will Barton;;1:22;0;1;0;0;0;0;0;0;0;0;0;0;0;0;0;
Will Barton;;1:11;0;1;0;1;0;0;0;0;0;1;0;0;0;0;0;
Will Barton;;1:24;0;1;0;0;0;0;0;0;0;0;0;0;0;0;0;
Will Barton;;0:59;1;1;0;0;0;0;0;0;0;0;0;0;0;1;2;
Will Barton;;7:16;0;0;0;0;0;0;0;2;2;1;0;0;1;1;0;
Will Barton;;5:13;1;1;0;0;2;2;0;0;0;0;0;0;0;0;4;
Will Barton;;12:00;2;7;0;2;0;0;0;2;2;4;0;0;1;1;4;
Will Barton;;11:25;1;3;0;1;0;0;1;2;3;2;2;0;2;2;2;
