╔═══════════════╤═══════════════╗
║Name		│Will Bynum	║
╟───────────────┼───────────────╢
║Number		│12		║
╟───────────────┼───────────────╢
║Position	│G		║
╟───────────────┼───────────────╢
║Height		│6-0		║
╟───────────────┼───────────────╢
║Weight		│185		║
╟───────────────┼───────────────╢
║Birth		│JAN 04, 1983	║
╟───────────────┼───────────────╢
║Age		│31		║
╟───────────────┼───────────────╢
║Exp		│6		║
╟───────────────┼───────────────╢
║School		│Georgia Tech	║
╚═══════════════╧═══════════════╝
Will Bynum;;21:18;3;11;1;4;0;0;1;1;2;4;0;0;2;0;7;
Will Bynum;;23:07;4;10;0;0;2;2;1;3;4;3;1;0;2;4;10;
Will Bynum;;13:44;2;7;0;0;0;0;0;1;1;4;1;0;1;4;4;
Will Bynum;;33:56;6;11;1;3;3;4;1;7;8;3;1;2;5;4;16;
Will Bynum;;23:06;6;11;0;0;4;4;1;1;2;1;2;0;1;3;16;
Will Bynum;;20:06;2;6;0;0;0;0;0;0;0;4;0;0;3;4;4;
Will Bynum;;19:49;3;7;0;0;1;1;0;2;2;6;0;0;1;3;7;
Will Bynum;;17:02;5;6;0;1;1;1;0;0;0;1;0;1;2;3;11;
Will Bynum;;11:01;1;2;0;0;0;0;0;0;0;1;2;0;2;1;2;
Will Bynum;;11:11;1;2;1;1;2;2;0;0;0;3;0;0;0;1;5;
Will Bynum;;15:22;3;7;1;3;0;0;1;0;1;3;0;1;3;2;7;
Will Bynum;;22:59;2;5;0;1;2;4;1;0;1;6;0;0;1;1;6;
Will Bynum;;14:45;1;2;1;2;2;2;0;2;2;2;0;0;2;1;5;
Will Bynum;;3:08;0;2;0;0;0;0;0;0;0;0;2;0;1;0;0;
Will Bynum;;15:35;4;8;0;0;0;0;0;0;0;2;2;0;0;2;8;
Will Bynum;;20:08;5;10;0;2;2;2;0;2;2;4;1;0;2;4;12;
Will Bynum;;20:05;4;10;0;2;1;2;0;0;0;6;1;0;0;2;9;
Will Bynum;;20:55;5;9;1;1;3;5;0;2;2;8;0;0;2;2;14;
Will Bynum;;22:54;4;7;0;1;1;1;0;2;2;7;0;1;2;2;9;
Will Bynum;;31:33;7;12;0;0;3;4;2;2;4;8;0;0;2;5;17;
Will Bynum;;16:20;4;11;0;1;0;0;2;1;3;4;0;0;2;3;8;
Will Bynum;;30:37;9;18;0;0;0;0;0;1;1;9;0;0;4;3;18;
Will Bynum;;20:24;6;10;0;1;0;0;3;1;4;5;2;0;3;1;12;
Will Bynum;;18:24;5;10;1;2;5;6;1;2;3;3;3;0;3;4;16;
Will Bynum;;16:15;1;11;0;1;2;2;0;0;0;2;0;0;1;1;4;
Will Bynum;;21:21;6;14;2;2;3;3;3;0;3;3;1;0;2;1;17;
Will Bynum;;21:50;4;9;0;0;10;12;0;2;2;2;1;0;3;1;18;
Will Bynum;;21:34;4;14;0;2;0;0;0;0;0;7;0;0;3;1;8;
Will Bynum;;21:45;4;9;2;4;2;3;0;1;1;7;0;0;3;2;12;
Will Bynum;;15:44;2;4;0;0;0;1;0;2;2;1;0;0;2;1;4;
Will Bynum;;22:29;4;8;1;1;3;4;1;1;2;10;0;0;1;0;12;
Will Bynum;;31:35;4;11;0;2;0;0;0;4;4;9;1;0;5;5;8;
Will Bynum;;23:51;2;7;1;2;1;1;0;2;2;10;2;0;2;4;6;
Will Bynum;;16:37;1;3;0;1;0;0;0;2;2;9;0;0;0;2;2;
Will Bynum;;6:46;0;1;0;0;2;2;1;0;1;2;0;0;1;0;2;
Will Bynum;;15:00;3;5;1;3;5;6;0;1;1;2;1;0;1;0;12;
Will Bynum;;18:23;2;11;0;2;1;1;0;2;2;2;0;0;5;1;5;
Will Bynum;;23:17;3;6;0;1;6;6;0;2;2;8;1;0;0;3;12;
Will Bynum;;12:53;1;5;0;0;0;0;0;1;1;0;1;0;1;2;2;
Will Bynum;G;38:05;7;13;1;2;4;6;0;1;1;5;2;1;4;4;19;
Will Bynum;G;32:29;7;11;1;1;3;5;0;2;2;6;0;0;3;5;18;
Will Bynum;G;17:04;2;5;0;2;0;0;1;0;1;4;1;0;1;2;4;
Will Bynum;;16:20;2;6;1;2;0;0;1;1;2;3;1;0;0;3;5;
Will Bynum;;12:35;2;7;0;0;4;4;0;1;1;0;0;0;0;1;8;
Will Bynum;;16:22;3;7;0;0;2;2;1;1;2;6;2;0;3;2;8;
Will Bynum;;20:58;4;8;0;0;6;10;0;4;4;4;3;0;1;3;14;
Will Bynum;;7:36;0;2;0;0;0;0;1;0;1;1;0;0;1;0;0;
Will Bynum;;12:38;1;4;0;2;3;4;0;1;1;2;1;0;2;3;5;
Will Bynum;;14:38;1;7;0;0;0;0;0;1;1;0;1;1;1;2;2;
Will Bynum;;10:42;3;6;0;0;1;2;0;4;4;1;0;0;2;0;7;
Will Bynum;;5:16;1;1;0;0;0;0;0;0;0;0;1;0;2;1;2;
Will Bynum;;13:19;2;6;1;1;0;0;0;1;1;2;0;0;1;1;5;
Will Bynum;;23:20;5;12;0;1;1;1;0;4;4;3;0;0;1;2;11;
Will Bynum;;19:55;8;13;1;3;1;1;0;2;2;2;1;0;3;3;18;
Will Bynum;;27:08;3;10;1;2;3;3;1;2;3;5;0;0;2;3;10;
Will Bynum;;8:56;0;0;0;0;2;2;0;0;0;1;0;0;0;3;2;
