╔═══════════════╤═══════════════╗
║Name		│Wilson Chandler║
╟───────────────┼───────────────╢
║Number		│21		║
╟───────────────┼───────────────╢
║Position	│F		║
╟───────────────┼───────────────╢
║Height		│6-8		║
╟───────────────┼───────────────╢
║Weight		│225		║
╟───────────────┼───────────────╢
║Birth		│MAY 10, 1987	║
╟───────────────┼───────────────╢
║Age		│27		║
╟───────────────┼───────────────╢
║Exp		│6		║
╟───────────────┼───────────────╢
║School		│DePaul		║
╚═══════════════╧═══════════════╝
Wilson Chandler;F;31:24;5;13;4;7;2;2;1;6;7;2;3;1;0;6;16;
Wilson Chandler;F;30:52;3;10;2;7;0;0;0;4;4;1;1;0;2;5;8;
Wilson Chandler;F;25:51;6;10;3;6;2;2;0;1;1;1;2;0;1;3;17;
Wilson Chandler;F;23:24;4;14;1;5;2;3;4;3;7;2;0;4;1;3;11;
Wilson Chandler;;21:19;4;10;2;5;2;3;3;2;5;1;1;0;0;1;12;
Wilson Chandler;F;39:04;6;17;3;7;7;8;0;6;6;1;1;3;1;2;22;
Wilson Chandler;F;35:17;7;17;5;12;4;6;0;4;4;4;0;1;2;6;23;
Wilson Chandler;F;40:21;7;18;3;12;0;0;1;7;8;0;0;0;0;6;17;
Wilson Chandler;F;32:33;7;11;1;2;3;4;0;3;3;0;1;1;4;5;18;
Wilson Chandler;F;33:50;8;15;4;8;5;9;0;6;6;3;0;0;1;5;25;
Wilson Chandler;F;34:29;6;16;3;7;5;6;0;4;4;5;1;0;1;5;20;
Wilson Chandler;F;31:39;3;10;2;5;1;1;1;4;5;3;0;0;1;5;9;
Wilson Chandler;F;34:22;4;10;2;5;0;0;2;3;5;4;1;0;2;2;10;
Wilson Chandler;F;33:29;3;8;1;5;7;8;1;1;2;1;0;0;0;4;14;
Wilson Chandler;F;35:26;11;19;1;6;1;2;1;2;3;1;0;1;4;2;24;
Wilson Chandler;F;32:19;6;13;2;6;3;3;2;5;7;0;2;0;3;1;17;
Wilson Chandler;F;32:47;6;13;6;10;2;3;2;2;4;5;0;0;1;3;20;
Wilson Chandler;F;29:39;6;19;2;8;3;4;4;1;5;2;0;1;0;2;17;
Wilson Chandler;G;29:50;4;10;4;7;0;0;1;7;8;0;0;0;1;2;12;
Wilson Chandler;F;36:32;4;15;2;9;5;8;1;3;4;3;0;0;1;3;15;
Wilson Chandler;G;31:59;6;8;3;3;0;0;1;5;6;1;0;0;1;1;15;
Wilson Chandler;G;31:09;2;6;0;1;0;0;0;0;0;1;0;1;1;3;4;
Wilson Chandler;F;29:56;2;7;2;6;0;0;0;2;2;3;1;0;0;5;6;
Wilson Chandler;F;25:57;3;12;1;5;0;0;2;6;8;1;0;0;1;3;7;
Wilson Chandler;F;34:26;4;12;2;7;4;6;0;3;3;3;0;0;1;5;14;
Wilson Chandler;F;37:34;11;22;2;11;1;3;1;9;10;2;1;0;3;5;25;
Wilson Chandler;F;32:26;6;17;3;7;6;8;2;3;5;1;2;0;2;3;21;
Wilson Chandler;F;27:38;8;11;3;4;0;1;0;5;5;2;1;0;0;3;19;
Wilson Chandler;F;45:42;6;14;2;4;0;0;1;6;7;3;1;1;3;4;14;
Wilson Chandler;F;31:11;3;13;2;10;1;1;0;3;3;3;0;0;1;0;9;
Wilson Chandler;F;31:26;8;17;3;7;2;3;3;7;10;0;0;0;0;3;21;
Wilson Chandler;F;21:52;2;8;1;4;1;1;0;3;3;2;0;0;2;4;6;
Wilson Chandler;F;28:07;5;10;2;5;0;0;0;1;1;1;0;0;4;6;12;
Wilson Chandler;F;32:46;5;15;1;7;0;0;1;1;2;1;0;1;3;2;11;
Wilson Chandler;F;31:09;3;6;0;2;0;0;0;4;4;5;1;0;1;2;6;
Wilson Chandler;;20:32;3;7;1;2;2;2;0;2;2;2;2;1;2;4;9;
Wilson Chandler;;26:02;3;7;1;3;0;0;0;6;6;2;0;0;3;4;7;
Wilson Chandler;;30:42;2;5;0;2;2;2;1;3;4;2;2;0;2;3;6;
Wilson Chandler;;21:10;4;11;4;7;0;0;1;4;5;0;2;0;0;3;12;
Wilson Chandler;;21:44;6;9;3;4;4;6;1;3;4;3;2;0;1;0;19;
Wilson Chandler;;28:34;5;10;2;6;2;2;0;3;3;1;0;0;0;2;14;
Wilson Chandler;F;32:17;3;12;1;6;1;3;1;2;3;2;2;2;0;2;8;
Wilson Chandler;F;27:14;0;2;0;1;0;0;0;3;3;3;1;0;2;1;0;
Wilson Chandler;F;30:01;4;15;1;9;1;2;1;3;4;3;1;0;2;3;10;
Wilson Chandler;F;18:47;4;6;1;2;2;2;0;1;1;1;1;0;1;4;11;
Wilson Chandler;F;31:55;6;10;0;1;2;2;1;3;4;2;2;1;1;3;14;
Wilson Chandler;F;33:26;4;9;2;4;3;4;0;4;4;1;1;1;2;4;13;
Wilson Chandler;F;30:22;2;6;1;3;0;0;0;2;2;3;2;0;0;3;5;
Wilson Chandler;F;26:08;3;8;1;3;0;0;1;5;6;0;0;1;1;3;7;
Wilson Chandler;F;33:00;5;13;2;7;1;1;2;6;8;1;1;2;0;3;13;
Wilson Chandler;F;33:13;2;7;0;4;3;4;1;7;8;1;0;0;1;3;7;
Wilson Chandler;F;25:41;4;8;2;4;0;0;1;3;4;1;0;0;0;1;10;
Wilson Chandler;F;35:19;7;10;3;6;0;0;2;6;8;1;0;2;2;1;17;
Wilson Chandler;F;32:47;7;16;2;7;1;2;3;4;7;3;2;2;1;4;17;
Wilson Chandler;F;32:22;7;14;2;4;3;4;1;4;5;3;0;1;2;4;19;
Wilson Chandler;F;30:39;6;15;1;4;0;1;0;2;2;3;0;0;0;5;13;
Wilson Chandler;F;32:03;5;14;2;6;3;4;2;5;7;3;1;0;1;1;15;
Wilson Chandler;F;30:17;8;15;2;8;1;2;0;6;6;0;2;1;0;1;19;
Wilson Chandler;F;32:31;4;12;1;5;1;2;0;2;2;0;0;1;4;3;10;
Wilson Chandler;F;37:27;7;20;3;9;5;6;2;7;9;1;1;0;0;2;22;
Wilson Chandler;F;33:49;6;14;3;6;4;6;1;3;4;2;0;1;1;3;19;
Wilson Chandler;F;41:03;6;17;1;6;0;0;1;5;6;2;1;0;1;3;13;
