╔═══════════════╤═══════════════╗
║Name		│Xavier Henry	║
╟───────────────┼───────────────╢
║Number		│7		║
╟───────────────┼───────────────╢
║Position	│F-G		║
╟───────────────┼───────────────╢
║Height		│6-6		║
╟───────────────┼───────────────╢
║Weight		│220		║
╟───────────────┼───────────────╢
║Birth		│MAR 15, 1991	║
╟───────────────┼───────────────╢
║Age		│23		║
╟───────────────┼───────────────╢
║Exp		│3		║
╟───────────────┼───────────────╢
║School		│Kansas		║
╚═══════════════╧═══════════════╝
Xavier Henry;;4:54;0;2;0;0;0;0;0;0;0;0;0;0;0;0;0;
Xavier Henry;;14:22;4;7;1;1;3;4;0;1;1;2;0;0;1;2;12;
Xavier Henry;;19:19;5;10;3;3;2;2;0;5;5;3;1;0;1;2;15;
Xavier Henry;;31:20;3;7;0;0;4;4;1;4;5;3;2;0;3;4;10;
Xavier Henry;;12:51;1;3;0;1;2;2;0;0;0;0;0;0;2;1;4;
Xavier Henry;;21:53;3;14;0;2;1;2;2;3;5;3;3;0;1;1;7;
Xavier Henry;;16:36;1;7;0;2;4;4;1;1;2;1;1;1;0;0;6;
Xavier Henry;;32:16;9;22;1;5;5;7;1;3;4;0;0;0;1;3;24;
Xavier Henry;;23:20;6;10;0;1;0;0;1;2;3;2;2;0;2;3;12;
Xavier Henry;;23:20;8;11;3;4;3;5;1;2;3;0;2;1;2;1;22;
Xavier Henry;;19:59;2;8;0;3;3;4;0;0;0;1;0;0;1;3;7;
Xavier Henry;;13:08;0;4;0;0;0;0;0;0;0;0;0;0;0;1;0;
Xavier Henry;;26:24;8;13;3;4;3;8;2;4;6;2;1;0;1;1;22;
Xavier Henry;;35:31;4;11;0;1;6;9;0;4;4;1;0;0;4;5;14;
Xavier Henry;;22:00;0;6;0;2;3;6;0;3;3;1;0;0;0;4;3;
Xavier Henry;F;25:56;5;11;2;4;6;8;0;0;0;1;0;0;1;1;18;
Xavier Henry;F;21:00;2;8;0;4;1;2;0;0;0;1;3;2;0;1;5;
Xavier Henry;;13:56;1;5;0;0;1;2;1;0;1;1;1;0;3;3;3;
Xavier Henry;;16:23;2;5;0;0;2;2;1;1;2;1;0;0;1;1;6;
Xavier Henry;;14:15;1;8;0;0;0;4;3;5;8;1;1;0;0;0;2;
Xavier Henry;;22:09;6;8;3;3;0;0;0;2;2;1;3;0;5;3;15;
Xavier Henry;;15:47;2;5;1;2;1;2;1;0;1;0;0;0;1;2;6;
Xavier Henry;;6:53;0;2;0;0;0;0;1;0;1;1;0;0;1;0;0;
Xavier Henry;;19:48;2;4;0;1;0;0;0;2;2;0;1;0;0;3;4;
Xavier Henry;;20:06;1;5;0;0;1;4;1;3;4;0;2;0;1;0;3;
Xavier Henry;;20:58;7;11;2;4;5;6;0;2;2;0;0;0;3;1;21;
Xavier Henry;;11:37;2;5;1;2;3;3;1;3;4;0;0;0;0;0;8;
Xavier Henry;;12:38;1;1;0;0;3;4;0;1;1;0;0;0;0;1;5;
Xavier Henry;;13:26;1;3;0;0;1;3;0;1;1;1;2;0;0;4;3;
Xavier Henry;;29:01;9;12;2;4;7;11;1;4;5;1;1;0;1;2;27;
Xavier Henry;;17:05;2;4;0;0;0;0;0;1;1;3;1;0;3;1;4;
Xavier Henry;;14:08;6;8;2;3;3;3;0;2;2;2;1;0;0;2;17;
Xavier Henry;;28:44;5;13;1;4;1;1;0;1;1;0;2;0;0;4;12;
Xavier Henry;;27:05;3;7;0;1;9;16;0;4;4;2;1;0;2;2;15;
Xavier Henry;;20:59;1;6;0;2;2;2;0;1;1;2;0;1;0;0;4;
Xavier Henry;;26:46;6;14;0;2;6;6;2;4;6;3;3;0;2;1;18;
Xavier Henry;;19:40;2;8;0;3;1;2;0;3;3;1;2;1;2;3;5;
Xavier Henry;G;41:54;8;19;1;3;4;6;0;4;4;4;3;0;3;1;21;
Xavier Henry;G;35:59;2;9;0;3;9;10;0;3;3;2;2;0;3;2;13;
Xavier Henry;G;34:11;3;12;0;2;7;14;1;5;6;0;1;1;1;3;13;
Xavier Henry;;25:57;5;8;0;1;4;7;2;3;5;2;2;0;4;3;14;
Xavier Henry;;30:07;5;7;2;3;0;2;1;1;2;2;0;0;0;4;12;
Xavier Henry;;4:26;0;2;0;1;0;0;0;1;1;0;0;0;1;0;0;
