╔═══════════════╤═══════════════╗
║Name		│Zach Randolph	║
╟───────────────┼───────────────╢
║Number		│50		║
╟───────────────┼───────────────╢
║Position	│F		║
╟───────────────┼───────────────╢
║Height		│6-9		║
╟───────────────┼───────────────╢
║Weight		│260		║
╟───────────────┼───────────────╢
║Birth		│JUL 16, 1981	║
╟───────────────┼───────────────╢
║Age		│32		║
╟───────────────┼───────────────╢
║Exp		│12		║
╟───────────────┼───────────────╢
║School		│Michigan State	║
╚═══════════════╧═══════════════╝
Zach Randolph;F;38:24;10;20;0;0;0;0;5;10;15;0;0;1;3;1;20;
Zach Randolph;F;38:04;10;18;0;0;5;7;5;8;13;2;0;0;1;1;25;
Zach Randolph;F;33:02;8;18;0;0;0;1;4;12;16;5;0;0;1;3;16;
Zach Randolph;F;40:48;7;18;0;0;3;4;3;5;8;1;0;0;1;4;17;
Zach Randolph;F;37:08;9;21;0;0;2;3;6;7;13;7;0;1;2;1;20;
Zach Randolph;F;34:23;5;10;0;0;8;9;2;10;12;3;0;0;1;3;18;
Zach Randolph;F;39:48;7;21;0;0;9;12;5;8;13;4;0;1;4;3;23;
Zach Randolph;F;26:29;2;10;0;0;2;2;1;3;4;1;0;0;2;2;6;
Zach Randolph;F;35:54;5;12;0;1;2;2;1;8;9;2;0;4;2;1;12;
Zach Randolph;F;37:32;10;19;0;0;3;4;10;10;20;3;0;0;3;2;23;
Zach Randolph;F;34:23;6;17;0;0;3;5;3;5;8;3;0;0;3;2;15;
Zach Randolph;F;30:52;7;16;0;1;1;3;7;10;17;3;0;0;4;3;15;
Zach Randolph;F;36:08;11;22;0;1;1;1;5;5;10;3;1;0;0;5;23;
Zach Randolph;F;36:12;8;16;0;1;2;2;3;4;7;2;4;0;1;3;18;
Zach Randolph;F;40:05;11;20;0;0;4;7;4;8;12;4;1;0;1;1;26;
Zach Randolph;F;33:40;8;19;0;0;7;8;6;4;10;3;0;0;1;1;23;
Zach Randolph;F;37:36;6;15;0;0;1;2;4;9;13;1;2;0;2;2;13;
Zach Randolph;F;40:06;10;16;0;0;5;8;2;7;9;4;0;1;2;3;25;
Zach Randolph;F;38:09;10;16;0;0;0;0;2;4;6;1;2;3;5;2;20;
Zach Randolph;F;36:57;6;16;0;1;2;3;2;6;8;2;0;0;3;4;14;
Zach Randolph;F;34:47;4;11;0;0;5;6;2;8;10;1;0;0;5;4;13;
Zach Randolph;F;36:53;8;14;0;2;4;5;1;4;5;2;0;0;2;1;20;
Zach Randolph;F;34:16;6;11;0;0;1;2;2;6;8;3;0;0;3;4;13;
Zach Randolph;F;30:50;9;17;0;0;3;4;0;11;11;2;1;0;1;3;21;
Zach Randolph;F;33:19;5;12;0;0;2;4;4;7;11;0;0;0;3;5;12;
Zach Randolph;F;28:14;6;14;0;0;1;2;3;4;7;3;1;0;2;1;13;
Zach Randolph;F;25:16;5;14;0;0;3;4;4;6;10;1;1;0;0;2;13;
Zach Randolph;F;37:05;11;17;0;0;1;2;7;7;14;3;4;0;2;0;23;
Zach Randolph;F;36:55;7;16;0;0;2;3;2;8;10;1;1;0;1;4;16;
Zach Randolph;F;36:18;5;13;0;0;0;0;2;9;11;2;0;0;1;1;10;
Zach Randolph;F;30:40;5;7;0;1;6;8;4;3;7;3;1;0;1;3;16;
Zach Randolph;F;37:34;8;19;0;0;2;3;7;5;12;4;1;0;1;4;18;
Zach Randolph;F;32:59;5;13;0;1;3;4;7;2;9;2;0;1;3;3;13;
Zach Randolph;F;32:37;7;13;0;1;2;4;2;6;8;1;1;1;2;0;16;
Zach Randolph;F;26:03;5;11;0;0;4;5;0;2;2;3;2;0;1;3;14;
Zach Randolph;F;36:04;8;16;0;0;5;7;5;6;11;3;1;0;3;1;21;
Zach Randolph;F;37:12;12;20;0;0;1;2;5;9;14;4;0;0;5;5;25;
Zach Randolph;F;35:36;7;18;0;0;4;4;4;9;13;1;0;0;1;2;18;
Zach Randolph;F;27:59;7;11;1;1;2;2;2;2;4;2;0;0;1;2;17;
Zach Randolph;F;36:11;8;18;0;0;6;6;6;7;13;3;0;0;3;2;22;
Zach Randolph;F;35:10;10;16;0;0;1;2;3;4;7;3;1;0;0;3;21;
Zach Randolph;F;35:47;10;17;0;0;1;2;4;3;7;3;2;0;4;4;21;
Zach Randolph;F;34:09;8;15;0;0;4;8;2;9;11;3;1;0;2;4;20;
Zach Randolph;F;26:54;1;8;0;0;2;2;2;3;5;3;0;1;2;2;4;
Zach Randolph;F;41:39;7;22;0;1;6;6;3;12;15;4;2;3;1;4;20;
Zach Randolph;F;23:36;3;9;0;0;2;3;3;3;6;0;1;0;4;3;8;
Zach Randolph;F;42:04;12;15;1;2;0;1;3;8;11;2;1;1;3;2;25;
Zach Randolph;F;29:25;4;12;0;0;2;2;4;7;11;4;1;2;2;2;10;
Zach Randolph;F;30:56;4;8;0;0;2;4;1;5;6;4;2;0;4;2;10;
Zach Randolph;F;38:46;15;25;0;0;2;2;3;6;9;2;1;0;1;3;32;
Zach Randolph;F;46:03;11;22;0;0;5;6;9;5;14;1;1;0;3;5;27;
Zach Randolph;F;25:44;1;6;0;0;0;0;2;5;7;1;0;1;1;1;2;
Zach Randolph;F;36:09;7;12;0;0;2;2;1;9;10;2;2;0;4;0;16;
Zach Randolph;F;34:42;9;17;0;1;3;4;5;9;14;2;1;0;2;4;21;
Zach Randolph;F;32:01;6;11;0;0;3;3;4;3;7;1;0;0;5;3;15;
Zach Randolph;F;7:53;1;1;0;0;0;0;0;0;0;1;0;0;2;1;2;
Zach Randolph;F;34:42;9;19;0;1;5;7;3;8;11;3;1;0;4;5;23;
Zach Randolph;F;27:03;6;12;0;0;0;0;2;4;6;1;0;0;2;1;12;
Zach Randolph;F;30:15;4;9;0;0;2;2;1;9;10;2;1;0;3;2;10;
Zach Randolph;F;35:44;11;18;0;0;6;6;3;8;11;2;0;0;1;3;28;
Zach Randolph;F;33:50;9;12;0;0;4;8;2;8;10;2;0;0;3;3;22;
Zach Randolph;F;36:24;10;16;0;0;6;7;5;10;15;2;2;0;0;4;26;
Zach Randolph;F;46:08;9;22;0;1;3;3;3;9;12;1;0;1;0;3;21;
Zach Randolph;F;39:35;5;15;0;0;6;8;2;8;10;3;1;0;4;3;16;
Zach Randolph;F;34:51;5;12;0;1;3;4;1;5;6;2;0;0;4;3;13;
Zach Randolph;F;35:12;5;16;0;0;3;4;3;5;8;2;1;0;2;4;13;
Zach Randolph;F;30:35;4;13;0;0;4;5;2;10;12;2;0;0;7;3;12;
Zach Randolph;F;33:43;6;13;0;1;3;4;1;5;6;4;1;1;0;3;15;
Zach Randolph;F;29:37;7;15;0;0;5;6;2;10;12;2;0;0;3;3;19;
Zach Randolph;F;30:49;5;12;0;0;7;12;1;7;8;1;2;0;2;2;17;
Zach Randolph;F;27:39;6;12;0;0;1;2;1;9;10;3;0;0;4;4;13;
Zach Randolph;F;38:59;7;19;0;0;6;8;5;7;12;5;1;0;3;5;20;
Zach Randolph;F;34:53;7;22;0;0;4;4;6;10;16;5;2;0;1;3;18;
Zach Randolph;F;31:30;5;18;0;1;4;6;6;3;9;3;0;0;2;3;14;
Zach Randolph;F;38:01;9;18;0;0;7;10;3;12;15;1;0;0;5;5;25;
Zach Randolph;F;36:14;8;14;0;0;6;6;1;9;10;7;1;0;2;0;22;
Zach Randolph;F;42:43;8;20;0;0;7;12;8;9;17;5;0;0;3;3;23;
Zach Randolph;F;30:34;8;15;0;0;4;4;1;5;6;5;1;0;0;2;20;
Zach Randolph;F;32:37;4;15;0;0;2;2;5;5;10;3;0;0;5;3;10;
