╔═══════════════╤═══════════════════════╗
║Name		│Zaza Pachulia		║
╟───────────────┼───────────────────────╢
║Number		│27			║
╟───────────────┼───────────────────────╢
║Position	│C			║
╟───────────────┼───────────────────────╢
║Height		│6-11			║
╟───────────────┼───────────────────────╢
║Weight		│275			║
╟───────────────┼───────────────────────╢
║Birth		│FEB 10, 1984		║
╟───────────────┼───────────────────────╢
║Age		│30			║
╟───────────────┼───────────────────────╢
║Exp		│10			║
╟───────────────┼───────────────────────╢
║School		│Tbilisi, Georgia	║
╚═══════════════╧═══════════════════════╝
Zaza Pachulia;;12:26;2;2;0;0;0;0;1;0;1;1;1;0;1;1;4;
Zaza Pachulia;;18:25;4;9;0;0;4;4;5;2;7;2;1;0;1;1;12;
Zaza Pachulia;;22:28;2;6;0;0;11;12;3;1;4;2;2;0;2;3;15;
Zaza Pachulia;;29:27;5;5;0;0;2;2;3;7;10;5;1;0;2;4;12;
Zaza Pachulia;C;31:52;3;8;0;0;2;2;5;3;8;4;2;0;3;3;8;
Zaza Pachulia;C;37:39;3;11;0;0;2;2;2;5;7;2;0;0;2;2;8;
Zaza Pachulia;C;15:41;2;3;0;0;2;4;0;2;2;0;0;0;1;1;6;
Zaza Pachulia;C;23:41;1;5;0;0;3;4;1;2;3;2;0;0;4;3;5;
Zaza Pachulia;C;27:00;1;5;0;0;8;10;4;5;9;2;2;0;2;3;10;
Zaza Pachulia;C;18:13;1;3;0;0;0;0;4;5;9;2;2;0;1;1;2;
Zaza Pachulia;C;25:39;1;8;0;0;0;0;5;1;6;2;0;0;0;2;2;
Zaza Pachulia;C;14:53;1;5;0;0;0;0;3;2;5;0;0;1;3;1;2;
Zaza Pachulia;C;25:39;3;4;0;0;8;8;2;4;6;5;0;1;1;2;14;
Zaza Pachulia;C;16:23;2;5;0;0;0;0;0;1;1;3;0;0;3;4;4;
Zaza Pachulia;C;30:14;3;8;0;0;0;1;3;4;7;4;0;0;1;2;6;
Zaza Pachulia;C;29:25;2;7;0;0;2;2;2;2;4;3;2;0;1;1;6;
Zaza Pachulia;C;17:11;2;5;0;0;0;0;3;2;5;0;1;1;0;1;4;
Zaza Pachulia;C;27:51;4;7;0;0;1;2;0;6;6;10;0;0;1;2;9;
Zaza Pachulia;C;23:09;2;6;0;0;0;0;1;4;5;1;1;0;3;2;4;
Zaza Pachulia;C;19:33;2;3;0;0;0;0;2;3;5;4;1;0;1;1;4;
Zaza Pachulia;C;38:21;3;9;0;0;2;4;3;6;9;3;3;0;2;1;8;
Zaza Pachulia;C;36:53;7;14;0;0;3;3;6;7;13;3;4;0;3;1;17;
Zaza Pachulia;C;25:35;3;4;0;0;0;0;0;2;2;4;1;0;3;2;6;
Zaza Pachulia;C;19:51;4;8;0;0;0;2;3;0;3;0;0;0;2;5;8;
Zaza Pachulia;C;35:17;7;11;0;0;0;0;3;3;6;8;1;0;1;2;14;
Zaza Pachulia;C;21:23;4;6;0;0;2;2;1;1;2;2;2;0;1;3;10;
Zaza Pachulia;C;18:02;2;6;0;0;0;0;1;5;6;1;1;0;2;3;4;
Zaza Pachulia;C;34:54;6;13;0;0;0;0;7;6;13;6;0;3;3;2;12;
Zaza Pachulia;C;25:27;3;5;0;0;2;2;6;10;16;4;0;0;0;2;8;
Zaza Pachulia;C;40:08;5;10;0;0;3;4;2;7;9;3;0;1;2;3;13;
Zaza Pachulia;C;8:56;0;1;0;0;0;0;0;0;0;1;0;0;1;4;0;
Zaza Pachulia;C;32:45;6;10;0;0;3;4;2;7;9;1;0;1;1;3;15;
Zaza Pachulia;C;29:59;6;13;0;0;4;5;5;3;8;4;1;0;1;4;16;
Zaza Pachulia;C;24:21;4;9;0;0;1;2;3;3;6;5;0;0;4;1;9;
Zaza Pachulia;C;16:42;3;5;0;0;0;0;1;3;4;3;0;1;1;2;6;
Zaza Pachulia;C;21:13;2;5;0;0;3;4;2;4;6;4;0;0;3;3;7;
Zaza Pachulia;;33:53;6;10;0;0;1;1;2;9;11;3;2;0;2;4;13;
Zaza Pachulia;;29:36;5;10;0;0;10;10;6;3;9;4;2;1;0;4;20;
Zaza Pachulia;;14:23;3;4;0;0;0;0;1;2;3;0;0;0;1;3;6;
Zaza Pachulia;C;40:55;2;4;0;0;10;10;4;5;9;7;0;0;3;2;14;
Zaza Pachulia;C;38:22;1;6;0;0;2;3;2;5;7;1;3;1;3;4;4;
Zaza Pachulia;C;17:57;1;4;0;0;1;1;1;4;5;0;0;0;3;1;3;
Zaza Pachulia;F;24:42;2;14;0;0;0;0;9;2;11;1;0;0;0;0;4;
Zaza Pachulia;C;36:40;3;13;0;1;1;1;3;10;13;3;2;0;3;3;7;
Zaza Pachulia;C;28:20;4;10;0;0;3;4;4;4;8;0;1;1;3;3;11;
Zaza Pachulia;C;34:14;3;8;0;0;1;1;3;3;6;0;0;0;2;1;7;
Zaza Pachulia;C;11:50;0;2;0;0;0;0;0;4;4;0;1;0;0;0;0;
Zaza Pachulia;C;17:25;2;3;0;0;4;4;0;1;1;2;1;0;1;3;8;
Zaza Pachulia;C;36:13;1;2;0;0;1;2;7;3;10;2;1;0;3;5;3;
Zaza Pachulia;C;16:57;2;4;0;0;2;2;0;3;3;3;1;0;1;2;6;
Zaza Pachulia;;22:17;0;4;0;0;2;2;2;3;5;3;0;1;2;5;2;
Zaza Pachulia;;18:03;3;5;0;0;2;2;2;2;4;1;0;1;1;2;8;
Zaza Pachulia;;6:12;0;2;0;0;2;2;1;1;2;0;2;0;1;1;2;
